5.381000000000000000e+03 6.965721205237511741e-05
5.382000000000000000e+03 9.690771924078968715e-05
5.383000000000000000e+03 1.241666010116275541e-04
5.384000000000000000e+03 1.514340507503190005e-04
5.385000000000000000e+03 1.787102799917325731e-04
5.386000000000000000e+03 2.059948677602501917e-04
5.387000000000000000e+03 2.332880054072648931e-04
5.388000000000000000e+03 2.605903154208311610e-04
5.389000000000000000e+03 2.879002700560630745e-04
5.390000000000000000e+03 3.152190592450701588e-04
5.391000000000000000e+03 3.425302012055230698e-04
5.392000000000000000e+03 3.698455050945291837e-04
5.393000000000000000e+03 3.971679868846267813e-04
5.394000000000000000e+03 4.244953481543889385e-04
5.395000000000000000e+03 4.518289117108938852e-04
5.396000000000000000e+03 4.791683614578762479e-04
5.397000000000000000e+03 5.065124201044448075e-04
5.398000000000000000e+03 5.338634449567252003e-04
5.399000000000000000e+03 5.612195321656800748e-04
5.400000000000000000e+03 5.885814940010737932e-04
5.401000000000000000e+03 6.160012380778746074e-04
5.402000000000000000e+03 6.434313928636230077e-04
5.403000000000000000e+03 6.708711599161317363e-04
5.404000000000000000e+03 6.983211238881989729e-04
5.405000000000000000e+03 7.257805649791934004e-04
5.406000000000000000e+03 7.532521489357083206e-04
5.407000000000000000e+03 7.807330474600244433e-04
5.408000000000000000e+03 8.082222411413184354e-04
5.409000000000000000e+03 8.357247114767286976e-04
5.410000000000000000e+03 8.632352782286261848e-04
5.411000000000000000e+03 8.907359587818549371e-04
5.412000000000000000e+03 9.182478135521934598e-04
5.413000000000000000e+03 9.457677146068354298e-04
5.414000000000000000e+03 9.732953494592948328e-04
5.415000000000000000e+03 1.000834421938208690e-03
5.416000000000000000e+03 1.028380136167545951e-03
5.417000000000000000e+03 1.055934740414115345e-03
5.418000000000000000e+03 1.083499604097883182e-03
5.419000000000000000e+03 1.111068178588973032e-03
5.420000000000000000e+03 1.138650963834468999e-03
5.421000000000000000e+03 1.259278691525116860e-03
5.422000000000000000e+03 1.379937624036073167e-03
5.423000000000000000e+03 1.500618543931775276e-03
5.424000000000000000e+03 1.621322273796920376e-03
5.425000000000000000e+03 1.742046233963246262e-03
5.426000000000000000e+03 1.862796737328882742e-03
5.427000000000000000e+03 1.983579008393645659e-03
5.428000000000000000e+03 2.104378502753272238e-03
5.429000000000000000e+03 2.225202481056546937e-03
5.430000000000000000e+03 2.346053592779663750e-03
5.431000000000000000e+03 2.467068571236910417e-03
5.432000000000000000e+03 2.588121960123607439e-03
5.433000000000000000e+03 2.709210334595792569e-03
5.434000000000000000e+03 2.830340022373139565e-03
5.435000000000000000e+03 2.951504388375647374e-03
5.436000000000000000e+03 3.072706664380669538e-03
5.437000000000000000e+03 3.193954482300007808e-03
5.438000000000000000e+03 3.315228132720615672e-03
5.439000000000000000e+03 3.436544717025186331e-03
5.440000000000000000e+03 3.557898680088109836e-03
5.441000000000000000e+03 3.880637734826917346e-03
5.442000000000000000e+03 4.203436575116156586e-03
5.443000000000000000e+03 4.526320444686166705e-03
5.444000000000000000e+03 4.849252539869910138e-03
5.445000000000000000e+03 5.172265762184402073e-03
5.446000000000000000e+03 5.495347333654193069e-03
5.447000000000000000e+03 5.818505695083941651e-03
5.448000000000000000e+03 6.141712194793862156e-03
5.449000000000000000e+03 6.464994242473169096e-03
5.450000000000000000e+03 6.788353464227648085e-03
5.451000000000000000e+03 7.283537065918876778e-03
5.452000000000000000e+03 7.778838942931632673e-03
5.453000000000000000e+03 8.274317642878836754e-03
5.454000000000000000e+03 8.769923217503076962e-03
5.455000000000000000e+03 9.265674160518632893e-03
5.456000000000000000e+03 9.761571817177608704e-03
5.457000000000000000e+03 1.025762703064109389e-02
5.458000000000000000e+03 1.075381815480608468e-02
5.459000000000000000e+03 1.125015287966008026e-02
5.460000000000000000e+03 1.174663613676560185e-02
5.461000000000000000e+03 1.251793419749915211e-02
5.462000000000000000e+03 1.328936786415292441e-02
5.463000000000000000e+03 1.406095300416393239e-02
5.464000000000000000e+03 1.483265572579273682e-02
5.465000000000000000e+03 1.560447184903247970e-02
5.466000000000000000e+03 1.637644347991115343e-02
5.467000000000000000e+03 1.714855076230251477e-02
5.468000000000000000e+03 1.792076700591172661e-02
5.469000000000000000e+03 1.869311819215887030e-02
5.470000000000000000e+03 1.946559732000031906e-02
5.471000000000000000e+03 2.058877755206579493e-02
5.472000000000000000e+03 2.171227727852223163e-02
5.473000000000000000e+03 2.283620856026895990e-02
5.474000000000000000e+03 2.396045836190223779e-02
5.475000000000000000e+03 2.508510830251939674e-02
5.476000000000000000e+03 2.621007393400599447e-02
5.477000000000000000e+03 2.733543548336963419e-02
5.478000000000000000e+03 2.846113872146994322e-02
5.479000000000000000e+03 2.958724418423313782e-02
5.480000000000000000e+03 3.071376018428472951e-02
5.481000000000000000e+03 3.190615059951467519e-02
5.482000000000000000e+03 3.309871423406857832e-02
5.483000000000000000e+03 3.429149629806137189e-02
5.484000000000000000e+03 3.548429572008729438e-02
5.485000000000000000e+03 3.667722596197686702e-02
5.486000000000000000e+03 3.787033196732139673e-02
5.487000000000000000e+03 3.906358262581635654e-02
5.488000000000000000e+03 4.025696361101384346e-02
5.489000000000000000e+03 4.145037824990905478e-02
5.490000000000000000e+03 4.264397701451660971e-02
5.491000000000000000e+03 4.347504588087564709e-02
5.492000000000000000e+03 4.430620121902151265e-02
5.493000000000000000e+03 4.513744283122096690e-02
5.494000000000000000e+03 4.596872241046916913e-02
5.495000000000000000e+03 4.680008612754956582e-02
5.496000000000000000e+03 4.763154090572368354e-02
5.497000000000000000e+03 4.846307967408399614e-02
5.498000000000000000e+03 4.929470960458251505e-02
5.499000000000000000e+03 5.012642337759429939e-02
5.500000000000000000e+03 5.095822460434668716e-02
5.501000000000000000e+03 5.247982510748570861e-02
5.502000000000000000e+03 5.400180499277953960e-02
5.503000000000000000e+03 5.552457038358844799e-02
5.504000000000000000e+03 5.704776781216319009e-02
5.505000000000000000e+03 5.857167412160897702e-02
5.506000000000000000e+03 6.009602116709460845e-02
5.507000000000000000e+03 6.162101467110620706e-02
5.508000000000000000e+03 6.314650884635278349e-02
5.509000000000000000e+03 6.467257538152565433e-02
5.510000000000000000e+03 6.619928831871875474e-02
5.511000000000000000e+03 6.866680206242398166e-02
5.512000000000000000e+03 7.113415077600421244e-02
5.513000000000000000e+03 7.360165999379338075e-02
5.514000000000000000e+03 7.606924182152657865e-02
5.515000000000000000e+03 7.853700720112846700e-02
5.516000000000000000e+03 8.100465110062997354e-02
5.517000000000000000e+03 8.347247915354349956e-02
5.518000000000000000e+03 8.594057836338425682e-02
5.519000000000000000e+03 8.840833731996200484e-02
5.520000000000000000e+03 9.087639942417327643e-02
5.521000000000000000e+03 9.309173276945738318e-02
5.522000000000000000e+03 9.530724580213202624e-02
5.523000000000000000e+03 9.752324432315238878e-02
5.524000000000000000e+03 9.973964568130677666e-02
5.525000000000000000e+03 1.019564278793772955e-01
5.526000000000000000e+03 1.041734578802735040e-01
5.527000000000000000e+03 1.063910289008232479e-01
5.528000000000000000e+03 1.086088340500955124e-01
5.529000000000000000e+03 1.108270294881508605e-01
5.530000000000000000e+03 1.130455986834885129e-01
5.531000000000000000e+03 1.150905819909555788e-01
5.532000000000000000e+03 1.171357262734847443e-01
5.533000000000000000e+03 1.191815128945526298e-01
5.534000000000000000e+03 1.212271786968509152e-01
5.535000000000000000e+03 1.232731338968032914e-01
5.536000000000000000e+03 1.253197331506194223e-01
5.537000000000000000e+03 1.273664971760524733e-01
5.538000000000000000e+03 1.294135922818231421e-01
5.539000000000000000e+03 1.314606845889544628e-01
5.540000000000000000e+03 1.335084178118137732e-01
5.541000000000000000e+03 1.352010775556656275e-01
5.542000000000000000e+03 1.368939611150599700e-01
5.543000000000000000e+03 1.385867431580731779e-01
5.544000000000000000e+03 1.402795647297878368e-01
5.545000000000000000e+03 1.419724253200890518e-01
5.546000000000000000e+03 1.436650128197961840e-01
5.547000000000000000e+03 1.453579679837749272e-01
5.548000000000000000e+03 1.470509941376701435e-01
5.549000000000000000e+03 1.487436802833595473e-01
5.550000000000000000e+03 1.504369806412431121e-01
5.551000000000000000e+03 1.523687822193595387e-01
5.552000000000000000e+03 1.543011545473607082e-01
5.553000000000000000e+03 1.562341546878680820e-01
5.554000000000000000e+03 1.581675704891084833e-01
5.555000000000000000e+03 1.601018021074522846e-01
5.556000000000000000e+03 1.620370269903069760e-01
5.557000000000000000e+03 1.639724126624916012e-01
5.558000000000000000e+03 1.659082656438140291e-01
5.559000000000000000e+03 1.678448824185995447e-01
5.560000000000000000e+03 1.697817224443355921e-01
5.561000000000000000e+03 1.715705136575138012e-01
5.562000000000000000e+03 1.733592722903712358e-01
5.563000000000000000e+03 1.751482015273861104e-01
5.564000000000000000e+03 1.769373013399575811e-01
5.565000000000000000e+03 1.787265583284087800e-01
5.566000000000000000e+03 1.805155534012266860e-01
5.567000000000000000e+03 1.823053920768870628e-01
5.568000000000000000e+03 1.840947308752516609e-01
5.569000000000000000e+03 1.858844401338645425e-01
5.570000000000000000e+03 1.876745399020323390e-01
5.571000000000000000e+03 1.894063564020118107e-01
5.572000000000000000e+03 1.911383039600159095e-01
5.573000000000000000e+03 1.928698840039618778e-01
5.574000000000000000e+03 1.946013952082853715e-01
5.575000000000000000e+03 1.963325301325409278e-01
5.576000000000000000e+03 1.980642746627550854e-01
5.577000000000000000e+03 1.997951527204797906e-01
5.578000000000000000e+03 2.015261999774545232e-01
5.579000000000000000e+03 2.032566327997048228e-01
5.580000000000000000e+03 2.049871592228656725e-01
5.581000000000000000e+03 2.061714587637699103e-01
5.582000000000000000e+03 2.073553934377793118e-01
5.583000000000000000e+03 2.085399067049235888e-01
5.584000000000000000e+03 2.097245824900082767e-01
5.585000000000000000e+03 2.109086320577207851e-01
5.586000000000000000e+03 2.120933124797703129e-01
5.587000000000000000e+03 2.132778500926646725e-01
5.588000000000000000e+03 2.144625292658805249e-01
5.589000000000000000e+03 2.156473179589630806e-01
5.590000000000000000e+03 2.168325080190689480e-01
5.591000000000000000e+03 2.172951337053545540e-01
5.592000000000000000e+03 2.177581621746017826e-01
5.593000000000000000e+03 2.182214972909498063e-01
5.594000000000000000e+03 2.186850257081180693e-01
5.595000000000000000e+03 2.191483706151358679e-01
5.596000000000000000e+03 2.196115629818652382e-01
5.597000000000000000e+03 2.200754084008183509e-01
5.598000000000000000e+03 2.205390682943129399e-01
5.599000000000000000e+03 2.210023256573924177e-01
5.600000000000000000e+03 2.214662052104670320e-01
5.601000000000000000e+03 2.227529721825649567e-01
5.602000000000000000e+03 2.240400003319237277e-01
5.603000000000000000e+03 2.253270193959828194e-01
5.604000000000000000e+03 2.266146181388329073e-01
5.605000000000000000e+03 2.279024775139915360e-01
5.606000000000000000e+03 2.291900481687410007e-01
5.607000000000000000e+03 2.304784591236375968e-01
5.608000000000000000e+03 2.317665748582441454e-01
5.609000000000000000e+03 2.330555544909707066e-01
5.610000000000000000e+03 2.343439168884292878e-01
5.611000000000000000e+03 2.356861626806446841e-01
5.612000000000000000e+03 2.370287508299113444e-01
5.613000000000000000e+03 2.383715199182830369e-01
5.614000000000000000e+03 2.397143408065174341e-01
5.615000000000000000e+03 2.410580917302354020e-01
5.616000000000000000e+03 2.424020198870923404e-01
5.617000000000000000e+03 2.437457022127157147e-01
5.618000000000000000e+03 2.450909804662695368e-01
5.619000000000000000e+03 2.464354405391920300e-01
5.620000000000000000e+03 2.477808980183353049e-01
5.621000000000000000e+03 2.497530491262710539e-01
5.622000000000000000e+03 2.517262224675897442e-01
5.623000000000000000e+03 2.536989391940010496e-01
5.624000000000000000e+03 2.556723900706924235e-01
5.625000000000000000e+03 2.576453936211480777e-01
5.626000000000000000e+03 2.596191595806885410e-01
5.627000000000000000e+03 2.615927822066185793e-01
5.628000000000000000e+03 2.635665307592342521e-01
5.629000000000000000e+03 2.655407621849483757e-01
5.630000000000000000e+03 2.675147835039507482e-01
5.631000000000000000e+03 2.686276769013679067e-01
5.632000000000000000e+03 2.697419981171562675e-01
5.633000000000000000e+03 2.708555746799802821e-01
5.634000000000000000e+03 2.719699817291032495e-01
5.635000000000000000e+03 2.730845532286348409e-01
5.636000000000000000e+03 2.741993094276114484e-01
5.637000000000000000e+03 2.753139208968617968e-01
5.638000000000000000e+03 2.764290658157519398e-01
5.639000000000000000e+03 2.775437314356135610e-01
5.640000000000000000e+03 2.786592225367507947e-01
5.641000000000000000e+03 2.797386457018281036e-01
5.642000000000000000e+03 2.808185965161023590e-01
5.643000000000000000e+03 2.818995631248364941e-01
5.644000000000000000e+03 2.829797348754318209e-01
5.645000000000000000e+03 2.840604167243493960e-01
5.646000000000000000e+03 2.851417397049110791e-01
5.647000000000000000e+03 2.862222105261716942e-01
5.648000000000000000e+03 2.873039647413198061e-01
5.649000000000000000e+03 2.883856344009943506e-01
5.650000000000000000e+03 2.894678650552632848e-01
5.651000000000000000e+03 2.897533085918470586e-01
5.652000000000000000e+03 2.900387679778224093e-01
5.653000000000000000e+03 2.903242431392513700e-01
5.654000000000000000e+03 2.906101467069245881e-01
5.655000000000000000e+03 2.908957188161681584e-01
5.656000000000000000e+03 2.911816548055438103e-01
5.657000000000000000e+03 2.914676506269919809e-01
5.658000000000000000e+03 2.917533356624857910e-01
5.659000000000000000e+03 2.920397346680480011e-01
5.660000000000000000e+03 2.923258665133228185e-01
5.661000000000000000e+03 2.931886403093711402e-01
5.662000000000000000e+03 2.940515473640593069e-01
5.663000000000000000e+03 2.949153806157944202e-01
5.664000000000000000e+03 2.957786216281523273e-01
5.665000000000000000e+03 2.966428373725761847e-01
5.666000000000000000e+03 2.975068121839020141e-01
5.667000000000000000e+03 2.983710105552564440e-01
5.668000000000000000e+03 2.992353657986584481e-01
5.669000000000000000e+03 3.001002364378134724e-01
5.670000000000000000e+03 3.009646135742737871e-01
5.671000000000000000e+03 3.021487388394909490e-01
5.672000000000000000e+03 3.033339988055440695e-01
5.673000000000000000e+03 3.045199022723118487e-01
5.674000000000000000e+03 3.057054707805990090e-01
5.675000000000000000e+03 3.068913841287389532e-01
5.676000000000000000e+03 3.080775733029317842e-01
5.677000000000000000e+03 3.092649614735492603e-01
5.678000000000000000e+03 3.104518426165572831e-01
5.679000000000000000e+03 3.116398827500651558e-01
5.680000000000000000e+03 3.128275258483905752e-01
5.681000000000000000e+03 3.127957544567104842e-01
5.682000000000000000e+03 3.127639980936209319e-01
5.683000000000000000e+03 3.127317896818704868e-01
5.684000000000000000e+03 3.127003202296061435e-01
5.685000000000000000e+03 3.126680952416673875e-01
5.686000000000000000e+03 3.126360954364541533e-01
5.687000000000000000e+03 3.126049742378165797e-01
5.688000000000000000e+03 3.125725609230655122e-01
5.689000000000000000e+03 3.125405827177310525e-01
5.690000000000000000e+03 3.125088994471422743e-01
5.691000000000000000e+03 3.121005356363080741e-01
5.692000000000000000e+03 3.116917287823535165e-01
5.693000000000000000e+03 3.112835492201095899e-01
5.694000000000000000e+03 3.108749033980734988e-01
5.695000000000000000e+03 3.104668820419654862e-01
5.696000000000000000e+03 3.100580011061535024e-01
5.697000000000000000e+03 3.096490957408499778e-01
5.698000000000000000e+03 3.092408119461391713e-01
5.699000000000000000e+03 3.088313259447472703e-01
5.700000000000000000e+03 3.084228519943539304e-01
5.701000000000000000e+03 3.076872920429873925e-01
5.702000000000000000e+03 3.069518793091854381e-01
5.703000000000000000e+03 3.062165191965825484e-01
5.704000000000000000e+03 3.054801378029856074e-01
5.705000000000000000e+03 3.047438546940216542e-01
5.706000000000000000e+03 3.040068957603865862e-01
5.707000000000000000e+03 3.032710966949946907e-01
5.708000000000000000e+03 3.025331737973238622e-01
5.709000000000000000e+03 3.017956849606189818e-01
5.710000000000000000e+03 3.010586921910348712e-01
5.711000000000000000e+03 3.017115509739632384e-01
5.712000000000000000e+03 3.023642416876816674e-01
5.713000000000000000e+03 3.030177343153718783e-01
5.714000000000000000e+03 3.036707192029675650e-01
5.715000000000000000e+03 3.043248947053482367e-01
5.716000000000000000e+03 3.049792892762707708e-01
5.717000000000000000e+03 3.056334246384058706e-01
5.718000000000000000e+03 3.062876865607040422e-01
5.719000000000000000e+03 3.069424869650644871e-01
5.720000000000000000e+03 3.075978283072715591e-01
5.721000000000000000e+03 3.088660603863275234e-01
5.722000000000000000e+03 3.101358146780544001e-01
5.723000000000000000e+03 3.114042546476842865e-01
5.724000000000000000e+03 3.126730207425847952e-01
5.725000000000000000e+03 3.139413455300645306e-01
5.726000000000000000e+03 3.152107054253039942e-01
5.727000000000000000e+03 3.164791790432819329e-01
5.728000000000000000e+03 3.177487230512581751e-01
5.729000000000000000e+03 3.190174247680412356e-01
5.730000000000000000e+03 3.202860392511122090e-01
5.731000000000000000e+03 3.217556593425515699e-01
5.732000000000000000e+03 3.232250388675126929e-01
5.733000000000000000e+03 3.246961038976790559e-01
5.734000000000000000e+03 3.261668768682897679e-01
5.735000000000000000e+03 3.276385435659681655e-01
5.736000000000000000e+03 3.291111091821345980e-01
5.737000000000000000e+03 3.305833716954410528e-01
5.738000000000000000e+03 3.320577948975875215e-01
5.739000000000000000e+03 3.335318903156322956e-01
5.740000000000000000e+03 3.350064955871771555e-01
5.741000000000000000e+03 3.358434764590329524e-01
5.742000000000000000e+03 3.366825247130188492e-01
5.743000000000000000e+03 3.375198835229928918e-01
5.744000000000000000e+03 3.383576580741883832e-01
5.745000000000000000e+03 3.391958514834964578e-01
5.746000000000000000e+03 3.400340362403037608e-01
5.747000000000000000e+03 3.408721361593979315e-01
5.748000000000000000e+03 3.417111688209658604e-01
5.749000000000000000e+03 3.425492784385246736e-01
5.750000000000000000e+03 3.433878394921715538e-01
5.751000000000000000e+03 3.432095202239865417e-01
5.752000000000000000e+03 3.430314552660218008e-01
5.753000000000000000e+03 3.428520354130347725e-01
5.754000000000000000e+03 3.426728958869832975e-01
5.755000000000000000e+03 3.424948775828761671e-01
5.756000000000000000e+03 3.423158627886573324e-01
5.757000000000000000e+03 3.421375852142651275e-01
5.758000000000000000e+03 3.419583630342117875e-01
5.759000000000000000e+03 3.417793681003511996e-01
5.760000000000000000e+03 3.416015407056894326e-01
5.761000000000000000e+03 3.413855409485497816e-01
5.762000000000000000e+03 3.411707520489772882e-01
5.763000000000000000e+03 3.409563847876596610e-01
5.764000000000000000e+03 3.407407644604671382e-01
5.765000000000000000e+03 3.405258957624027749e-01
5.766000000000000000e+03 3.403111186525248355e-01
5.767000000000000000e+03 3.400971415766166350e-01
5.768000000000000000e+03 3.398827488740749359e-01
5.769000000000000000e+03 3.396682952191821814e-01
5.770000000000000000e+03 3.394534271194724617e-01
5.771000000000000000e+03 3.396596646317867063e-01
5.772000000000000000e+03 3.398655843724044945e-01
5.773000000000000000e+03 3.400715399023735430e-01
5.774000000000000000e+03 3.402780121264216140e-01
5.775000000000000000e+03 3.404840647142665655e-01
5.776000000000000000e+03 3.406906091382177482e-01
5.777000000000000000e+03 3.408968347677149291e-01
5.778000000000000000e+03 3.411043138270880570e-01
5.779000000000000000e+03 3.413115253401523552e-01
5.780000000000000000e+03 3.415187227316650032e-01
5.781000000000000000e+03 3.420378003075210116e-01
5.782000000000000000e+03 3.425560448265961289e-01
5.783000000000000000e+03 3.430756969454904493e-01
5.784000000000000000e+03 3.435950253893017559e-01
5.785000000000000000e+03 3.441147446558963652e-01
5.786000000000000000e+03 3.446346767326823324e-01
5.787000000000000000e+03 3.451537959142766399e-01
5.788000000000000000e+03 3.456738454318697973e-01
5.789000000000000000e+03 3.461944172583234502e-01
5.790000000000000000e+03 3.467146371755815415e-01
5.791000000000000000e+03 3.481497996321371025e-01
5.792000000000000000e+03 3.495850564667861704e-01
5.793000000000000000e+03 3.510211597273896200e-01
5.794000000000000000e+03 3.524581927689058869e-01
5.795000000000000000e+03 3.538947940951997495e-01
5.796000000000000000e+03 3.553318769789501341e-01
5.797000000000000000e+03 3.567707404598062237e-01
5.798000000000000000e+03 3.582095643906421656e-01
5.799000000000000000e+03 3.596488771132435036e-01
5.800000000000000000e+03 3.610886521875805721e-01
5.801000000000000000e+03 3.610502499096044371e-01
5.802000000000000000e+03 3.610114689299345203e-01
5.803000000000000000e+03 3.609731136031901211e-01
5.804000000000000000e+03 3.609346208931147326e-01
5.805000000000000000e+03 3.608966875776835614e-01
5.806000000000000000e+03 3.608578130201623990e-01
5.807000000000000000e+03 3.608198728217284490e-01
5.808000000000000000e+03 3.607823308504458648e-01
5.809000000000000000e+03 3.607447852263286348e-01
5.810000000000000000e+03 3.607068075645159522e-01
5.811000000000000000e+03 3.606466623641687019e-01
5.812000000000000000e+03 3.605855818288739578e-01
5.813000000000000000e+03 3.605253591880454023e-01
5.814000000000000000e+03 3.604646295917808829e-01
5.815000000000000000e+03 3.604042491322587694e-01
5.816000000000000000e+03 3.603447522643282719e-01
5.817000000000000000e+03 3.602838127650453970e-01
5.818000000000000000e+03 3.602241307692705674e-01
5.819000000000000000e+03 3.601635946202832450e-01
5.820000000000000000e+03 3.601042616982347844e-01
5.821000000000000000e+03 3.600314364010090973e-01
5.822000000000000000e+03 3.599585954471915539e-01
5.823000000000000000e+03 3.598861124785810994e-01
5.824000000000000000e+03 3.598144674689106037e-01
5.825000000000000000e+03 3.597419524299751981e-01
5.826000000000000000e+03 3.596693414255083820e-01
5.827000000000000000e+03 3.595976209819776725e-01
5.828000000000000000e+03 3.595249245170871744e-01
5.829000000000000000e+03 3.594534911674259203e-01
5.830000000000000000e+03 3.593816148955055745e-01
5.831000000000000000e+03 3.600771277507797685e-01
5.832000000000000000e+03 3.607740170202659580e-01
5.833000000000000000e+03 3.614701467052789385e-01
5.834000000000000000e+03 3.621672297393971340e-01
5.835000000000000000e+03 3.628639533368264725e-01
5.836000000000000000e+03 3.635616618934580102e-01
5.837000000000000000e+03 3.642582012580041217e-01
5.838000000000000000e+03 3.649556463536707263e-01
5.839000000000000000e+03 3.656541370941289171e-01
5.840000000000000000e+03 3.663518333418379069e-01
5.841000000000000000e+03 3.672471404839358633e-01
5.842000000000000000e+03 3.681435603971925374e-01
5.843000000000000000e+03 3.690397329378889979e-01
5.844000000000000000e+03 3.699366136714751785e-01
5.845000000000000000e+03 3.708336843641240055e-01
5.846000000000000000e+03 3.717305044601692532e-01
5.847000000000000000e+03 3.726285052871643466e-01
5.848000000000000000e+03 3.735275830170814437e-01
5.849000000000000000e+03 3.744260251984417032e-01
5.850000000000000000e+03 3.753251038127259909e-01
5.851000000000000000e+03 3.754818281794735091e-01
5.852000000000000000e+03 3.756389003813726535e-01
5.853000000000000000e+03 3.757961538979570637e-01
5.854000000000000000e+03 3.759537836350840267e-01
5.855000000000000000e+03 3.761105098242265576e-01
5.856000000000000000e+03 3.762681688679885839e-01
5.857000000000000000e+03 3.764263161356677378e-01
5.858000000000000000e+03 3.765844785310715759e-01
5.859000000000000000e+03 3.767426560520780732e-01
5.860000000000000000e+03 3.769008765731167721e-01
5.861000000000000000e+03 3.765300117903583321e-01
5.862000000000000000e+03 3.761594449855090172e-01
5.863000000000000000e+03 3.757891468266127410e-01
5.864000000000000000e+03 3.754178112322661964e-01
5.865000000000000000e+03 3.750472432687530500e-01
5.866000000000000000e+03 3.746764427258421626e-01
5.867000000000000000e+03 3.743049670448374000e-01
5.868000000000000000e+03 3.739337851705441529e-01
5.869000000000000000e+03 3.735625090215027866e-01
5.870000000000000000e+03 3.731918553741349065e-01
5.871000000000000000e+03 3.727190343403058992e-01
5.872000000000000000e+03 3.722460440119516600e-01
5.873000000000000000e+03 3.717735440851776541e-01
5.874000000000000000e+03 3.713009288570593425e-01
5.875000000000000000e+03 3.708277876563526032e-01
5.876000000000000000e+03 3.703560099968422614e-01
5.877000000000000000e+03 3.698832406205033729e-01
5.878000000000000000e+03 3.694108747249928992e-01
5.879000000000000000e+03 3.689384200159779859e-01
5.880000000000000000e+03 3.684663119412576737e-01
5.881000000000000000e+03 3.690246939310771190e-01
5.882000000000000000e+03 3.695832253008227153e-01
5.883000000000000000e+03 3.701419059533960776e-01
5.884000000000000000e+03 3.707007905182467811e-01
5.885000000000000000e+03 3.712607285997499007e-01
5.886000000000000000e+03 3.718204616619218972e-01
5.887000000000000000e+03 3.723803178507090750e-01
5.888000000000000000e+03 3.729407372556557965e-01
5.889000000000000000e+03 3.735013908371243030e-01
5.890000000000000000e+03 3.740622788488540129e-01
5.891000000000000000e+03 3.746385863939588057e-01
5.892000000000000000e+03 3.752155326883427899e-01
5.893000000000000000e+03 3.757927592501081882e-01
5.894000000000000000e+03 3.763701275703365545e-01
5.895000000000000000e+03 3.769482766612035629e-01
5.896000000000000000e+03 3.775261233084444279e-01
5.897000000000000000e+03 3.781051706464289563e-01
5.898000000000000000e+03 3.786844178908605474e-01
5.899000000000000000e+03 3.792629423519936482e-01
5.900000000000000000e+03 3.798430917972648313e-01
5.901000000000000000e+03 3.798856037713704281e-01
5.902000000000000000e+03 3.799263249324120739e-01
5.903000000000000000e+03 3.799688391086959438e-01
5.904000000000000000e+03 3.800109064035562811e-01
5.905000000000000000e+03 3.800530308001267565e-01
5.906000000000000000e+03 3.800955763123909925e-01
5.907000000000000000e+03 3.801381229421272878e-01
5.908000000000000000e+03 3.801801666563599524e-01
5.909000000000000000e+03 3.802240876256680613e-01
5.910000000000000000e+03 3.802666376226683798e-01
5.911000000000000000e+03 3.797516570367584499e-01
5.912000000000000000e+03 3.792376305343498344e-01
5.913000000000000000e+03 3.787225740621448233e-01
5.914000000000000000e+03 3.782077724319511947e-01
5.915000000000000000e+03 3.776944195932926407e-01
5.916000000000000000e+03 3.771795108413968922e-01
5.917000000000000000e+03 3.766654641785058821e-01
5.918000000000000000e+03 3.761513620912563804e-01
5.919000000000000000e+03 3.756371215534496377e-01
5.920000000000000000e+03 3.751232671655587714e-01
5.921000000000000000e+03 3.748471025962043512e-01
5.922000000000000000e+03 3.745703103050761484e-01
5.923000000000000000e+03 3.742942678566071879e-01
5.924000000000000000e+03 3.740171301134658233e-01
5.925000000000000000e+03 3.737412353776782825e-01
5.926000000000000000e+03 3.734642735567495486e-01
5.927000000000000000e+03 3.731880576794128213e-01
5.928000000000000000e+03 3.729116259988477511e-01
5.929000000000000000e+03 3.726346773512639876e-01
5.930000000000000000e+03 3.723588546060438986e-01
5.931000000000000000e+03 3.718762312282499205e-01
5.932000000000000000e+03 3.713943078840379886e-01
5.933000000000000000e+03 3.709122360772082461e-01
5.934000000000000000e+03 3.704295530403478587e-01
5.935000000000000000e+03 3.699479998059970742e-01
5.936000000000000000e+03 3.694653998798179129e-01
5.937000000000000000e+03 3.689834641364624912e-01
5.938000000000000000e+03 3.685015124818086796e-01
5.939000000000000000e+03 3.680183011770575274e-01
5.940000000000000000e+03 3.675359125637654434e-01
5.941000000000000000e+03 3.680416523950553187e-01
5.942000000000000000e+03 3.685479819083525288e-01
5.943000000000000000e+03 3.690544694669072867e-01
5.944000000000000000e+03 3.695614677556249839e-01
5.945000000000000000e+03 3.700682450204493823e-01
5.946000000000000000e+03 3.705750718278524869e-01
5.947000000000000000e+03 3.710829823935721805e-01
5.948000000000000000e+03 3.715900722312078241e-01
5.949000000000000000e+03 3.720978388480365995e-01
5.950000000000000000e+03 3.726060656915300973e-01
5.951000000000000000e+03 3.736753577959199268e-01
5.952000000000000000e+03 3.747450016339791690e-01
5.953000000000000000e+03 3.758150245862821870e-01
5.954000000000000000e+03 3.768863108334550849e-01
5.955000000000000000e+03 3.779580365421825183e-01
5.956000000000000000e+03 3.790287576616490073e-01
5.957000000000000000e+03 3.801012484676443703e-01
5.958000000000000000e+03 3.811740679294803869e-01
5.959000000000000000e+03 3.822477477729467887e-01
5.960000000000000000e+03 3.833213932785244915e-01
5.961000000000000000e+03 3.841017270568389819e-01
5.962000000000000000e+03 3.848824190330104589e-01
5.963000000000000000e+03 3.856634692684293153e-01
5.964000000000000000e+03 3.864454154910977324e-01
5.965000000000000000e+03 3.872276654459002043e-01
5.966000000000000000e+03 3.880097927744952657e-01
5.967000000000000000e+03 3.887931608839372832e-01
5.968000000000000000e+03 3.895770049736275720e-01
5.969000000000000000e+03 3.903611543433374020e-01
5.970000000000000000e+03 3.911456945997349721e-01
5.971000000000000000e+03 3.908876556773911437e-01
5.972000000000000000e+03 3.906295772820867485e-01
5.973000000000000000e+03 3.903708881447534029e-01
5.974000000000000000e+03 3.901130732293023873e-01
5.975000000000000000e+03 3.898546191298016828e-01
5.976000000000000000e+03 3.895961538762802157e-01
5.977000000000000000e+03 3.893375349218069492e-01
5.978000000000000000e+03 3.890788761715557875e-01
5.979000000000000000e+03 3.888210301774359667e-01
5.980000000000000000e+03 3.885626031521021706e-01
5.981000000000000000e+03 3.880120391670285329e-01
5.982000000000000000e+03 3.874627554579777033e-01
5.983000000000000000e+03 3.869124273310030060e-01
5.984000000000000000e+03 3.863624138609976222e-01
5.985000000000000000e+03 3.858113037966713899e-01
5.986000000000000000e+03 3.852600864784374579e-01
5.987000000000000000e+03 3.847092113241389333e-01
5.988000000000000000e+03 3.841590688611694060e-01
5.989000000000000000e+03 3.836069941623834745e-01
5.990000000000000000e+03 3.830556803080025219e-01
5.991000000000000000e+03 3.820676367998931400e-01
5.992000000000000000e+03 3.810792702204196525e-01
5.993000000000000000e+03 3.800914124956798479e-01
5.994000000000000000e+03 3.791014284593484107e-01
5.995000000000000000e+03 3.781128915242927269e-01
5.996000000000000000e+03 3.771225953713272516e-01
5.997000000000000000e+03 3.761325270462017589e-01
5.998000000000000000e+03 3.751424081302796032e-01
5.999000000000000000e+03 3.741511173115630862e-01
6.000000000000000000e+03 3.731603756909807057e-01
6.001000000000000000e+03 3.735858887697498520e-01
6.002000000000000000e+03 3.740124459887979591e-01
6.003000000000000000e+03 3.744386581063265385e-01
6.004000000000000000e+03 3.748649608838765523e-01
6.005000000000000000e+03 3.752909165968784655e-01
6.006000000000000000e+03 3.757175095264492226e-01
6.007000000000000000e+03 3.761441931002721395e-01
6.008000000000000000e+03 3.765709672379767836e-01
6.009000000000000000e+03 3.769970353610525016e-01
6.010000000000000000e+03 3.774245119471469345e-01
6.011000000000000000e+03 3.781021226148507108e-01
6.012000000000000000e+03 3.787794357057094885e-01
6.013000000000000000e+03 3.794577755022914833e-01
6.014000000000000000e+03 3.801361778116966184e-01
6.015000000000000000e+03 3.808142541814508175e-01
6.016000000000000000e+03 3.814929188586717590e-01
6.017000000000000000e+03 3.821716734627642609e-01
6.018000000000000000e+03 3.828496818856155781e-01
6.019000000000000000e+03 3.835282237349659784e-01
6.020000000000000000e+03 3.842074129225465096e-01
6.021000000000000000e+03 3.856134152021332695e-01
6.022000000000000000e+03 3.870205229639659406e-01
6.023000000000000000e+03 3.884276688129715271e-01
6.024000000000000000e+03 3.898348477620990904e-01
6.025000000000000000e+03 3.912425385599407335e-01
6.026000000000000000e+03 3.926517121437245184e-01
6.027000000000000000e+03 3.940609173836943646e-01
6.028000000000000000e+03 3.954710694023156337e-01
6.029000000000000000e+03 3.968808455200659724e-01
6.030000000000000000e+03 3.982920316225008750e-01
6.031000000000000000e+03 3.987612415888340256e-01
6.032000000000000000e+03 3.992315796014974660e-01
6.033000000000000000e+03 3.997017125751129996e-01
6.034000000000000000e+03 4.001720172407624010e-01
6.035000000000000000e+03 4.006420569210742966e-01
6.036000000000000000e+03 4.011122381078628951e-01
6.037000000000000000e+03 4.015836107838768321e-01
6.038000000000000000e+03 4.020537544382432049e-01
6.039000000000000000e+03 4.025259970518294539e-01
6.040000000000000000e+03 4.029970379258708268e-01
6.041000000000000000e+03 4.031727814690961864e-01
6.042000000000000000e+03 4.033504824473848616e-01
6.043000000000000000e+03 4.035268326718820520e-01
6.044000000000000000e+03 4.037031493943480931e-01
6.045000000000000000e+03 4.038794618679510395e-01
6.046000000000000000e+03 4.040567963450802380e-01
6.047000000000000000e+03 4.042336578820257542e-01
6.048000000000000000e+03 4.044096058523658499e-01
6.049000000000000000e+03 4.045869874485549800e-01
6.050000000000000000e+03 4.047634845255584923e-01
6.051000000000000000e+03 4.047766983803773311e-01
6.052000000000000000e+03 4.047909002502911857e-01
6.053000000000000000e+03 4.048051212024360024e-01
6.054000000000000000e+03 4.048183045155005488e-01
6.055000000000000000e+03 4.048334148658647158e-01
6.056000000000000000e+03 4.048466071193814186e-01
6.057000000000000000e+03 4.048602587823744159e-01
6.058000000000000000e+03 4.048739002358340278e-01
6.059000000000000000e+03 4.048880009647144451e-01
6.060000000000000000e+03 4.049011525090723818e-01
6.061000000000000000e+03 4.044152989538505882e-01
6.062000000000000000e+03 4.039272707604180113e-01
6.063000000000000000e+03 4.034410212145516650e-01
6.064000000000000000e+03 4.029531568338396985e-01
6.065000000000000000e+03 4.024655779267081734e-01
6.066000000000000000e+03 4.019778459658385206e-01
6.067000000000000000e+03 4.014894084343646474e-01
6.068000000000000000e+03 4.010022707350450188e-01
6.069000000000000000e+03 4.005134694047217114e-01
6.070000000000000000e+03 4.000250373077480215e-01
6.071000000000000000e+03 3.999766489085729848e-01
6.072000000000000000e+03 3.999277477294627126e-01
6.073000000000000000e+03 3.998798099357536717e-01
6.074000000000000000e+03 3.998304914193022142e-01
6.075000000000000000e+03 3.997830037626515787e-01
6.076000000000000000e+03 3.997340779362299479e-01
6.077000000000000000e+03 3.996851315795347803e-01
6.078000000000000000e+03 3.996365982737444811e-01
6.079000000000000000e+03 3.995880731413846698e-01
6.080000000000000000e+03 3.995390360993633649e-01
6.081000000000000000e+03 3.997991648187075309e-01
6.082000000000000000e+03 4.000588500048079532e-01
6.083000000000000000e+03 4.003190458303461652e-01
6.084000000000000000e+03 4.005784210566748493e-01
6.085000000000000000e+03 4.008392629731318269e-01
6.086000000000000000e+03 4.010997476672312767e-01
6.087000000000000000e+03 4.013588303238437849e-01
6.088000000000000000e+03 4.016208904015615144e-01
6.089000000000000000e+03 4.018806192862132143e-01
6.090000000000000000e+03 4.021409181135677802e-01
6.091000000000000000e+03 4.015928520490416598e-01
6.092000000000000000e+03 4.010451697796527659e-01
6.093000000000000000e+03 4.004963359468803330e-01
6.094000000000000000e+03 3.999487808355356999e-01
6.095000000000000000e+03 3.993995854221383812e-01
6.096000000000000000e+03 3.988512326022148891e-01
6.097000000000000000e+03 3.983022227503449919e-01
6.098000000000000000e+03 3.977525867344841037e-01
6.099000000000000000e+03 3.972032152798023463e-01
6.100000000000000000e+03 3.966541923317361551e-01
6.101000000000000000e+03 3.953057115753999540e-01
6.102000000000000000e+03 3.939591375169230192e-01
6.103000000000000000e+03 3.926104809686701835e-01
6.104000000000000000e+03 3.912623568810932317e-01
6.105000000000000000e+03 3.899129559739914486e-01
6.106000000000000000e+03 3.885631849135911531e-01
6.107000000000000000e+03 3.872140771620500854e-01
6.108000000000000000e+03 3.858636185821672226e-01
6.109000000000000000e+03 3.845132893161688492e-01
6.110000000000000000e+03 3.831626975109372335e-01
6.111000000000000000e+03 3.831089189157569352e-01
6.112000000000000000e+03 3.830542595142433226e-01
6.113000000000000000e+03 3.830000172426223926e-01
6.114000000000000000e+03 3.829456950135516902e-01
6.115000000000000000e+03 3.828908238136838338e-01
6.116000000000000000e+03 3.828363693944979995e-01
6.117000000000000000e+03 3.827809801731992811e-01
6.118000000000000000e+03 3.827273310125943739e-01
6.119000000000000000e+03 3.826718374482723228e-01
6.120000000000000000e+03 3.826172012587079618e-01
6.121000000000000000e+03 3.835629947852791100e-01
6.122000000000000000e+03 3.845090614082954383e-01
6.123000000000000000e+03 3.854558174329377196e-01
6.124000000000000000e+03 3.864029876545904685e-01
6.125000000000000000e+03 3.873498760157700893e-01
6.126000000000000000e+03 3.882969816851558065e-01
6.127000000000000000e+03 3.892444443640868945e-01
6.128000000000000000e+03 3.901930789507727093e-01
6.129000000000000000e+03 3.911405839322435463e-01
6.130000000000000000e+03 3.920893191252526888e-01
6.131000000000000000e+03 3.933714926493435682e-01
6.132000000000000000e+03 3.946541066671676590e-01
6.133000000000000000e+03 3.959367058575724019e-01
6.134000000000000000e+03 3.972210859832094876e-01
6.135000000000000000e+03 3.985044802851206436e-01
6.136000000000000000e+03 3.997887729107219568e-01
6.137000000000000000e+03 4.010738819704838809e-01
6.138000000000000000e+03 4.023584517996318111e-01
6.139000000000000000e+03 4.036445046120223368e-01
6.140000000000000000e+03 4.049303914653739067e-01
6.141000000000000000e+03 4.063626437355049026e-01
6.142000000000000000e+03 4.077953633395477451e-01
6.143000000000000000e+03 4.092286382648426257e-01
6.144000000000000000e+03 4.106624101783452607e-01
6.145000000000000000e+03 4.120961166742316273e-01
6.146000000000000000e+03 4.135308808878419007e-01
6.147000000000000000e+03 4.149656356391026590e-01
6.148000000000000000e+03 4.164013627477524682e-01
6.149000000000000000e+03 4.178380970991640853e-01
6.150000000000000000e+03 4.192743085289472038e-01
6.151000000000000000e+03 4.196011169621722825e-01
6.152000000000000000e+03 4.199280166452662999e-01
6.153000000000000000e+03 4.202544043172396493e-01
6.154000000000000000e+03 4.205814259051793846e-01
6.155000000000000000e+03 4.209079649143623314e-01
6.156000000000000000e+03 4.212346247918791753e-01
6.157000000000000000e+03 4.215617383887892977e-01
6.158000000000000000e+03 4.218884589886862102e-01
6.159000000000000000e+03 4.222157852039891690e-01
6.160000000000000000e+03 4.225431422635606005e-01
6.161000000000000000e+03 4.222520631406677105e-01
6.162000000000000000e+03 4.219613268485125079e-01
6.163000000000000000e+03 4.216708717402547490e-01
6.164000000000000000e+03 4.213803946486139873e-01
6.165000000000000000e+03 4.210891707008195262e-01
6.166000000000000000e+03 4.207983174485785405e-01
6.167000000000000000e+03 4.205063868205083377e-01
6.168000000000000000e+03 4.202147965733868951e-01
6.169000000000000000e+03 4.199230339284936164e-01
6.170000000000000000e+03 4.196316101305038182e-01
6.171000000000000000e+03 4.184841225921249186e-01
6.172000000000000000e+03 4.173361891476734531e-01
6.173000000000000000e+03 4.161877799382580068e-01
6.174000000000000000e+03 4.150389546349978476e-01
6.175000000000000000e+03 4.138897129382058115e-01
6.176000000000000000e+03 4.127394042469094138e-01
6.177000000000000000e+03 4.115897728478614681e-01
6.178000000000000000e+03 4.104391044373190134e-01
6.179000000000000000e+03 4.092880487608251960e-01
6.180000000000000000e+03 4.081365176088404545e-01
6.181000000000000000e+03 4.083451475762486238e-01
6.182000000000000000e+03 4.085543560999344570e-01
6.183000000000000000e+03 4.087636465178820511e-01
6.184000000000000000e+03 4.089723750152379211e-01
6.185000000000000000e+03 4.091818290827915483e-01
6.186000000000000000e+03 4.093921560126698722e-01
6.187000000000000000e+03 4.096011298364727882e-01
6.188000000000000000e+03 4.098101559196741239e-01
6.189000000000000000e+03 4.100192049415931073e-01
6.190000000000000000e+03 4.102288636474913375e-01
6.191000000000000000e+03 4.102126177168261556e-01
6.192000000000000000e+03 4.101970184484363124e-01
6.193000000000000000e+03 4.101812150846044780e-01
6.194000000000000000e+03 4.101649731106525865e-01
6.195000000000000000e+03 4.101487031514232662e-01
6.196000000000000000e+03 4.101324052014376220e-01
6.197000000000000000e+03 4.101170465055584136e-01
6.198000000000000000e+03 4.101006924247058705e-01
6.199000000000000000e+03 4.100838121931070779e-01
6.200000000000000000e+03 4.100673728622929448e-01
6.201000000000000000e+03 4.109484406159151226e-01
6.202000000000000000e+03 4.118295673774000076e-01
6.203000000000000000e+03 4.127108706984986553e-01
6.204000000000000000e+03 4.135918191675067024e-01
6.205000000000000000e+03 4.144732979590002864e-01
6.206000000000000000e+03 4.153544196830595281e-01
6.207000000000000000e+03 4.162352111262422327e-01
6.208000000000000000e+03 4.171170695195094424e-01
6.209000000000000000e+03 4.179985083146322000e-01
6.210000000000000000e+03 4.188801223873377944e-01
6.211000000000000000e+03 4.193386216089418639e-01
6.212000000000000000e+03 4.197951482811091428e-01
6.213000000000000000e+03 4.202532362853523273e-01
6.214000000000000000e+03 4.207094365514686407e-01
6.215000000000000000e+03 4.211671401769935819e-01
6.216000000000000000e+03 4.216245158862461651e-01
6.217000000000000000e+03 4.220812612391032781e-01
6.218000000000000000e+03 4.225392738774547130e-01
6.219000000000000000e+03 4.229966859776927435e-01
6.220000000000000000e+03 4.234537976761458267e-01
6.221000000000000000e+03 4.239550388643549272e-01
6.222000000000000000e+03 4.244559839719834748e-01
6.223000000000000000e+03 4.249580564431457708e-01
6.224000000000000000e+03 4.254583154323733352e-01
6.225000000000000000e+03 4.259601575509329718e-01
6.226000000000000000e+03 4.264617320104377995e-01
6.227000000000000000e+03 4.269634333068088039e-01
6.228000000000000000e+03 4.274652918504643906e-01
6.229000000000000000e+03 4.279663004719827524e-01
6.230000000000000000e+03 4.284680141428846567e-01
6.231000000000000000e+03 4.282148840319309202e-01
6.232000000000000000e+03 4.279612223569075891e-01
6.233000000000000000e+03 4.277069995853736151e-01
6.234000000000000000e+03 4.274533138342884730e-01
6.235000000000000000e+03 4.271994939579583095e-01
6.236000000000000000e+03 4.269451140508430664e-01
6.237000000000000000e+03 4.266913004826010658e-01
6.238000000000000000e+03 4.264368970525270197e-01
6.239000000000000000e+03 4.261834235804645155e-01
6.240000000000000000e+03 4.259279033832933936e-01
6.241000000000000000e+03 4.256961135339890068e-01
6.242000000000000000e+03 4.254638006211715617e-01
6.243000000000000000e+03 4.252309351702858731e-01
6.244000000000000000e+03 4.249974272192765246e-01
6.245000000000000000e+03 4.247649119814169150e-01
6.246000000000000000e+03 4.245317845852772942e-01
6.247000000000000000e+03 4.242985900791779175e-01
6.248000000000000000e+03 4.240657815598793956e-01
6.249000000000000000e+03 4.238315166971098891e-01
6.250000000000000000e+03 4.235991468948180905e-01
6.251000000000000000e+03 4.242588729858031704e-01
6.252000000000000000e+03 4.249191139094649072e-01
6.253000000000000000e+03 4.255805684580633019e-01
6.254000000000000000e+03 4.262401154150035620e-01
6.255000000000000000e+03 4.269013324002377541e-01
6.256000000000000000e+03 4.275626434088082295e-01
6.257000000000000000e+03 4.282230422759888411e-01
6.258000000000000000e+03 4.288835624626247678e-01
6.259000000000000000e+03 4.295447849273633656e-01
6.260000000000000000e+03 4.302055792575211757e-01
6.261000000000000000e+03 4.304512868109566792e-01
6.262000000000000000e+03 4.306956060556222377e-01
6.263000000000000000e+03 4.309399148708628058e-01
6.264000000000000000e+03 4.311852870943451710e-01
6.265000000000000000e+03 4.314287157520795279e-01
6.266000000000000000e+03 4.316742828714512092e-01
6.267000000000000000e+03 4.319192566371902187e-01
6.268000000000000000e+03 4.321638205496680096e-01
6.269000000000000000e+03 4.324094812167031399e-01
6.270000000000000000e+03 4.326542089579584749e-01
6.271000000000000000e+03 4.325488836471813037e-01
6.272000000000000000e+03 4.324435234836383479e-01
6.273000000000000000e+03 4.323385589087144765e-01
6.274000000000000000e+03 4.322335283977932763e-01
6.275000000000000000e+03 4.321279709883389386e-01
6.276000000000000000e+03 4.320218563688830726e-01
6.277000000000000000e+03 4.319171197841031318e-01
6.278000000000000000e+03 4.318113651548784460e-01
6.279000000000000000e+03 4.317055141148121722e-01
6.280000000000000000e+03 4.315995973624716098e-01
6.281000000000000000e+03 4.313404390540707678e-01
6.282000000000000000e+03 4.310812440452976846e-01
6.283000000000000000e+03 4.308220123360703147e-01
6.284000000000000000e+03 4.305632335569966607e-01
6.285000000000000000e+03 4.303034082342970246e-01
6.286000000000000000e+03 4.300440664435057903e-01
6.287000000000000000e+03 4.297851155267635725e-01
6.288000000000000000e+03 4.295247233855966074e-01
6.289000000000000000e+03 4.292662783734184639e-01
6.290000000000000000e+03 4.290067285143208120e-01
6.291000000000000000e+03 4.273724219679101988e-01
6.292000000000000000e+03 4.257381997678958419e-01
6.293000000000000000e+03 4.241037560307552856e-01
6.294000000000000000e+03 4.224689696409669737e-01
6.295000000000000000e+03 4.208339306036863459e-01
6.296000000000000000e+03 4.191979831949242952e-01
6.297000000000000000e+03 4.175618461824446292e-01
6.298000000000000000e+03 4.159257544235230863e-01
6.299000000000000000e+03 4.142894094646752956e-01
6.300000000000000000e+03 4.126532207864526680e-01
6.301000000000000000e+03 4.112498645919350215e-01
6.302000000000000000e+03 4.098476766817926165e-01
6.303000000000000000e+03 4.084452506191099119e-01
6.304000000000000000e+03 4.070420951760588824e-01
6.305000000000000000e+03 4.056396552133745836e-01
6.306000000000000000e+03 4.042351375035948546e-01
6.307000000000000000e+03 4.028317637246752181e-01
6.308000000000000000e+03 4.014281802474827243e-01
6.309000000000000000e+03 4.000238473770344472e-01
6.310000000000000000e+03 3.986197606335445953e-01
6.311000000000000000e+03 3.980092747255578045e-01
6.312000000000000000e+03 3.973987038641005887e-01
6.313000000000000000e+03 3.967878222636475605e-01
6.314000000000000000e+03 3.961767709731119358e-01
6.315000000000000000e+03 3.955655498300230666e-01
6.316000000000000000e+03 3.949549991866156406e-01
6.317000000000000000e+03 3.943424295033720051e-01
6.318000000000000000e+03 3.937315638363044767e-01
6.319000000000000000e+03 3.931194932386735119e-01
6.320000000000000000e+03 3.925068071253519641e-01
6.321000000000000000e+03 3.932855606352211320e-01
6.322000000000000000e+03 3.940640320784373762e-01
6.323000000000000000e+03 3.948437024645208848e-01
6.324000000000000000e+03 3.956226138595754227e-01
6.325000000000000000e+03 3.964022221158496340e-01
6.326000000000000000e+03 3.971820513001820818e-01
6.327000000000000000e+03 3.979621014397460299e-01
6.328000000000000000e+03 3.987419203093840459e-01
6.329000000000000000e+03 3.995224115825533606e-01
6.330000000000000000e+03 4.003026415500110513e-01
6.331000000000000000e+03 4.024850653994316296e-01
6.332000000000000000e+03 4.046672068425589686e-01
6.333000000000000000e+03 4.068500878750942462e-01
6.334000000000000000e+03 4.090346365859577893e-01
6.335000000000000000e+03 4.112189159771549862e-01
6.336000000000000000e+03 4.134038771533217749e-01
6.337000000000000000e+03 4.155901086507828301e-01
6.338000000000000000e+03 4.177765241929616846e-01
6.339000000000000000e+03 4.199637403825619564e-01
6.340000000000000000e+03 4.221520278422726258e-01
6.341000000000000000e+03 4.228346656204284848e-01
6.342000000000000000e+03 4.235177771352046650e-01
6.343000000000000000e+03 4.242013945098944694e-01
6.344000000000000000e+03 4.248850084207048128e-01
6.345000000000000000e+03 4.255677748611093603e-01
6.346000000000000000e+03 4.262509574823538649e-01
6.347000000000000000e+03 4.269347394670089391e-01
6.348000000000000000e+03 4.276180334713577946e-01
6.349000000000000000e+03 4.283013526036022478e-01
6.350000000000000000e+03 4.289851220308196211e-01
6.351000000000000000e+03 4.301997936825792679e-01
6.352000000000000000e+03 4.314143602961310608e-01
6.353000000000000000e+03 4.326296758209519089e-01
6.354000000000000000e+03 4.338453753435674298e-01
6.355000000000000000e+03 4.350618597006328803e-01
6.356000000000000000e+03 4.362782064409070348e-01
6.357000000000000000e+03 4.374948142939781848e-01
6.358000000000000000e+03 4.387102857797772759e-01
6.359000000000000000e+03 4.399285935626927602e-01
6.360000000000000000e+03 4.411456380072460992e-01
6.361000000000000000e+03 4.411809261001889970e-01
6.362000000000000000e+03 4.412157157060238033e-01
6.363000000000000000e+03 4.412515363491206211e-01
6.364000000000000000e+03 4.412863278319206772e-01
6.365000000000000000e+03 4.413210578081208091e-01
6.366000000000000000e+03 4.413563506239862044e-01
6.367000000000000000e+03 4.413916756070586644e-01
6.368000000000000000e+03 4.414259088790454810e-01
6.369000000000000000e+03 4.414612045190738909e-01
6.370000000000000000e+03 4.414959703633242749e-01
6.371000000000000000e+03 4.407652844207377019e-01
6.372000000000000000e+03 4.400353026617960239e-01
6.373000000000000000e+03 4.393034728194843419e-01
6.374000000000000000e+03 4.385717871051093009e-01
6.375000000000000000e+03 4.378403668626570377e-01
6.376000000000000000e+03 4.371085291939845185e-01
6.377000000000000000e+03 4.363754416811259640e-01
6.378000000000000000e+03 4.356425255283893905e-01
6.379000000000000000e+03 4.349097473655722523e-01
6.380000000000000000e+03 4.341761534809773782e-01
6.381000000000000000e+03 4.347219192931351950e-01
6.382000000000000000e+03 4.352682890513488445e-01
6.383000000000000000e+03 4.358148024920844299e-01
6.384000000000000000e+03 4.363620454490380052e-01
6.385000000000000000e+03 4.369083839535683467e-01
6.386000000000000000e+03 4.374548650746397094e-01
6.387000000000000000e+03 4.380024480685567045e-01
6.388000000000000000e+03 4.385496803102056917e-01
6.389000000000000000e+03 4.390976456416099127e-01
6.390000000000000000e+03 4.396441413424007072e-01
6.391000000000000000e+03 4.400168421237743988e-01
6.392000000000000000e+03 4.403885062023311092e-01
6.393000000000000000e+03 4.407618079796506994e-01
6.394000000000000000e+03 4.411331687080219943e-01
6.395000000000000000e+03 4.415050154602905286e-01
6.396000000000000000e+03 4.418774116687174125e-01
6.397000000000000000e+03 4.422493592856464595e-01
6.398000000000000000e+03 4.426223571476524676e-01
6.399000000000000000e+03 4.429939368971695934e-01
6.400000000000000000e+03 4.433675693049101696e-01
6.401000000000000000e+03 4.432112001602098728e-01
6.402000000000000000e+03 4.430563006685153127e-01
6.403000000000000000e+03 4.429013684579847787e-01
6.404000000000000000e+03 4.427459347198580697e-01
6.405000000000000000e+03 4.425904061164112613e-01
6.406000000000000000e+03 4.424349076382633195e-01
6.407000000000000000e+03 4.422803758028735488e-01
6.408000000000000000e+03 4.421252491044145860e-01
6.409000000000000000e+03 4.419680619086073237e-01
6.410000000000000000e+03 4.418124339407442092e-01
6.411000000000000000e+03 4.418319766937843784e-01
6.412000000000000000e+03 4.418515396680293139e-01
6.413000000000000000e+03 4.418715906884631006e-01
6.414000000000000000e+03 4.418911629345002035e-01
6.415000000000000000e+03 4.419111920661454307e-01
6.416000000000000000e+03 4.419296507030460730e-01
6.417000000000000000e+03 4.419496579065472774e-01
6.418000000000000000e+03 4.419691550794085377e-01
6.419000000000000000e+03 4.419880797864728650e-01
6.420000000000000000e+03 4.420070870681486186e-01
6.421000000000000000e+03 4.410859481199781995e-01
6.422000000000000000e+03 4.401636818464282896e-01
6.423000000000000000e+03 4.392425582206720969e-01
6.424000000000000000e+03 4.383208996020855341e-01
6.425000000000000000e+03 4.373997279709030961e-01
6.426000000000000000e+03 4.364759907845855436e-01
6.427000000000000000e+03 4.355547759050505952e-01
6.428000000000000000e+03 4.346330921321872043e-01
6.429000000000000000e+03 4.337113709032212605e-01
6.430000000000000000e+03 4.327896124254770327e-01
6.431000000000000000e+03 4.322752707613983225e-01
6.432000000000000000e+03 4.317614282318703034e-01
6.433000000000000000e+03 4.312474742500875258e-01
6.434000000000000000e+03 4.307345336041334960e-01
6.435000000000000000e+03 4.302199613776901410e-01
6.436000000000000000e+03 4.297058553985570462e-01
6.437000000000000000e+03 4.291922440809743389e-01
6.438000000000000000e+03 4.286775525933427811e-01
6.439000000000000000e+03 4.281637483560728485e-01
6.440000000000000000e+03 4.276499529183044879e-01
6.441000000000000000e+03 4.277252332383295053e-01
6.442000000000000000e+03 4.278000670984136722e-01
6.443000000000000000e+03 4.278758429544927133e-01
6.444000000000000000e+03 4.279516856517640577e-01
6.445000000000000000e+03 4.280259946971377572e-01
6.446000000000000000e+03 4.281022427352718651e-01
6.447000000000000000e+03 4.281771379964844915e-01
6.448000000000000000e+03 4.282514351477756387e-01
6.449000000000000000e+03 4.283272491746284438e-01
6.450000000000000000e+03 4.284030998789025713e-01
6.451000000000000000e+03 4.284867828866638084e-01
6.452000000000000000e+03 4.285718956735898866e-01
6.453000000000000000e+03 4.286565036657435934e-01
6.454000000000000000e+03 4.287396689623660384e-01
6.455000000000000000e+03 4.288252931695094583e-01
6.456000000000000000e+03 4.289089904037617362e-01
6.457000000000000000e+03 4.289936647861591346e-01
6.458000000000000000e+03 4.290783180085845361e-01
6.459000000000000000e+03 4.291630106017825241e-01
6.460000000000000000e+03 4.292466828083308372e-01
6.461000000000000000e+03 4.302507435645499534e-01
6.462000000000000000e+03 4.312546576044517521e-01
6.463000000000000000e+03 4.322584854825869960e-01
6.464000000000000000e+03 4.332617076574176163e-01
6.465000000000000000e+03 4.342649025310949540e-01
6.466000000000000000e+03 4.352679784169077304e-01
6.467000000000000000e+03 4.362715197731752426e-01
6.468000000000000000e+03 4.372738648935850514e-01
6.469000000000000000e+03 4.382772009992408346e-01
6.470000000000000000e+03 4.392799243380927088e-01
6.471000000000000000e+03 4.399548925354183071e-01
6.472000000000000000e+03 4.406310410369074226e-01
6.473000000000000000e+03 4.413052621444203405e-01
6.474000000000000000e+03 4.419806014109298187e-01
6.475000000000000000e+03 4.426565950838330932e-01
6.476000000000000000e+03 4.433322137650395067e-01
6.477000000000000000e+03 4.440074238749001645e-01
6.478000000000000000e+03 4.446832893061297143e-01
6.479000000000000000e+03 4.453587759768176113e-01
6.480000000000000000e+03 4.460353600731755130e-01
6.481000000000000000e+03 4.453461974220989106e-01
6.482000000000000000e+03 4.446581190338148581e-01
6.483000000000000000e+03 4.439690221908711432e-01
6.484000000000000000e+03 4.432793181476025191e-01
6.485000000000000000e+03 4.425912883289863653e-01
6.486000000000000000e+03 4.419022138004358169e-01
6.487000000000000000e+03 4.412136241627565569e-01
6.488000000000000000e+03 4.405246474117934241e-01
6.489000000000000000e+03 4.398366191777059453e-01
6.490000000000000000e+03 4.391471196236734764e-01
6.491000000000000000e+03 4.379008663116181199e-01
6.492000000000000000e+03 4.366545295298179252e-01
6.493000000000000000e+03 4.354065738858413637e-01
6.494000000000000000e+03 4.341610228592384102e-01
6.495000000000000000e+03 4.329133063399308590e-01
6.496000000000000000e+03 4.316665771892494452e-01
6.497000000000000000e+03 4.304191566490899179e-01
6.498000000000000000e+03 4.291711102824821711e-01
6.499000000000000000e+03 4.279244943793053535e-01
6.500000000000000000e+03 4.266762568641294662e-01
6.501000000000000000e+03 4.249645094662707900e-01
6.502000000000000000e+03 4.232508969350021744e-01
6.503000000000000000e+03 4.215369833130791499e-01
6.504000000000000000e+03 4.198237154444358077e-01
6.505000000000000000e+03 4.181091062031179195e-01
6.506000000000000000e+03 4.163946945644647069e-01
6.507000000000000000e+03 4.146803570250721660e-01
6.508000000000000000e+03 4.129647782683172341e-01
6.509000000000000000e+03 4.112493323032667680e-01
6.510000000000000000e+03 4.095335801981470070e-01
6.511000000000000000e+03 4.089592797676891434e-01
6.512000000000000000e+03 4.083853787265329660e-01
6.513000000000000000e+03 4.078115014837224717e-01
6.514000000000000000e+03 4.072370735940274988e-01
6.515000000000000000e+03 4.066635594179064950e-01
6.516000000000000000e+03 4.060885501000117137e-01
6.517000000000000000e+03 4.055149964632949744e-01
6.518000000000000000e+03 4.049400088693839161e-01
6.519000000000000000e+03 4.043663299556866653e-01
6.520000000000000000e+03 4.037917051767768162e-01
6.521000000000000000e+03 4.039708421100446367e-01
6.522000000000000000e+03 4.041494211752782451e-01
6.523000000000000000e+03 4.043284677732489896e-01
6.524000000000000000e+03 4.045066423134015543e-01
6.525000000000000000e+03 4.046855982859176581e-01
6.526000000000000000e+03 4.048641665871434148e-01
6.527000000000000000e+03 4.050426893619883395e-01
6.528000000000000000e+03 4.052211951365597420e-01
6.529000000000000000e+03 4.053996839093351734e-01
6.530000000000000000e+03 4.055786131078782386e-01
6.531000000000000000e+03 4.060214902597730213e-01
6.532000000000000000e+03 4.064644315077839409e-01
6.533000000000000000e+03 4.069073223018161989e-01
6.534000000000000000e+03 4.073502485886935087e-01
6.535000000000000000e+03 4.077931242217939234e-01
6.536000000000000000e+03 4.082356324814986337e-01
6.537000000000000000e+03 4.086794717149584977e-01
6.538000000000000000e+03 4.091224257320246749e-01
6.539000000000000000e+03 4.095658484451587533e-01
6.540000000000000000e+03 4.100083541792793329e-01
6.541000000000000000e+03 4.119356085820279345e-01
6.542000000000000000e+03 4.138630425473435182e-01
6.543000000000000000e+03 4.157916456072824340e-01
6.544000000000000000e+03 4.177199232107625115e-01
6.545000000000000000e+03 4.196504052108985250e-01
6.546000000000000000e+03 4.215799929619858943e-01
6.547000000000000000e+03 4.235112617756586761e-01
6.548000000000000000e+03 4.254432360588491502e-01
6.549000000000000000e+03 4.273758259075667865e-01
6.550000000000000000e+03 4.293076690065208978e-01
6.551000000000000000e+03 4.298860512595910066e-01
6.552000000000000000e+03 4.304623795304567957e-01
6.553000000000000000e+03 4.310397442396048939e-01
6.554000000000000000e+03 4.316169937337305251e-01
6.555000000000000000e+03 4.321942799411908065e-01
6.556000000000000000e+03 4.327705051383843315e-01
6.557000000000000000e+03 4.333487496843898001e-01
6.558000000000000000e+03 4.339249240039851352e-01
6.559000000000000000e+03 4.345026025382584534e-01
6.560000000000000000e+03 4.350791851970361446e-01
6.561000000000000000e+03 4.351732079951599053e-01
6.562000000000000000e+03 4.352656745237447056e-01
6.563000000000000000e+03 4.353596210808273748e-01
6.564000000000000000e+03 4.354531460581238522e-01
6.565000000000000000e+03 4.355466788784361776e-01
6.566000000000000000e+03 4.356402195409244116e-01
6.567000000000000000e+03 4.357331846577191525e-01
6.568000000000000000e+03 4.358262495084636590e-01
6.569000000000000000e+03 4.359197213206310595e-01
6.570000000000000000e+03 4.360138154031016344e-01
6.571000000000000000e+03 4.356163662948618343e-01
6.572000000000000000e+03 4.352169349549769861e-01
6.573000000000000000e+03 4.348200307633392492e-01
6.574000000000000000e+03 4.344216062138520074e-01
6.575000000000000000e+03 4.340247849009641889e-01
6.576000000000000000e+03 4.336264459519050818e-01
6.577000000000000000e+03 4.332290966789931752e-01
6.578000000000000000e+03 4.328307520703524869e-01
6.579000000000000000e+03 4.324334258520979302e-01
6.580000000000000000e+03 4.320351061694576722e-01
6.581000000000000000e+03 4.326930484194376758e-01
6.582000000000000000e+03 4.333490708407701786e-01
6.583000000000000000e+03 4.340065892113005308e-01
6.584000000000000000e+03 4.346642319219990447e-01
6.585000000000000000e+03 4.353214165081492615e-01
6.586000000000000000e+03 4.359786935074114189e-01
6.587000000000000000e+03 4.366354478062020594e-01
6.588000000000000000e+03 4.372933712265754114e-01
6.589000000000000000e+03 4.379508334560310301e-01
6.590000000000000000e+03 4.386083574447000033e-01
6.591000000000000000e+03 4.382789700797827259e-01
6.592000000000000000e+03 4.379481117536446755e-01
6.593000000000000000e+03 4.376182213270397026e-01
6.594000000000000000e+03 4.372878178511322433e-01
6.595000000000000000e+03 4.369583492328642516e-01
6.596000000000000000e+03 4.366289827927125056e-01
6.597000000000000000e+03 4.362974438391536980e-01
6.598000000000000000e+03 4.359679755389698763e-01
6.599000000000000000e+03 4.356374428959563505e-01
6.600000000000000000e+03 4.353064616074889259e-01
6.601000000000000000e+03 4.363675946996422028e-01
6.602000000000000000e+03 4.374283626677105130e-01
6.603000000000000000e+03 4.384893176882665999e-01
6.604000000000000000e+03 4.395499026031707279e-01
6.605000000000000000e+03 4.406111378988482041e-01
6.606000000000000000e+03 4.416725604403082261e-01
6.607000000000000000e+03 4.427346383040108857e-01
6.608000000000000000e+03 4.437953115345445454e-01
6.609000000000000000e+03 4.448577029593338006e-01
6.610000000000000000e+03 4.459197503661537221e-01
6.611000000000000000e+03 4.459172578804353471e-01
6.612000000000000000e+03 4.459152670419866404e-01
6.613000000000000000e+03 4.459137778647883077e-01
6.614000000000000000e+03 4.459107796330277207e-01
6.615000000000000000e+03 4.459093512632918976e-01
6.616000000000000000e+03 4.459083617427809232e-01
6.617000000000000000e+03 4.459058631350825697e-01
6.618000000000000000e+03 4.459033320826961133e-01
6.619000000000000000e+03 4.459018054153169874e-01
6.620000000000000000e+03 4.458998378685113950e-01
6.621000000000000000e+03 4.457104218653944461e-01
6.622000000000000000e+03 4.455210299961943066e-01
6.623000000000000000e+03 4.453315367017535165e-01
6.624000000000000000e+03 4.451426635583807245e-01
6.625000000000000000e+03 4.449537513420583346e-01
6.626000000000000000e+03 4.447637344692850214e-01
6.627000000000000000e+03 4.445752772616476944e-01
6.628000000000000000e+03 4.443852774939801575e-01
6.629000000000000000e+03 4.441963352277841226e-01
6.630000000000000000e+03 4.440068220563647139e-01
6.631000000000000000e+03 4.441713038238203626e-01
6.632000000000000000e+03 4.443358583053623190e-01
6.633000000000000000e+03 4.444993578289138103e-01
6.634000000000000000e+03 4.446638381505363391e-01
6.635000000000000000e+03 4.448278896265523419e-01
6.636000000000000000e+03 4.449924526161446736e-01
6.637000000000000000e+03 4.451565237205790670e-01
6.638000000000000000e+03 4.453210439466905868e-01
6.639000000000000000e+03 4.454856370189171910e-01
6.640000000000000000e+03 4.456502715974141604e-01
6.641000000000000000e+03 4.445347428919882993e-01
6.642000000000000000e+03 4.434181888557235940e-01
6.643000000000000000e+03 4.423021131976203058e-01
6.644000000000000000e+03 4.411864186478400285e-01
6.645000000000000000e+03 4.400712260076050097e-01
6.646000000000000000e+03 4.389549840277065518e-01
6.647000000000000000e+03 4.378385952431843031e-01
6.648000000000000000e+03 4.367227376221085589e-01
6.649000000000000000e+03 4.356068233027084458e-01
6.650000000000000000e+03 4.344908216689120084e-01
6.651000000000000000e+03 4.345771028554357152e-01
6.652000000000000000e+03 4.346628567358764572e-01
6.653000000000000000e+03 4.347491249787900358e-01
6.654000000000000000e+03 4.348359079134962446e-01
6.655000000000000000e+03 4.349221327701739415e-01
6.656000000000000000e+03 4.350078911981393737e-01
6.657000000000000000e+03 4.350936429993220722e-01
6.658000000000000000e+03 4.351803699132869019e-01
6.659000000000000000e+03 4.352660472942586067e-01
6.660000000000000000e+03 4.353523011746751048e-01
6.661000000000000000e+03 4.355942021464730418e-01
6.662000000000000000e+03 4.358367576011145106e-01
6.663000000000000000e+03 4.360787080518337966e-01
6.664000000000000000e+03 4.363208214497427684e-01
6.665000000000000000e+03 4.365629133243293380e-01
6.666000000000000000e+03 4.368055687123993946e-01
6.667000000000000000e+03 4.370476791794946081e-01
6.668000000000000000e+03 4.372899528633175104e-01
6.669000000000000000e+03 4.375317421322277855e-01
6.670000000000000000e+03 4.377745277057936701e-01
6.671000000000000000e+03 4.383868239477514139e-01
6.672000000000000000e+03 4.389990171326068613e-01
6.673000000000000000e+03 4.396117580825609772e-01
6.674000000000000000e+03 4.402238077659438309e-01
6.675000000000000000e+03 4.408357852668347010e-01
6.676000000000000000e+03 4.414482508969678198e-01
6.677000000000000000e+03 4.420600848243917413e-01
6.678000000000000000e+03 4.426719402231015232e-01
6.679000000000000000e+03 4.432835986751718083e-01
6.680000000000000000e+03 4.438962804557058384e-01
6.681000000000000000e+03 4.441321805231102093e-01
6.682000000000000000e+03 4.443681142309365839e-01
6.683000000000000000e+03 4.446045518798204532e-01
6.684000000000000000e+03 4.448411177870563726e-01
6.685000000000000000e+03 4.450770901879801400e-01
6.686000000000000000e+03 4.453136614352751765e-01
6.687000000000000000e+03 4.455497012646182919e-01
6.688000000000000000e+03 4.457859004060378272e-01
6.689000000000000000e+03 4.460225107084183072e-01
6.690000000000000000e+03 4.462592180542794829e-01
6.691000000000000000e+03 4.454855142475712126e-01
6.692000000000000000e+03 4.447123027582035037e-01
6.693000000000000000e+03 4.439385475926424518e-01
6.694000000000000000e+03 4.431646889509830434e-01
6.695000000000000000e+03 4.423913512119486136e-01
6.696000000000000000e+03 4.416179396527722956e-01
6.697000000000000000e+03 4.408450452283201315e-01
6.698000000000000000e+03 4.400720442349100314e-01
6.699000000000000000e+03 4.392974807014037308e-01
6.700000000000000000e+03 4.385238680256344779e-01
6.701000000000000000e+03 4.382641402860189550e-01
6.702000000000000000e+03 4.380038100518489075e-01
6.703000000000000000e+03 4.377440517357200633e-01
6.704000000000000000e+03 4.374837534366368130e-01
6.705000000000000000e+03 4.372239955704129155e-01
6.706000000000000000e+03 4.369647772223917981e-01
6.707000000000000000e+03 4.367044647944406388e-01
6.708000000000000000e+03 4.364458003053569013e-01
6.709000000000000000e+03 4.361856116495915758e-01
6.710000000000000000e+03 4.359264538946037160e-01
6.711000000000000000e+03 4.349958933465339905e-01
6.712000000000000000e+03 4.340650444706728450e-01
6.713000000000000000e+03 4.331354965592080775e-01
6.714000000000000000e+03 4.322042212762655655e-01
6.715000000000000000e+03 4.312742098815438019e-01
6.716000000000000000e+03 4.303425078845870000e-01
6.717000000000000000e+03 4.294110635382329955e-01
6.718000000000000000e+03 4.284793295887064923e-01
6.719000000000000000e+03 4.275474270875755378e-01
6.720000000000000000e+03 4.266158071199755430e-01
6.721000000000000000e+03 4.269228862430392013e-01
6.722000000000000000e+03 4.272294986998948496e-01
6.723000000000000000e+03 4.275361260576601152e-01
6.724000000000000000e+03 4.278423457069386315e-01
6.725000000000000000e+03 4.281489723395717761e-01
6.726000000000000000e+03 4.284561277300296678e-01
6.727000000000000000e+03 4.287633289627205690e-01
6.728000000000000000e+03 4.290695165064966621e-01
6.729000000000000000e+03 4.293772632824704449e-01
6.730000000000000000e+03 4.296839652962965994e-01
6.731000000000000000e+03 4.298575528231685094e-01
6.732000000000000000e+03 4.300317570083312946e-01
6.733000000000000000e+03 4.302058197483798474e-01
6.734000000000000000e+03 4.303799231036243289e-01
6.735000000000000000e+03 4.305533987650775329e-01
6.736000000000000000e+03 4.307270058204323848e-01
6.737000000000000000e+03 4.309010485226470455e-01
6.738000000000000000e+03 4.310750103171661629e-01
6.739000000000000000e+03 4.312484650871282188e-01
6.740000000000000000e+03 4.314223864408509024e-01
6.741000000000000000e+03 4.319131636009221897e-01
6.742000000000000000e+03 4.324024734801300007e-01
6.743000000000000000e+03 4.328917468400285684e-01
6.744000000000000000e+03 4.333835220261163523e-01
6.745000000000000000e+03 4.338727555249298762e-01
6.746000000000000000e+03 4.343630251135273124e-01
6.747000000000000000e+03 4.348527999149117695e-01
6.748000000000000000e+03 4.353440138273713678e-01
6.749000000000000000e+03 4.358332575768099626e-01
6.750000000000000000e+03 4.363234806149276501e-01
6.751000000000000000e+03 4.370033320281607181e-01
6.752000000000000000e+03 4.376828099449850962e-01
6.753000000000000000e+03 4.383618501644006016e-01
6.754000000000000000e+03 4.390420613718454268e-01
6.755000000000000000e+03 4.397208725940868201e-01
6.756000000000000000e+03 4.404013228735219054e-01
6.757000000000000000e+03 4.410808042596541245e-01
6.758000000000000000e+03 4.417614942601958417e-01
6.759000000000000000e+03 4.424417740777439323e-01
6.760000000000000000e+03 4.431217037926535873e-01
6.761000000000000000e+03 4.428252412913048497e-01
6.762000000000000000e+03 4.425263381696014076e-01
6.763000000000000000e+03 4.422290260591846267e-01
6.764000000000000000e+03 4.419313055119347133e-01
6.765000000000000000e+03 4.416335515327586281e-01
6.766000000000000000e+03 4.413364496584630814e-01
6.767000000000000000e+03 4.410388779629229039e-01
6.768000000000000000e+03 4.407413041637740503e-01
6.769000000000000000e+03 4.404433863865054866e-01
6.770000000000000000e+03 4.401464303650511889e-01
6.771000000000000000e+03 4.397211401291984956e-01
6.772000000000000000e+03 4.392972104858898774e-01
6.773000000000000000e+03 4.388728715298452210e-01
6.774000000000000000e+03 4.384474124579840759e-01
6.775000000000000000e+03 4.380234028752673092e-01
6.776000000000000000e+03 4.375978729002162892e-01
6.777000000000000000e+03 4.371738204400631433e-01
6.778000000000000000e+03 4.367482195561864788e-01
6.779000000000000000e+03 4.363230459959486218e-01
6.780000000000000000e+03 4.358983907490721066e-01
6.781000000000000000e+03 4.357619109520076139e-01
6.782000000000000000e+03 4.356264984586865063e-01
6.783000000000000000e+03 4.354900308750859761e-01
6.784000000000000000e+03 4.353534619646768355e-01
6.785000000000000000e+03 4.352180208767728042e-01
6.786000000000000000e+03 4.350810341759427380e-01
6.787000000000000000e+03 4.349455126422738238e-01
6.788000000000000000e+03 4.348084771655347236e-01
6.789000000000000000e+03 4.346724763334137709e-01
6.790000000000000000e+03 4.345359138349512707e-01
6.791000000000000000e+03 4.342787695043059393e-01
6.792000000000000000e+03 4.340211771468944213e-01
6.793000000000000000e+03 4.337630150650763627e-01
6.794000000000000000e+03 4.335054474041233896e-01
6.795000000000000000e+03 4.332478307442819143e-01
6.796000000000000000e+03 4.329902569137399904e-01
6.797000000000000000e+03 4.327321758747797453e-01
6.798000000000000000e+03 4.324745962611794559e-01
6.799000000000000000e+03 4.322175477359715967e-01
6.800000000000000000e+03 4.319595043319534033e-01
6.801000000000000000e+03 4.325823329692022323e-01
6.802000000000000000e+03 4.332050845278136997e-01
6.803000000000000000e+03 4.338272993166577551e-01
6.804000000000000000e+03 4.344510308433053858e-01
6.805000000000000000e+03 4.350730904064277760e-01
6.806000000000000000e+03 4.356951325145240195e-01
6.807000000000000000e+03 4.363182359030342572e-01
6.808000000000000000e+03 4.369407080077501448e-01
6.809000000000000000e+03 4.375631025858494061e-01
6.810000000000000000e+03 4.381855742599619075e-01
6.811000000000000000e+03 4.373714513125897541e-01
6.812000000000000000e+03 4.365565037954294847e-01
6.813000000000000000e+03 4.357422144212561022e-01
6.814000000000000000e+03 4.349283958033209885e-01
6.815000000000000000e+03 4.341142791549973401e-01
6.816000000000000000e+03 4.333002340709660727e-01
6.817000000000000000e+03 4.324868107934355943e-01
6.818000000000000000e+03 4.316719628229215844e-01
6.819000000000000000e+03 4.308587127691756447e-01
6.820000000000000000e+03 4.300460495182222842e-01
6.821000000000000000e+03 4.298568072738153112e-01
6.822000000000000000e+03 4.296684663653141945e-01
6.823000000000000000e+03 4.294797205195109435e-01
6.824000000000000000e+03 4.292914197613358906e-01
6.825000000000000000e+03 4.291026233557441727e-01
6.826000000000000000e+03 4.289142717059619692e-01
6.827000000000000000e+03 4.287249399598523913e-01
6.828000000000000000e+03 4.285365982880653402e-01
6.829000000000000000e+03 4.283482462466507990e-01
6.830000000000000000e+03 4.281593390169817215e-01
6.831000000000000000e+03 4.276659429350010977e-01
6.832000000000000000e+03 4.271735476714466628e-01
6.833000000000000000e+03 4.266811242259376802e-01
6.834000000000000000e+03 4.261887329746377184e-01
6.835000000000000000e+03 4.256957718333723162e-01
6.836000000000000000e+03 4.252034153009100481e-01
6.837000000000000000e+03 4.247110306883512543e-01
6.838000000000000000e+03 4.242185881068040731e-01
6.839000000000000000e+03 4.237252187859631425e-01
6.840000000000000000e+03 4.232337693290810776e-01
6.841000000000000000e+03 4.227026174242566325e-01
6.842000000000000000e+03 4.221716218749112515e-01
6.843000000000000000e+03 4.216406631672763305e-01
6.844000000000000000e+03 4.211103074390873946e-01
6.845000000000000000e+03 4.205795711025319683e-01
6.846000000000000000e+03 4.200498524012954427e-01
6.847000000000000000e+03 4.195188035019403738e-01
6.848000000000000000e+03 4.189893343673857795e-01
6.849000000000000000e+03 4.184599297432674003e-01
6.850000000000000000e+03 4.179291704957228681e-01
6.851000000000000000e+03 4.182155932371122709e-01
6.852000000000000000e+03 4.185020328595003836e-01
6.853000000000000000e+03 4.187884894226948096e-01
6.854000000000000000e+03 4.190753781282112178e-01
6.855000000000000000e+03 4.193612755645280687e-01
6.856000000000000000e+03 4.196472189611367143e-01
6.857000000000000000e+03 4.199340702396238689e-01
6.858000000000000000e+03 4.202204634118275606e-01
6.859000000000000000e+03 4.205067843899643054e-01
6.860000000000000000e+03 4.207936882309173954e-01
6.861000000000000000e+03 4.206657367503614520e-01
6.862000000000000000e+03 4.205377384788251405e-01
6.863000000000000000e+03 4.204097529588767257e-01
6.864000000000000000e+03 4.202821966653307317e-01
6.865000000000000000e+03 4.201541472519820242e-01
6.866000000000000000e+03 4.200256943045138081e-01
6.867000000000000000e+03 4.198980568954746584e-01
6.868000000000000000e+03 4.197699862099770196e-01
6.869000000000000000e+03 4.196418391045882990e-01
6.870000000000000000e+03 4.195137047366743199e-01
6.871000000000000000e+03 4.196974142636534233e-01
6.872000000000000000e+03 4.198795642090735747e-01
6.873000000000000000e+03 4.200631565471772411e-01
6.874000000000000000e+03 4.202472708367894771e-01
6.875000000000000000e+03 4.204298535327631869e-01
6.876000000000000000e+03 4.206139407102428285e-01
6.877000000000000000e+03 4.207969716620300615e-01
6.878000000000000000e+03 4.209804952754442331e-01
6.879000000000000000e+03 4.211625435584103183e-01
6.880000000000000000e+03 4.213460390510831433e-01
6.881000000000000000e+03 4.211001999424666686e-01
6.882000000000000000e+03 4.208534054293869286e-01
6.883000000000000000e+03 4.206070574024222686e-01
6.884000000000000000e+03 4.203602320239292478e-01
6.885000000000000000e+03 4.201138526826797004e-01
6.886000000000000000e+03 4.198675022183891992e-01
6.887000000000000000e+03 4.196206454721475021e-01
6.888000000000000000e+03 4.193733129946546345e-01
6.889000000000000000e+03 4.191264558429961262e-01
6.890000000000000000e+03 4.188806074676499347e-01
6.891000000000000000e+03 4.183162304593176506e-01
6.892000000000000000e+03 4.177515043209897860e-01
6.893000000000000000e+03 4.171877018893132005e-01
6.894000000000000000e+03 4.166230778693180148e-01
6.895000000000000000e+03 4.160584908289603479e-01
6.896000000000000000e+03 4.154944709175554807e-01
6.897000000000000000e+03 4.149309573388853534e-01
6.898000000000000000e+03 4.143660981336262372e-01
6.899000000000000000e+03 4.138022452657861838e-01
6.900000000000000000e+03 4.132384577028166972e-01
6.901000000000000000e+03 4.128809689987296139e-01
6.902000000000000000e+03 4.125225972023047749e-01
6.903000000000000000e+03 4.121646593768873434e-01
6.904000000000000000e+03 4.118062786992705004e-01
6.905000000000000000e+03 4.114489439694409278e-01
6.906000000000000000e+03 4.110901170288742690e-01
6.907000000000000000e+03 4.107327719773234409e-01
6.908000000000000000e+03 4.103749557169758533e-01
6.909000000000000000e+03 4.100171927869463717e-01
6.910000000000000000e+03 4.096594831171574413e-01
6.911000000000000000e+03 4.097053416021402272e-01
6.912000000000000000e+03 4.097498598018028959e-01
6.913000000000000000e+03 4.097952747959706099e-01
6.914000000000000000e+03 4.098407150335031668e-01
6.915000000000000000e+03 4.098846979918159272e-01
6.916000000000000000e+03 4.099300722382176465e-01
6.917000000000000000e+03 4.099750355608760555e-01
6.918000000000000000e+03 4.100199658469111941e-01
6.919000000000000000e+03 4.100639032277474949e-01
6.920000000000000000e+03 4.101083599857759387e-01
6.921000000000000000e+03 4.106255395743466097e-01
6.922000000000000000e+03 4.111426028625815854e-01
6.923000000000000000e+03 4.116591991688647867e-01
6.924000000000000000e+03 4.121757070492927388e-01
6.925000000000000000e+03 4.126916579079076275e-01
6.926000000000000000e+03 4.132085743387351462e-01
6.927000000000000000e+03 4.137244054163205509e-01
6.928000000000000000e+03 4.142396468547924204e-01
6.929000000000000000e+03 4.147563862308890625e-01
6.930000000000000000e+03 4.152710637923259784e-01
6.931000000000000000e+03 4.152811331831273156e-01
6.932000000000000000e+03 4.152916664103001865e-01
6.933000000000000000e+03 4.153011898195410057e-01
6.934000000000000000e+03 4.153106759510816759e-01
6.935000000000000000e+03 4.153202427151990728e-01
6.936000000000000000e+03 4.153297722068412523e-01
6.937000000000000000e+03 4.153387926967423982e-01
6.938000000000000000e+03 4.153472746016320660e-01
6.939000000000000000e+03 4.153568100960743914e-01
6.940000000000000000e+03 4.153658070068744768e-01
6.941000000000000000e+03 4.149353993980873789e-01
6.942000000000000000e+03 4.145044664661038381e-01
6.943000000000000000e+03 4.140740681455994388e-01
6.944000000000000000e+03 4.136430572902797254e-01
6.945000000000000000e+03 4.132121105416690643e-01
6.946000000000000000e+03 4.127807000146236915e-01
6.947000000000000000e+03 4.123501155245598015e-01
6.948000000000000000e+03 4.119175753620100688e-01
6.949000000000000000e+03 4.114870015134278747e-01
6.950000000000000000e+03 4.110544173747474606e-01
6.951000000000000000e+03 4.101634359320784351e-01
6.952000000000000000e+03 4.092711867346697785e-01
6.953000000000000000e+03 4.083801742831783543e-01
6.954000000000000000e+03 4.074884816561612499e-01
6.955000000000000000e+03 4.065979346021727503e-01
6.956000000000000000e+03 4.057061925661790691e-01
6.957000000000000000e+03 4.048157383736561421e-01
6.958000000000000000e+03 4.039259626013239068e-01
6.959000000000000000e+03 4.030354591418341403e-01
6.960000000000000000e+03 4.021447486602658938e-01
6.961000000000000000e+03 4.009221899419236346e-01
6.962000000000000000e+03 3.996999228799488213e-01
6.963000000000000000e+03 3.984784289234082344e-01
6.964000000000000000e+03 3.972567154865968009e-01
6.965000000000000000e+03 3.960348153309785624e-01
6.966000000000000000e+03 3.948137150634193349e-01
6.967000000000000000e+03 3.935928784722499407e-01
6.968000000000000000e+03 3.923714132170862401e-01
6.969000000000000000e+03 3.911511909020854993e-01
6.970000000000000000e+03 3.899308166740878545e-01
6.971000000000000000e+03 3.886933250251880523e-01
6.972000000000000000e+03 3.874559413782395767e-01
6.973000000000000000e+03 3.862191326241370959e-01
6.974000000000000000e+03 3.849819087969162390e-01
6.975000000000000000e+03 3.837444112937962171e-01
6.976000000000000000e+03 3.825083848049198321e-01
6.977000000000000000e+03 3.812697487759174608e-01
6.978000000000000000e+03 3.800338812628048513e-01
6.979000000000000000e+03 3.787959068848467670e-01
6.980000000000000000e+03 3.775585327081612541e-01
6.981000000000000000e+03 3.757760518653295301e-01
6.982000000000000000e+03 3.739924998798494493e-01
6.983000000000000000e+03 3.722087362666152699e-01
6.984000000000000000e+03 3.704251827908438544e-01
6.985000000000000000e+03 3.686404957464815557e-01
6.986000000000000000e+03 3.668556542645026175e-01
6.987000000000000000e+03 3.650706057047586328e-01
6.988000000000000000e+03 3.632857637992329969e-01
6.989000000000000000e+03 3.614999133670732667e-01
6.990000000000000000e+03 3.597141926738213202e-01
6.991000000000000000e+03 3.569238097855232938e-01
6.992000000000000000e+03 3.541327477387313793e-01
6.993000000000000000e+03 3.513413506651461571e-01
6.994000000000000000e+03 3.485509449874885646e-01
6.995000000000000000e+03 3.457598367312903487e-01
6.996000000000000000e+03 3.429693402876701769e-01
6.997000000000000000e+03 3.401781364915485439e-01
6.998000000000000000e+03 3.373879278341996302e-01
6.999000000000000000e+03 3.345974308144201159e-01
7.000000000000000000e+03 3.318070578538447890e-01
7.001000000000000000e+03 3.261983059040257094e-01
7.002000000000000000e+03 3.205911284867146716e-01
7.003000000000000000e+03 3.149855254771540269e-01
7.004000000000000000e+03 3.093822461502914734e-01
7.005000000000000000e+03 3.037790854703293908e-01
7.006000000000000000e+03 2.981778216949523830e-01
7.007000000000000000e+03 2.925781669709692778e-01
7.008000000000000000e+03 2.869801199805848690e-01
7.009000000000000000e+03 2.813836392940850528e-01
7.010000000000000000e+03 2.757883917698943366e-01
7.011000000000000000e+03 2.684051293653088033e-01
7.012000000000000000e+03 2.610244079862473199e-01
7.013000000000000000e+03 2.536435997089582783e-01
7.014000000000000000e+03 2.462642162357481235e-01
7.015000000000000000e+03 2.388862235541477086e-01
7.016000000000000000e+03 2.315099220951159498e-01
7.017000000000000000e+03 2.241345193252800849e-01
7.018000000000000000e+03 2.167608233638429194e-01
7.019000000000000000e+03 2.093885386223911238e-01
7.020000000000000000e+03 2.020174793466741059e-01
7.021000000000000000e+03 1.960689753218146925e-01
7.022000000000000000e+03 1.901206207563153061e-01
7.023000000000000000e+03 1.841726405470999195e-01
7.024000000000000000e+03 1.782257320543190193e-01
7.025000000000000000e+03 1.722791992536281402e-01
7.026000000000000000e+03 1.663330889959974412e-01
7.027000000000000000e+03 1.603874103939040008e-01
7.028000000000000000e+03 1.544429131794035348e-01
7.029000000000000000e+03 1.484984960423885725e-01
7.030000000000000000e+03 1.425548934735493822e-01
7.031000000000000000e+03 1.384115958319266093e-01
7.032000000000000000e+03 1.342687592219543868e-01
7.033000000000000000e+03 1.301263931112326133e-01
7.034000000000000000e+03 1.259844697794561541e-01
7.035000000000000000e+03 1.218428779772334491e-01
7.036000000000000000e+03 1.177020265108566777e-01
7.037000000000000000e+03 1.135609619105448637e-01
7.038000000000000000e+03 1.094209067289251269e-01
7.039000000000000000e+03 1.052812014671386798e-01
7.040000000000000000e+03 1.011418378842885851e-01
7.041000000000000000e+03 9.845512534979340702e-02
7.042000000000000000e+03 9.576920989154931452e-02
7.043000000000000000e+03 9.308394084822262105e-02
7.044000000000000000e+03 9.039913190371724749e-02
7.045000000000000000e+03 8.771508325930429950e-02
7.046000000000000000e+03 8.503161051135189885e-02
7.047000000000000000e+03 8.234890496966683349e-02
7.048000000000000000e+03 7.966667816504037491e-02
7.049000000000000000e+03 7.698531821470340486e-02
7.050000000000000000e+03 7.430442806806396294e-02
7.051000000000000000e+03 7.186923318158615348e-02
7.052000000000000000e+03 6.943457685600039342e-02
7.053000000000000000e+03 6.700023117313830268e-02
7.054000000000000000e+03 6.456635616610086059e-02
7.055000000000000000e+03 6.213311256955185435e-02
7.056000000000000000e+03 5.970018715766317596e-02
7.057000000000000000e+03 5.726780278233556398e-02
7.058000000000000000e+03 5.483575866303009444e-02
7.059000000000000000e+03 5.240425975423850663e-02
7.060000000000000000e+03 4.997323278012112679e-02
7.061000000000000000e+03 4.779594455858313107e-02
7.062000000000000000e+03 4.561926591795422564e-02
7.063000000000000000e+03 4.344353814471223901e-02
7.064000000000000000e+03 4.126848587618373726e-02
7.065000000000000000e+03 3.909430983303942286e-02
7.066000000000000000e+03 3.692082820119309272e-02
7.067000000000000000e+03 3.474816993840536966e-02
7.068000000000000000e+03 3.257625784697055354e-02
7.069000000000000000e+03 3.040509008252910428e-02
7.070000000000000000e+03 2.823475436988382575e-02
7.071000000000000000e+03 2.688184779276093714e-02
7.072000000000000000e+03 2.552914170815530695e-02
7.073000000000000000e+03 2.417658121708427671e-02
7.074000000000000000e+03 2.282415868750935911e-02
7.075000000000000000e+03 2.147193700402579009e-02
7.076000000000000000e+03 2.011989106504470312e-02
7.077000000000000000e+03 1.876798772097566445e-02
7.078000000000000000e+03 1.741628314596547350e-02
7.079000000000000000e+03 1.606471189394298796e-02
7.080000000000000000e+03 1.471335440321354555e-02
7.081000000000000000e+03 1.399610040622220782e-02
7.082000000000000000e+03 1.327895828179604873e-02
7.083000000000000000e+03 1.256191476757308190e-02
7.084000000000000000e+03 1.184493524147284607e-02
7.085000000000000000e+03 1.112806766423059777e-02
7.086000000000000000e+03 1.041129672884801016e-02
7.087000000000000000e+03 9.694633615743308147e-03
7.088000000000000000e+03 8.978033300702526961e-03
7.089000000000000000e+03 8.261563510501205090e-03
7.090000000000000000e+03 7.545162709281935491e-03
7.091000000000000000e+03 7.198947150300356174e-03
7.092000000000000000e+03 6.852862283506564074e-03
7.093000000000000000e+03 6.506907619856346081e-03
7.094000000000000000e+03 6.161076565784182231e-03
7.095000000000000000e+03 5.815384095650922777e-03
7.096000000000000000e+03 5.469822233261968820e-03
7.097000000000000000e+03 5.124385058423072334e-03
7.098000000000000000e+03 4.779073052866556620e-03
7.099000000000000000e+03 4.433898702684412746e-03
7.100000000000000000e+03 4.088851010128511862e-03
7.101000000000000000e+03 3.928959517520595052e-03
7.102000000000000000e+03 3.769111431575655757e-03
7.103000000000000000e+03 3.609319482938998843e-03
7.104000000000000000e+03 3.449565928055227642e-03
7.105000000000000000e+03 3.289857184330217520e-03
7.106000000000000000e+03 3.130203844970019540e-03
7.107000000000000000e+03 2.970587262577279158e-03
7.108000000000000000e+03 2.811025561644300494e-03
7.109000000000000000e+03 2.651512517693369476e-03
7.110000000000000000e+03 2.492040990059255119e-03
7.111000000000000000e+03 2.410873148507549149e-03
7.112000000000000000e+03 2.329718112150273163e-03
7.113000000000000000e+03 2.248572786926627490e-03
7.114000000000000000e+03 2.167440772228375074e-03
7.115000000000000000e+03 2.086323974332655526e-03
7.116000000000000000e+03 2.005217055539963798e-03
7.117000000000000000e+03 1.924125485782963605e-03
7.118000000000000000e+03 1.843042040590934724e-03
7.119000000000000000e+03 1.761974054522365924e-03
7.120000000000000000e+03 1.680916468675886693e-03
7.121000000000000000e+03 1.642083321355340686e-03
7.122000000000000000e+03 1.603248863623573306e-03
7.123000000000000000e+03 1.564419609476429014e-03
7.124000000000000000e+03 1.525595182627896996e-03
7.125000000000000000e+03 1.486769755168762357e-03
7.126000000000000000e+03 1.447949171940773492e-03
7.127000000000000000e+03 1.409130139272007313e-03
7.128000000000000000e+03 1.370315548153848905e-03
7.129000000000000000e+03 1.331500956643230996e-03
7.130000000000000000e+03 1.292690922627780367e-03
7.131000000000000000e+03 1.253787507799767427e-03
7.132000000000000000e+03 1.214894564406066154e-03
7.133000000000000000e+03 1.176007964468817274e-03
7.134000000000000000e+03 1.137130269864010780e-03
7.135000000000000000e+03 1.098263014526873992e-03
7.136000000000000000e+03 1.059401316406524858e-03
7.137000000000000000e+03 1.020551317428507057e-03
7.138000000000000000e+03 9.817115426002235613e-04
7.139000000000000000e+03 9.428785935228901991e-04
7.140000000000000000e+03 9.040539901415019231e-04
7.141000000000000000e+03 8.883233594970834680e-04
7.142000000000000000e+03 8.725967374286287999e-04
7.143000000000000000e+03 8.568730700472604930e-04
7.144000000000000000e+03 8.411574670522942295e-04
7.145000000000000000e+03 8.254399675299333100e-04
7.146000000000000000e+03 8.097292812828461080e-04
7.147000000000000000e+03 7.940208840911073878e-04
7.148000000000000000e+03 7.783183713454060963e-04
7.149000000000000000e+03 7.626198676376320668e-04
7.150000000000000000e+03 7.469234798752146832e-04
7.151000000000000000e+03 7.311977557797085100e-04
7.152000000000000000e+03 7.154766215538163826e-04
7.153000000000000000e+03 6.997611010003943789e-04
7.154000000000000000e+03 6.840511406456766105e-04
7.155000000000000000e+03 6.683466915429741445e-04
7.156000000000000000e+03 6.526470470780524084e-04
7.157000000000000000e+03 6.369552158028458921e-04
7.158000000000000000e+03 6.212659451260341527e-04
7.159000000000000000e+03 6.055823089902716456e-04
7.160000000000000000e+03 5.899064883741848017e-04
7.161000000000000000e+03 5.743190115133639398e-04
7.162000000000000000e+03 5.587332293881827703e-04
7.163000000000000000e+03 5.431477463097506616e-04
7.164000000000000000e+03 5.275639222701163870e-04
7.165000000000000000e+03 5.119811067685791153e-04
7.166000000000000000e+03 4.963992616778418457e-04
7.167000000000000000e+03 4.808171319982272097e-04
7.168000000000000000e+03 4.652361239111514157e-04
7.169000000000000000e+03 4.496572112594959618e-04
7.170000000000000000e+03 4.340787743629224852e-04
7.171000000000000000e+03 4.184687909287128425e-04
7.172000000000000000e+03 4.028598862505196267e-04
7.173000000000000000e+03 3.872564418903365444e-04
7.174000000000000000e+03 3.716564560272422207e-04
7.175000000000000000e+03 3.560591563272006831e-04
7.176000000000000000e+03 3.404653409087840315e-04
7.177000000000000000e+03 3.248759410835593020e-04
7.178000000000000000e+03 3.092892391066775722e-04
7.179000000000000000e+03 2.937061012219215473e-04
7.180000000000000000e+03 2.781265480080520906e-04
7.181000000000000000e+03 2.733842100050833069e-04
7.182000000000000000e+03 2.686427841333728509e-04
7.183000000000000000e+03 2.639023483787917386e-04
7.184000000000000000e+03 2.591621646160603763e-04
7.185000000000000000e+03 2.544238618288349003e-04
7.186000000000000000e+03 2.496865349915981629e-04
7.187000000000000000e+03 2.449497712233134040e-04
7.188000000000000000e+03 2.402136611740936635e-04
7.189000000000000000e+03 2.354787871009620282e-04
7.190000000000000000e+03 2.307453837046783015e-04
7.191000000000000000e+03 2.260072567511646198e-04
7.192000000000000000e+03 2.212705349807346262e-04
7.193000000000000000e+03 2.165344293232716736e-04
7.194000000000000000e+03 2.118002388814342986e-04
7.195000000000000000e+03 2.070666613624082514e-04
7.196000000000000000e+03 2.023347490401821249e-04
7.197000000000000000e+03 1.976034725037525671e-04
7.198000000000000000e+03 1.928738226685388225e-04
7.199000000000000000e+03 1.881450378718759321e-04
7.200000000000000000e+03 1.834174185589148047e-04
7.201000000000000000e+03 1.786866173457668766e-04
7.202000000000000000e+03 1.739569522888387537e-04
7.203000000000000000e+03 1.692286765692809056e-04
7.204000000000000000e+03 1.645015733213766229e-04
7.205000000000000000e+03 1.597762547170631254e-04
7.206000000000000000e+03 1.550521089139323219e-04
7.207000000000000000e+03 1.503294936869876020e-04
7.208000000000000000e+03 1.456082672544517021e-04
7.209000000000000000e+03 1.408882425672152393e-04
7.210000000000000000e+03 1.361695655107869921e-04
7.211000000000000000e+03 1.314433819749304133e-04
7.212000000000000000e+03 1.267190686181206435e-04
7.213000000000000000e+03 1.219969091145006420e-04
7.214000000000000000e+03 1.172764860439301943e-04
7.215000000000000000e+03 1.125582527441413325e-04
7.216000000000000000e+03 1.078420485641680426e-04
7.217000000000000000e+03 1.031277375741350183e-04
7.218000000000000000e+03 9.841558998236221202e-05
7.219000000000000000e+03 9.370547156264257026e-05
7.220000000000000000e+03 8.899727143038511446e-05
7.221000000000000000e+03 8.816921037640510091e-05
7.222000000000000000e+03 8.734126276261937793e-05
7.223000000000000000e+03 8.651367575880816697e-05
7.224000000000000000e+03 8.568655577700184619e-05
7.225000000000000000e+03 8.485957028549614902e-05
7.226000000000000000e+03 8.403316238053111324e-05
7.227000000000000000e+03 8.320708184375245604e-05
7.228000000000000000e+03 8.238117848609470171e-05
7.229000000000000000e+03 8.155580399566609185e-05
7.230000000000000000e+03 8.073078752391472717e-05
7.231000000000000000e+03 7.991223254403570736e-05
7.232000000000000000e+03 7.909418771948691258e-05
7.233000000000000000e+03 7.827627139584807667e-05
7.234000000000000000e+03 7.745848075862612201e-05
7.235000000000000000e+03 7.664091440477815835e-05
7.236000000000000000e+03 7.582383933877001820e-05
7.237000000000000000e+03 7.500671882560867583e-05
7.238000000000000000e+03 7.418982270078963172e-05
7.239000000000000000e+03 7.337333408591919766e-05
7.240000000000000000e+03 7.255695939969582470e-05
7.241000000000000000e+03 7.174025032518226879e-05
7.242000000000000000e+03 7.092402158121894956e-05
7.243000000000000000e+03 7.010794564707770442e-05
7.244000000000000000e+03 6.929209646503458220e-05
7.245000000000000000e+03 6.847640381101956144e-05
7.246000000000000000e+03 6.766118358673499486e-05
7.247000000000000000e+03 6.684603922052713865e-05
7.248000000000000000e+03 6.603119464380707241e-05
7.249000000000000000e+03 6.521642206268637553e-05
7.250000000000000000e+03 6.440203989322407067e-05
7.251000000000000000e+03 6.358345216129457594e-05
7.252000000000000000e+03 6.276519874256926282e-05
7.253000000000000000e+03 6.194729821532815898e-05
7.254000000000000000e+03 6.112988065675711694e-05
7.255000000000000000e+03 6.031258545135580537e-05
7.256000000000000000e+03 5.949585486203714136e-05
7.257000000000000000e+03 5.867932142819373183e-05
7.258000000000000000e+03 5.786319552384867638e-05
7.259000000000000000e+03 5.704741985569742750e-05
7.260000000000000000e+03 5.623198577680034167e-05
7.261000000000000000e+03 5.545391009826020117e-05
7.262000000000000000e+03 5.467618834111295865e-05
7.263000000000000000e+03 5.389867177182163942e-05
7.264000000000000000e+03 5.312144298708356777e-05
7.265000000000000000e+03 5.234429041722719189e-05
7.266000000000000000e+03 5.156755463310570798e-05
7.267000000000000000e+03 5.079069853935361896e-05
7.268000000000000000e+03 5.001431997159782781e-05
7.269000000000000000e+03 4.923820366158954451e-05
7.270000000000000000e+03 4.846206835989209238e-05
7.271000000000000000e+03 4.768361054085225407e-05
7.272000000000000000e+03 4.690539397681726063e-05
7.273000000000000000e+03 4.612758840343913222e-05
7.274000000000000000e+03 4.534992047909995366e-05
