4.760000000000000000e+03 1.485137715277000879e-05
4.770000000000000000e+03 2.500141867625319892e-05
4.780000000000000000e+03 4.858679424307382142e-05
4.790000000000000000e+03 8.975848061932838336e-05
4.800000000000000000e+03 1.806745673462954846e-04
4.810000000000000000e+03 3.222305642781277059e-04
4.820000000000000000e+03 6.032565899054213171e-04
4.830000000000000000e+03 1.006538994102991295e-03
4.840000000000000000e+03 1.650673546445460133e-03
4.850000000000000000e+03 2.666558892039089159e-03
4.860000000000000000e+03 4.156735954047483320e-03
4.870000000000000000e+03 5.875334001598108216e-03
4.880000000000000000e+03 8.329586910046343773e-03
4.890000000000000000e+03 1.091573813667726968e-02
4.900000000000000000e+03 1.434676456104900730e-02
4.910000000000000000e+03 1.774853217922452153e-02
4.920000000000000000e+03 2.194008276318151068e-02
4.930000000000000000e+03 2.584609848927157602e-02
4.940000000000000000e+03 3.042567183165788974e-02
4.950000000000000000e+03 3.451452632832185258e-02
4.960000000000000000e+03 3.912515842516918474e-02
4.970000000000000000e+03 4.313444239867318675e-02
4.980000000000000000e+03 4.753393446605046202e-02
4.990000000000000000e+03 5.120973345562944423e-02
5.000000000000000000e+03 5.517153490153903911e-02
5.010000000000000000e+03 5.856504679704509220e-02
5.020000000000000000e+03 6.214730701154130149e-02
5.030000000000000000e+03 6.517581965882220107e-02
5.040000000000000000e+03 6.830029865242935594e-02
5.050000000000000000e+03 7.092010826302892756e-02
5.060000000000000000e+03 7.365792880753052607e-02
5.070000000000000000e+03 7.600253289829404790e-02
5.080000000000000000e+03 7.836500750985492258e-02
5.090000000000000000e+03 8.037564625048013167e-02
5.100000000000000000e+03 8.244058034686954639e-02
5.110000000000000000e+03 8.421553917307122994e-02
5.120000000000000000e+03 8.602854993454610300e-02
5.130000000000000000e+03 8.760378831776774455e-02
5.140000000000000000e+03 8.921123148421268578e-02
5.150000000000000000e+03 9.063855124220432380e-02
5.160000000000000000e+03 9.205665865959972161e-02
5.170000000000000000e+03 9.331750010236256054e-02
5.180000000000000000e+03 9.460851769147135548e-02
5.190000000000000000e+03 9.574554856012357229e-02
5.200000000000000000e+03 9.690297043200694904e-02
5.210000000000000000e+03 9.796720441430910309e-02
5.220000000000000000e+03 9.902891765047516781e-02
5.230000000000000000e+03 1.000274303239542945e-01
5.240000000000000000e+03 1.009972539519214119e-01
5.250000000000000000e+03 1.019265145279414086e-01
5.260000000000000000e+03 1.028064000226896063e-01
5.270000000000000000e+03 1.035923518966681278e-01
5.280000000000000000e+03 1.044512100268385341e-01
5.290000000000000000e+03 1.052095643466040842e-01
5.300000000000000000e+03 1.059887243495264142e-01
5.310000000000000000e+03 1.067112876966166551e-01
5.320000000000000000e+03 1.074025988341045512e-01
5.330000000000000000e+03 1.080639941257385273e-01
5.340000000000000000e+03 1.087047331755093549e-01
5.350000000000000000e+03 1.093330941902099784e-01
5.360000000000000000e+03 1.098855622790185782e-01
5.370000000000000000e+03 1.104846207180715523e-01
5.380000000000000000e+03 1.110187644781395894e-01
5.390000000000000000e+03 1.115421687667667860e-01
5.400000000000000000e+03 1.119987627111465045e-01
5.410000000000000000e+03 1.124897750658655493e-01
5.420000000000000000e+03 1.128666807244751991e-01
5.430000000000000000e+03 1.133365231510380933e-01
5.440000000000000000e+03 1.137033099486253057e-01
5.450000000000000000e+03 1.140663281935595380e-01
5.460000000000000000e+03 1.143839591792808474e-01
5.470000000000000000e+03 1.146977028667027915e-01
5.480000000000000000e+03 1.149777482398663814e-01
5.490000000000000000e+03 1.152664233251904230e-01
5.500000000000000000e+03 1.154335700804472731e-01
5.510000000000000000e+03 1.156001553586674807e-01
5.520000000000000000e+03 1.157219021961433530e-01
5.530000000000000000e+03 1.158513746618104329e-01
5.540000000000000000e+03 1.158653279184315710e-01
5.550000000000000000e+03 1.159361871987719950e-01
5.560000000000000000e+03 1.159238564787726938e-01
5.570000000000000000e+03 1.159147900873847420e-01
5.580000000000000000e+03 1.157770908919114466e-01
5.590000000000000000e+03 1.157507888735251761e-01
5.600000000000000000e+03 1.156083411758053320e-01
5.610000000000000000e+03 1.152462560200674946e-01
5.620000000000000000e+03 1.147559448028971224e-01
5.630000000000000000e+03 1.143402392113898741e-01
5.640000000000000000e+03 1.138366355694584164e-01
5.650000000000000000e+03 1.133698926846528621e-01
5.660000000000000000e+03 1.128148069168327106e-01
5.670000000000000000e+03 1.122545352611974551e-01
5.680000000000000000e+03 1.116295978642799780e-01
5.690000000000000000e+03 1.111820682678268946e-01
5.700000000000000000e+03 1.105467650190808115e-01
5.710000000000000000e+03 1.099062183076658927e-01
5.720000000000000000e+03 1.092744201288593647e-01
5.730000000000000000e+03 1.085235617179924339e-01
5.740000000000000000e+03 1.078096588610505113e-01
5.750000000000000000e+03 1.069298368852261011e-01
5.760000000000000000e+03 1.062469879374667997e-01
5.770000000000000000e+03 1.053580236463029646e-01
5.780000000000000000e+03 1.045744078619944006e-01
5.790000000000000000e+03 1.036150701612044284e-01
5.800000000000000000e+03 1.028049123465835657e-01
5.810000000000000000e+03 1.017601886903359287e-01
5.820000000000000000e+03 1.009086130434302814e-01
5.830000000000000000e+03 9.983567872129694987e-02
5.840000000000000000e+03 9.894244745949597186e-02
5.850000000000000000e+03 9.781199919796911002e-02
5.860000000000000000e+03 9.684711550377270162e-02
5.870000000000000000e+03 9.571715949989917371e-02
5.880000000000000000e+03 9.471252902843742272e-02
5.890000000000000000e+03 9.352405465336653678e-02
5.900000000000000000e+03 9.249123071996699641e-02
5.910000000000000000e+03 9.128841344978909367e-02
5.920000000000000000e+03 9.021486873430270559e-02
5.930000000000000000e+03 8.899755256836326678e-02
5.940000000000000000e+03 8.788019677528982609e-02
5.950000000000000000e+03 8.657606494777099482e-02
5.960000000000000000e+03 8.548958886580737548e-02
5.970000000000000000e+03 8.420322089995754822e-02
5.980000000000000000e+03 8.305768334636250139e-02
5.990000000000000000e+03 8.171101494425155043e-02
6.000000000000000000e+03 8.053852556514924654e-02
6.010000000000000000e+03 7.906286142846859211e-02
6.020000000000000000e+03 7.772479214381433632e-02
6.030000000000000000e+03 7.621848702587824542e-02
6.040000000000000000e+03 7.486265204268373330e-02
6.050000000000000000e+03 7.327753998928709933e-02
6.060000000000000000e+03 7.196691734471015456e-02
6.070000000000000000e+03 7.043992147121710956e-02
6.080000000000000000e+03 6.912683488216914141e-02
6.090000000000000000e+03 6.759931547498441995e-02
6.100000000000000000e+03 6.629892424830619024e-02
6.110000000000000000e+03 6.476882317667251310e-02
6.120000000000000000e+03 6.346595378851696556e-02
6.130000000000000000e+03 6.197909702020663880e-02
6.140000000000000000e+03 6.071965591734723722e-02
6.150000000000000000e+03 5.921698141975764718e-02
6.160000000000000000e+03 5.795530662623238349e-02
6.170000000000000000e+03 5.650948763736357572e-02
6.180000000000000000e+03 5.526101841189617198e-02
6.190000000000000000e+03 5.384348361447297004e-02
6.200000000000000000e+03 5.259295351307483046e-02
6.210000000000000000e+03 5.117335813473214423e-02
6.220000000000000000e+03 4.996523413161933075e-02
6.230000000000000000e+03 4.858953571050588643e-02
6.240000000000000000e+03 4.742551064512186276e-02
6.250000000000000000e+03 4.609382886782831257e-02
6.260000000000000000e+03 4.494352275660370294e-02
6.270000000000000000e+03 4.362269649039553221e-02
6.280000000000000000e+03 4.251674816011655894e-02
6.290000000000000000e+03 4.125576336279766082e-02
6.300000000000000000e+03 4.016253350646079717e-02
6.310000000000000000e+03 3.894605401775317471e-02
6.320000000000000000e+03 3.788112122749057176e-02
6.330000000000000000e+03 3.670830564800474372e-02
6.340000000000000000e+03 3.570362177466815390e-02
6.350000000000000000e+03 3.452865289990037639e-02
6.360000000000000000e+03 3.355270358355482568e-02
6.370000000000000000e+03 3.243722443114355203e-02
6.380000000000000000e+03 3.150557776742175797e-02
6.390000000000000000e+03 3.042011527168328802e-02
6.400000000000000000e+03 2.948689481075603830e-02
6.410000000000000000e+03 2.844512372446090023e-02
6.420000000000000000e+03 2.755669658197625049e-02
6.430000000000000000e+03 2.657514923410755903e-02
6.440000000000000000e+03 2.573165447866971114e-02
6.450000000000000000e+03 2.481054147904664109e-02
6.460000000000000000e+03 2.399687694519504755e-02
6.470000000000000000e+03 2.308964895594176059e-02
6.480000000000000000e+03 2.233599773868473470e-02
6.490000000000000000e+03 2.150564432876572035e-02
6.500000000000000000e+03 2.076621625962454462e-02
6.510000000000000000e+03 1.994691746706789975e-02
6.520000000000000000e+03 1.914633536874564210e-02
6.530000000000000000e+03 1.841007818647206334e-02
6.540000000000000000e+03 1.767700117504749507e-02
6.550000000000000000e+03 1.694768063604315880e-02
6.560000000000000000e+03 1.626692097872782863e-02
6.570000000000000000e+03 1.557465027184024020e-02
6.580000000000000000e+03 1.494213895187753056e-02
6.590000000000000000e+03 1.428647008426264971e-02
6.600000000000000000e+03 1.370258642177572470e-02
6.610000000000000000e+03 1.308267658386626231e-02
6.620000000000000000e+03 1.253703537729417526e-02
6.630000000000000000e+03 1.198883575865516797e-02
6.640000000000000000e+03 1.146653830175635783e-02
6.650000000000000000e+03 1.095631713489050169e-02
6.660000000000000000e+03 1.047469462482055434e-02
6.670000000000000000e+03 9.996095778298203643e-03
6.680000000000000000e+03 9.549068989724331102e-03
6.690000000000000000e+03 9.095840484743100696e-03
6.700000000000000000e+03 8.682636434803532241e-03
6.710000000000000000e+03 8.268908961856089729e-03
6.720000000000000000e+03 7.877747810347071611e-03
6.730000000000000000e+03 7.500351975854242619e-03
6.740000000000000000e+03 7.144967236309965851e-03
6.750000000000000000e+03 6.800236938406203739e-03
6.760000000000000000e+03 6.463218689166889963e-03
6.770000000000000000e+03 6.142184179303004053e-03
6.780000000000000000e+03 5.837386479100170958e-03
6.790000000000000000e+03 5.548321508962808686e-03
6.800000000000000000e+03 5.263793666321152018e-03
6.810000000000000000e+03 4.997789663131039541e-03
6.820000000000000000e+03 4.738959749688133674e-03
6.830000000000000000e+03 4.492834774105555068e-03
6.840000000000000000e+03 4.256515346560781586e-03
6.850000000000000000e+03 4.146248304000731653e-03
6.860000000000000000e+03 4.036612851559962488e-03
6.870000000000000000e+03 3.927491125075628642e-03
6.880000000000000000e+03 3.819128300321879103e-03
6.890000000000000000e+03 3.711390223366927560e-03
6.900000000000000000e+03 3.604275643425084580e-03
6.910000000000000000e+03 3.497680234323100826e-03
6.920000000000000000e+03 3.391816809196913658e-03
6.930000000000000000e+03 3.286576736651851752e-03
6.940000000000000000e+03 3.182055096487612211e-03
6.950000000000000000e+03 3.021694785925033069e-03
6.960000000000000000e+03 2.846254779636372707e-03
6.970000000000000000e+03 2.699971892266624530e-03
6.980000000000000000e+03 2.542612963606760007e-03
6.990000000000000000e+03 2.411383704134941342e-03
7.000000000000000000e+03 2.269057849933148706e-03
7.010000000000000000e+03 2.147893408199786584e-03
7.020000000000000000e+03 2.015978380421445948e-03
7.030000000000000000e+03 1.906150516247535941e-03
7.040000000000000000e+03 1.788296406752788335e-03
7.050000000000000000e+03 1.690797213963058168e-03
7.060000000000000000e+03 1.586525584184453721e-03
7.070000000000000000e+03 1.499800187244261897e-03
7.080000000000000000e+03 1.406224967443578345e-03
7.090000000000000000e+03 1.327416163692097520e-03
7.100000000000000000e+03 1.244695414690555422e-03
7.110000000000000000e+03 1.176257632049369870e-03
7.120000000000000000e+03 1.101071495991054559e-03
7.130000000000000000e+03 1.039108136186331919e-03
7.140000000000000000e+03 9.732810559843100640e-04
7.150000000000000000e+03 9.182277180259350172e-04
7.160000000000000000e+03 8.597804247794042353e-04
7.170000000000000000e+03 8.108760356637456992e-04
7.180000000000000000e+03 7.586755648712670535e-04
7.190000000000000000e+03 7.153701592530725380e-04
7.200000000000000000e+03 6.688728947279446628e-04
7.210000000000000000e+03 6.303252403319209701e-04
7.220000000000000000e+03 5.899829563664888950e-04
7.230000000000000000e+03 5.557064997298966731e-04
7.240000000000000000e+03 5.197159564518203257e-04
7.250000000000000000e+03 4.892282285252410202e-04
7.260000000000000000e+03 4.576125611883946186e-04
7.270000000000000000e+03 4.315109393854669496e-04
7.280000000000000000e+03 4.033442601285810894e-04
7.290000000000000000e+03 3.801376894015574977e-04
7.300000000000000000e+03 3.549749012101299393e-04
7.310000000000000000e+03 3.344852333740030992e-04
7.320000000000000000e+03 3.124879248253952663e-04
7.330000000000000000e+03 2.942923128796360796e-04
7.340000000000000000e+03 2.749206106803260270e-04
7.350000000000000000e+03 2.586320983491464400e-04
7.360000000000000000e+03 2.419328350948158496e-04
7.370000000000000000e+03 2.279402879407662990e-04
7.380000000000000000e+03 2.128527325811718871e-04
7.390000000000000000e+03 2.003231818193392606e-04
7.400000000000000000e+03 1.872504973867006447e-04
7.410000000000000000e+03 1.762581755686328661e-04
7.420000000000000000e+03 1.646015492395475381e-04
7.430000000000000000e+03 1.547783981009119645e-04
7.440000000000000000e+03 1.445118207686506620e-04
7.450000000000000000e+03 1.362535552449084802e-04
7.460000000000000000e+03 1.274362055405987870e-04
7.470000000000000000e+03 1.198604351039455024e-04
7.480000000000000000e+03 1.119318007853570881e-04
7.490000000000000000e+03 1.055404175145765235e-04
7.500000000000000000e+03 9.856323382724960724e-05
7.510000000000000000e+03 9.288467235015329530e-05
7.520000000000000000e+03 8.676084972562436595e-05
7.530000000000000000e+03 8.182187262653151452e-05
7.540000000000000000e+03 7.654835167850741414e-05
7.550000000000000000e+03 7.230913902996877305e-05
7.560000000000000000e+03 6.742890538169876312e-05
7.570000000000000000e+03 6.364102613091413311e-05
7.580000000000000000e+03 5.940535191811295514e-05
7.590000000000000000e+03 5.608682339150005395e-05
7.600000000000000000e+03 5.266876061581770994e-05
7.610000000000000000e+03 4.959800186592146811e-05
7.620000000000000000e+03 4.643677502246916906e-05
7.630000000000000000e+03 4.382353837854725261e-05
7.640000000000000000e+03 4.091216100190002132e-05
7.650000000000000000e+03 3.880361568925101424e-05
7.660000000000000000e+03 3.637610153555173429e-05
7.670000000000000000e+03 3.433596988818724216e-05
7.680000000000000000e+03 3.215177917197184086e-05
7.690000000000000000e+03 3.034929886986257444e-05
7.700000000000000000e+03 2.833600597334853946e-05
7.710000000000000000e+03 2.689735484651702136e-05
7.720000000000000000e+03 2.522797560534289845e-05
7.730000000000000000e+03 2.389133318687645735e-05
7.740000000000000000e+03 2.242760886049012604e-05
7.750000000000000000e+03 2.111613623671888267e-05
7.760000000000000000e+03 1.991792847196171439e-05
7.770000000000000000e+03 1.870339842208844965e-05
7.780000000000000000e+03 1.761854318056773770e-05
7.790000000000000000e+03 1.674313281327760675e-05
7.800000000000000000e+03 1.576760916781540678e-05
7.810000000000000000e+03 1.493577929161022938e-05
7.820000000000000000e+03 1.406704280328271557e-05
7.830000000000000000e+03 1.338411645026787804e-05
7.840000000000000000e+03 1.242473427971527291e-05
7.850000000000000000e+03 1.179985004987024404e-05
