5.780000000000000000e+03 1.454440893056784075e-05
5.790000000000000000e+03 3.156778346149313454e-05
5.800000000000000000e+03 5.819474594546364090e-05
5.810000000000000000e+03 1.094739495362205122e-04
5.820000000000000000e+03 1.817256840163485390e-04
5.830000000000000000e+03 3.094969182224110624e-04
5.840000000000000000e+03 4.683960443736257515e-04
5.850000000000000000e+03 7.230652488924399187e-04
5.852000000000000000e+03 7.909309243627172473e-04
5.854000000000000000e+03 8.700964831761144602e-04
5.856000000000000000e+03 9.491981852937347299e-04
5.858000000000000000e+03 1.033858311527947448e-03
5.860000000000000000e+03 1.132803944410764804e-03
5.862000000000000000e+03 1.234666778589147296e-03
5.864000000000000000e+03 1.347749844676257190e-03
5.866000000000000000e+03 1.463337499367703323e-03
5.868000000000000000e+03 1.590873977312113208e-03
5.870000000000000000e+03 1.726993449956666562e-03
5.872000000000000000e+03 1.873117018777544071e-03
5.874000000000000000e+03 2.037727552584971298e-03
5.876000000000000000e+03 2.206733161152064568e-03
5.878000000000000000e+03 2.394265563164715838e-03
5.880000000000000000e+03 2.600351543372497916e-03
5.882000000000000000e+03 2.817946955823823728e-03
5.884000000000000000e+03 3.058386616435701272e-03
5.886000000000000000e+03 3.318871988182234105e-03
5.888000000000000000e+03 3.599432919201306282e-03
5.890000000000000000e+03 3.902930219387351803e-03
5.892000000000000000e+03 4.237900524042381711e-03
5.894000000000000000e+03 4.595881730795177422e-03
5.896000000000000000e+03 4.985418644109002387e-03
5.898000000000000000e+03 5.416492627882257653e-03
5.900000000000000000e+03 5.886323207037463291e-03
5.902000000000000000e+03 6.403485457572333749e-03
5.904000000000000000e+03 6.966630996599540437e-03
5.906000000000000000e+03 7.581510812915059558e-03
5.908000000000000000e+03 8.249625090993200835e-03
5.910000000000000000e+03 8.982434136178690798e-03
5.912000000000000000e+03 9.765844620822639044e-03
5.914000000000000000e+03 1.060985516757056296e-02
5.916000000000000000e+03 1.152168327941465766e-02
5.918000000000000000e+03 1.249857157080856013e-02
5.920000000000000000e+03 1.355060107796995233e-02
5.922000000000000000e+03 1.467635297441834304e-02
5.924000000000000000e+03 1.586888165615531546e-02
5.926000000000000000e+03 1.713398655292153877e-02
5.928000000000000000e+03 1.847176930862321279e-02
5.930000000000000000e+03 1.989664403222271213e-02
5.932000000000000000e+03 2.139452919279007451e-02
5.934000000000000000e+03 2.300838566494755114e-02
5.936000000000000000e+03 2.470973337602805006e-02
5.938000000000000000e+03 2.652733643644303654e-02
5.940000000000000000e+03 2.844705470838069378e-02
5.942000000000000000e+03 3.049766925044624516e-02
5.944000000000000000e+03 3.262200107971769542e-02
5.946000000000000000e+03 3.486321463235074469e-02
5.948000000000000000e+03 3.720710263990265054e-02
5.950000000000000000e+03 3.963944776888443655e-02
5.952000000000000000e+03 4.223224151730142067e-02
5.954000000000000000e+03 4.492817458684177784e-02
5.956000000000000000e+03 4.774181010458009716e-02
5.958000000000000000e+03 5.064448308415016309e-02
5.960000000000000000e+03 5.362192089421170121e-02
5.962000000000000000e+03 5.668895148030386050e-02
5.964000000000000000e+03 5.980216358152955908e-02
5.966000000000000000e+03 6.299044486817891031e-02
5.968000000000000000e+03 6.623949749688806676e-02
5.970000000000000000e+03 6.946275327188086712e-02
5.972000000000000000e+03 7.268855322488226856e-02
5.974000000000000000e+03 7.584507447010470360e-02
5.976000000000000000e+03 7.894668971144333525e-02
5.978000000000000000e+03 8.196437245280641104e-02
5.980000000000000000e+03 8.484007570688260891e-02
5.982000000000000000e+03 8.757413633198346536e-02
5.984000000000000000e+03 9.015132351671077682e-02
5.986000000000000000e+03 9.258596357700855928e-02
5.988000000000000000e+03 9.483432421107482191e-02
5.990000000000000000e+03 9.685261712060787287e-02
5.992000000000000000e+03 9.868394497396940079e-02
5.994000000000000000e+03 1.003281690938166160e-01
5.996000000000000000e+03 1.017704503125449050e-01
5.998000000000000000e+03 1.029959750749150499e-01
6.000000000000000000e+03 1.040480654463301347e-01
6.002000000000000000e+03 1.048841109547529182e-01
6.004000000000000000e+03 1.055456991272371303e-01
6.006000000000000000e+03 1.060473737996121130e-01
6.008000000000000000e+03 1.063890674404474462e-01
6.010000000000000000e+03 1.065998832453826373e-01
6.012000000000000000e+03 1.066948510625695262e-01
6.014000000000000000e+03 1.067025331757632395e-01
6.016000000000000000e+03 1.065937955960501449e-01
6.018000000000000000e+03 1.063977304316665873e-01
6.020000000000000000e+03 1.061433939852977903e-01
6.022000000000000000e+03 1.058307880279003438e-01
6.024000000000000000e+03 1.054889917393968674e-01
6.026000000000000000e+03 1.050889352220059497e-01
6.028000000000000000e+03 1.046888082803419245e-01
6.030000000000000000e+03 1.042740637710442286e-01
6.032000000000000000e+03 1.038591731559782433e-01
6.034000000000000000e+03 1.034296527893346640e-01
6.036000000000000000e+03 1.030437537280396304e-01
6.038000000000000000e+03 1.026723472967715489e-01
6.040000000000000000e+03 1.023300242944347044e-01
6.042000000000000000e+03 1.020167210405655139e-01
6.044000000000000000e+03 1.017324874092288417e-01
6.046000000000000000e+03 1.014919113958896585e-01
6.048000000000000000e+03 1.013095850459054675e-01
6.050000000000000000e+03 1.011563527049818140e-01
6.052000000000000000e+03 1.010473745111139660e-01
6.054000000000000000e+03 1.010112266214342330e-01
6.056000000000000000e+03 1.010042257976536406e-01
6.058000000000000000e+03 1.010409403259844990e-01
6.060000000000000000e+03 1.011213888790674503e-01
6.062000000000000000e+03 1.012448843106094759e-01
6.064000000000000000e+03 1.013975396534111673e-01
6.066000000000000000e+03 1.015502204000143932e-01
6.068000000000000000e+03 1.017029176830101800e-01
6.070000000000000000e+03 1.018264693690215522e-01
6.072000000000000000e+03 1.019652052747649362e-01
6.074000000000000000e+03 1.021039396563012264e-01
6.076000000000000000e+03 1.022281192191535903e-01
6.078000000000000000e+03 1.023377407359445934e-01
6.080000000000000000e+03 1.024327655457886177e-01
6.082000000000000000e+03 1.025277317643420449e-01
6.084000000000000000e+03 1.025935304248283136e-01
6.086000000000000000e+03 1.026593255126114490e-01
6.088000000000000000e+03 1.027105396512482394e-01
6.090000000000000000e+03 1.027909403902840385e-01
6.092000000000000000e+03 1.028858970746532597e-01
6.094000000000000000e+03 1.030246579555450931e-01
6.096000000000000000e+03 1.031780427423334423e-01
6.098000000000000000e+03 1.033751932492076031e-01
6.100000000000000000e+03 1.035869692821048127e-01
6.102000000000000000e+03 1.038279231816091053e-01
6.104000000000000000e+03 1.040980786496775029e-01
6.106000000000000000e+03 1.044120819016619711e-01
6.108000000000000000e+03 1.047407045179994944e-01
6.110000000000000000e+03 1.051277960279715096e-01
6.112000000000000000e+03 1.055732763912657218e-01
6.114000000000000000e+03 1.060480237253326741e-01
6.116000000000000000e+03 1.065520441668551394e-01
6.118000000000000000e+03 1.070999368388868556e-01
6.120000000000000000e+03 1.076917375656986503e-01
6.122000000000000000e+03 1.083273891128114924e-01
6.124000000000000000e+03 1.089777479612304700e-01
6.126000000000000000e+03 1.096720112993845447e-01
6.128000000000000000e+03 1.103956079069205037e-01
6.130000000000000000e+03 1.111631163623844482e-01
6.132000000000000000e+03 1.119598782070791859e-01
6.134000000000000000e+03 1.127859746691811382e-01
6.136000000000000000e+03 1.136414117389961259e-01
6.138000000000000000e+03 1.144969535485794027e-01
6.140000000000000000e+03 1.153526177712858036e-01
6.142000000000000000e+03 1.162090817320700631e-01
6.144000000000000000e+03 1.170656781686534170e-01
6.146000000000000000e+03 1.178785313354739628e-01
6.148000000000000000e+03 1.186768661808743214e-01
6.150000000000000000e+03 1.194314600462733633e-01
6.152000000000000000e+03 1.201561090887242056e-01
6.154000000000000000e+03 1.208662223253905987e-01
6.156000000000000000e+03 1.215910397324466707e-01
6.158000000000000000e+03 1.222721008453045849e-01
6.160000000000000000e+03 1.229239846285836574e-01
6.162000000000000000e+03 1.235320229050572705e-01
6.164000000000000000e+03 1.241108962205901001e-01
6.166000000000000000e+03 1.246898515199030555e-01
6.168000000000000000e+03 1.252542168665703171e-01
6.170000000000000000e+03 1.258040514495121776e-01
6.172000000000000000e+03 1.263392638339150553e-01
6.174000000000000000e+03 1.268891909716974020e-01
6.176000000000000000e+03 1.274099149522598118e-01
6.178000000000000000e+03 1.279453091402685261e-01
6.180000000000000000e+03 1.284807964223948773e-01
6.182000000000000000e+03 1.290016357085984611e-01
6.184000000000000000e+03 1.295225298177310469e-01
6.186000000000000000e+03 1.300434964826133466e-01
6.188000000000000000e+03 1.305645089777940082e-01
6.190000000000000000e+03 1.310855939298747885e-01
6.192000000000000000e+03 1.315920735101717975e-01
6.194000000000000000e+03 1.321132366502042188e-01
6.196000000000000000e+03 1.326344895899466692e-01
6.198000000000000000e+03 1.331118528186260586e-01
6.200000000000000000e+03 1.335746125119023076e-01
6.202000000000000000e+03 1.340520636395115539e-01
6.204000000000000000e+03 1.345442165871331419e-01
6.206000000000000000e+03 1.350364194179859145e-01
6.208000000000000000e+03 1.354847316322424222e-01
6.210000000000000000e+03 1.359184401306850198e-01
6.212000000000000000e+03 1.363366723226400734e-01
6.214000000000000000e+03 1.367256668302088141e-01
6.216000000000000000e+03 1.370707147050981844e-01
6.218000000000000000e+03 1.374157885070110552e-01
6.220000000000000000e+03 1.377169497994013836e-01
6.222000000000000000e+03 1.380042971366383930e-01
6.224000000000000000e+03 1.382623501399761201e-01
6.226000000000000000e+03 1.384764660326875119e-01
6.228000000000000000e+03 1.387052596690971362e-01
6.230000000000000000e+03 1.389194024832882401e-01
6.232000000000000000e+03 1.391179869927449686e-01
6.234000000000000000e+03 1.392872627842424438e-01
6.236000000000000000e+03 1.394272425963771767e-01
6.238000000000000000e+03 1.395232166817594599e-01
6.240000000000000000e+03 1.396338837665393739e-01
6.242000000000000000e+03 1.397013951115659569e-01
6.244000000000000000e+03 1.397542375956985494e-01
6.246000000000000000e+03 1.398070900221429491e-01
6.248000000000000000e+03 1.398599345699337582e-01
6.250000000000000000e+03 1.398834577824734360e-01
6.252000000000000000e+03 1.398767376144655628e-01
6.254000000000000000e+03 1.398553525954571997e-01
6.256000000000000000e+03 1.398339594541423703e-01
6.258000000000000000e+03 1.398125492819022320e-01
6.260000000000000000e+03 1.398058007933427604e-01
6.262000000000000000e+03 1.397834894914199155e-01
6.264000000000000000e+03 1.397318098450482382e-01
6.266000000000000000e+03 1.396801103728169402e-01
6.268000000000000000e+03 1.396430727382718673e-01
6.270000000000000000e+03 1.395766876304066206e-01
6.272000000000000000e+03 1.394816874598567846e-01
6.274000000000000000e+03 1.393720316360768097e-01
6.276000000000000000e+03 1.392623401593268972e-01
6.278000000000000000e+03 1.391672986963037595e-01
6.280000000000000000e+03 1.390869542861525865e-01
6.282000000000000000e+03 1.389910524022054117e-01
6.284000000000000000e+03 1.389245557818092336e-01
6.286000000000000000e+03 1.388286517543318721e-01
6.288000000000000000e+03 1.387327236486124438e-01
6.290000000000000000e+03 1.386221081230966656e-01
6.292000000000000000e+03 1.385114050363508709e-01
6.294000000000000000e+03 1.384300596685034690e-01
6.296000000000000000e+03 1.383486739677516619e-01
6.298000000000000000e+03 1.382379333562235857e-01
6.300000000000000000e+03 1.381271406477481700e-01
6.302000000000000000e+03 1.380309915024603706e-01
6.304000000000000000e+03 1.379642176857157898e-01
6.306000000000000000e+03 1.378827360025322024e-01
6.308000000000000000e+03 1.377865443353490094e-01
6.310000000000000000e+03 1.377050261201837045e-01
6.312000000000000000e+03 1.376079852649488844e-01
6.314000000000000000e+03 1.375109305973119811e-01
6.316000000000000000e+03 1.374285344471846138e-01
6.318000000000000000e+03 1.373314617317749897e-01
6.320000000000000000e+03 1.372049567359511224e-01
6.322000000000000000e+03 1.371225071907359039e-01
6.324000000000000000e+03 1.370400094827376458e-01
6.326000000000000000e+03 1.369428239464544617e-01
6.328000000000000000e+03 1.368309130594952683e-01
6.330000000000000000e+03 1.367189962368669798e-01
6.332000000000000000e+03 1.365923351253106044e-01
6.334000000000000000e+03 1.364656580337137159e-01
6.336000000000000000e+03 1.363683574957849642e-01
6.338000000000000000e+03 1.362710434182284880e-01
6.340000000000000000e+03 1.361737247421370978e-01
6.342000000000000000e+03 1.360461272496131802e-01
6.344000000000000000e+03 1.359331869965493544e-01
6.346000000000000000e+03 1.358202511812442725e-01
6.348000000000000000e+03 1.357220103795856170e-01
6.350000000000000000e+03 1.356384661222887200e-01
6.352000000000000000e+03 1.355843198319599263e-01
6.354000000000000000e+03 1.355154453624049793e-01
6.356000000000000000e+03 1.354612710216430427e-01
6.358000000000000000e+03 1.354070963167912089e-01
6.360000000000000000e+03 1.353676059089569950e-01
6.362000000000000000e+03 1.353566612734028729e-01
6.364000000000000000e+03 1.353604136842606886e-01
6.366000000000000000e+03 1.353788643647607093e-01
6.368000000000000000e+03 1.354120234678283796e-01
6.370000000000000000e+03 1.354598743432895158e-01
6.372000000000000000e+03 1.355224509230034402e-01
6.374000000000000000e+03 1.355703288732547918e-01
6.376000000000000000e+03 1.356181770054390445e-01
6.378000000000000000e+03 1.356954612642866098e-01
6.380000000000000000e+03 1.357874328185287582e-01
6.382000000000000000e+03 1.358793777343628995e-01
6.384000000000000000e+03 1.360007456808663695e-01
6.386000000000000000e+03 1.361074067862007020e-01
6.388000000000000000e+03 1.361993598446092912e-01
6.390000000000000000e+03 1.363060207852539729e-01
6.392000000000000000e+03 1.363970853064501720e-01
6.394000000000000000e+03 1.365175929370683328e-01
6.396000000000000000e+03 1.366233723796743682e-01
6.398000000000000000e+03 1.367438690705983506e-01
6.400000000000000000e+03 1.368643559526281916e-01
6.402000000000000000e+03 1.369987344972565801e-01
6.404000000000000000e+03 1.371330930274221593e-01
6.406000000000000000e+03 1.372527387046581504e-01
6.408000000000000000e+03 1.373723817945622649e-01
6.410000000000000000e+03 1.375067244535323197e-01
6.412000000000000000e+03 1.376263731736336038e-01
6.414000000000000000e+03 1.377313167368601765e-01
6.416000000000000000e+03 1.378509600902820820e-01
6.418000000000000000e+03 1.379706187178306454e-01
6.420000000000000000e+03 1.381196721859525023e-01
6.422000000000000000e+03 1.382531440124082633e-01
6.424000000000000000e+03 1.383718993632903349e-01
6.426000000000000000e+03 1.385200752872524366e-01
6.428000000000000000e+03 1.386535525785741185e-01
6.430000000000000000e+03 1.387869899452592870e-01
6.432000000000000000e+03 1.389056828283035394e-01
6.434000000000000000e+03 1.390538148793406814e-01
6.436000000000000000e+03 1.392166468886305575e-01
6.438000000000000000e+03 1.393941880766038366e-01
6.440000000000000000e+03 1.395570212912246866e-01
6.442000000000000000e+03 1.397337232472327107e-01
6.444000000000000000e+03 1.398957059166948957e-01
6.446000000000000000e+03 1.400429424327168659e-01
6.448000000000000000e+03 1.401754685037593651e-01
6.450000000000000000e+03 1.403521548844270939e-01
6.452000000000000000e+03 1.405288158033597690e-01
6.454000000000000000e+03 1.406907573195723959e-01
6.456000000000000000e+03 1.408379883318537917e-01
6.458000000000000000e+03 1.409999174340899331e-01
6.460000000000000000e+03 1.411618313620009169e-01
6.462000000000000000e+03 1.413367463606107211e-01
6.464000000000000000e+03 1.415410583306552228e-01
6.466000000000000000e+03 1.417306816303329497e-01
6.468000000000000000e+03 1.418908416442258291e-01
6.470000000000000000e+03 1.420362786052173920e-01
6.472000000000000000e+03 1.421963861803239026e-01
6.474000000000000000e+03 1.423564830017863547e-01
6.476000000000000000e+03 1.425459926921183729e-01
6.478000000000000000e+03 1.427355265972617415e-01
6.480000000000000000e+03 1.428955724078057599e-01
6.482000000000000000e+03 1.430555735820787100e-01
6.484000000000000000e+03 1.432008885177855906e-01
6.486000000000000000e+03 1.433314194561186861e-01
6.488000000000000000e+03 1.434619848905114292e-01
6.490000000000000000e+03 1.435925222416085389e-01
6.492000000000000000e+03 1.437213666646516008e-01
6.494000000000000000e+03 1.438354518426298856e-01
6.496000000000000000e+03 1.439642512612631930e-01
6.498000000000000000e+03 1.441077637923934285e-01
6.500000000000000000e+03 1.442365442024933220e-01
6.502000000000000000e+03 1.442793175056671096e-01
6.504000000000000000e+03 1.443073050859597639e-01
6.506000000000000000e+03 1.443204941161350952e-01
6.508000000000000000e+03 1.443482548322981562e-01
6.510000000000000000e+03 1.443759295381926988e-01
6.512000000000000000e+03 1.443880005526115007e-01
6.514000000000000000e+03 1.443853361998131413e-01
6.516000000000000000e+03 1.443532766750287299e-01
6.518000000000000000e+03 1.442772553600153163e-01
6.520000000000000000e+03 1.441573416794447171e-01
6.522000000000000000e+03 1.439927288230419544e-01
6.524000000000000000e+03 1.437843821003288725e-01
6.526000000000000000e+03 1.436200050458723565e-01
6.528000000000000000e+03 1.435725488447246179e-01
6.530000000000000000e+03 1.436272422716841357e-01
6.532000000000000000e+03 1.437685146963730010e-01
6.534000000000000000e+03 1.439095989630243821e-01
6.536000000000000000e+03 1.440504065051353699e-01
6.538000000000000000e+03 1.441036219797159068e-01
6.540000000000000000e+03 1.440402181922994795e-01
6.542000000000000000e+03 1.439186903623824176e-01
6.544000000000000000e+03 1.437972315406426116e-01
6.546000000000000000e+03 1.437048750910881467e-01
6.548000000000000000e+03 1.436270693967245105e-01
6.550000000000000000e+03 1.435202482262465939e-01
6.552000000000000000e+03 1.434126267296922386e-01
6.554000000000000000e+03 1.433050765730997378e-01
6.556000000000000000e+03 1.431975360729320079e-01
6.558000000000000000e+03 1.431045316834993752e-01
6.560000000000000000e+03 1.429825809389100866e-01
6.562000000000000000e+03 1.428752599671447854e-01
6.564000000000000000e+03 1.427534902667413064e-01
6.566000000000000000e+03 1.426317726901813743e-01
6.568000000000000000e+03 1.425245762896722168e-01
6.570000000000000000e+03 1.423885289734344028e-01
6.572000000000000000e+03 1.422508793845456143e-01
6.574000000000000000e+03 1.421277005597739451e-01
6.576000000000000000e+03 1.419901910096371955e-01
6.578000000000000000e+03 1.418383662393078448e-01
6.580000000000000000e+03 1.416865923358021084e-01
6.582000000000000000e+03 1.415214338561415763e-01
6.584000000000000000e+03 1.413707635226684745e-01
6.586000000000000000e+03 1.412201695628466924e-01
6.588000000000000000e+03 1.410552897225115787e-01
6.590000000000000000e+03 1.408905022827532383e-01
6.592000000000000000e+03 1.407394603498703378e-01
6.594000000000000000e+03 1.405741576887715727e-01
6.596000000000000000e+03 1.403802885230580055e-01
6.598000000000000000e+03 1.402151977917489578e-01
6.600000000000000000e+03 1.400358954269950162e-01
6.602000000000000000e+03 1.398415909155925341e-01
6.604000000000000000e+03 1.396474225641186340e-01
6.606000000000000000e+03 1.394533903596624214e-01
6.608000000000000000e+03 1.392737928685645610e-01
6.610000000000000000e+03 1.390800247516044419e-01
6.612000000000000000e+03 1.389284108296687525e-01
6.614000000000000000e+03 1.387483805185400487e-01
6.616000000000000000e+03 1.385542056006781042e-01
6.618000000000000000e+03 1.383459367544244423e-01
6.620000000000000000e+03 1.381520537878120625e-01
6.622000000000000000e+03 1.379592588160307443e-01
6.624000000000000000e+03 1.377666170037866733e-01
6.626000000000000000e+03 1.375882926332857581e-01
6.628000000000000000e+03 1.374100964905680400e-01
6.630000000000000000e+03 1.372036374983764129e-01
6.632000000000000000e+03 1.370240935447056829e-01
6.634000000000000000e+03 1.368446802591745115e-01
6.636000000000000000e+03 1.366512140826625366e-01
6.638000000000000000e+03 1.364578865335419056e-01
6.640000000000000000e+03 1.362929884517427026e-01
6.642000000000000000e+03 1.361291497826161156e-01
6.644000000000000000e+03 1.359653897051751603e-01
6.646000000000000000e+03 1.358159020336880407e-01
6.648000000000000000e+03 1.356523510409937960e-01
6.650000000000000000e+03 1.354889215319950158e-01
6.652000000000000000e+03 1.353098920040295694e-01
6.654000000000000000e+03 1.351451120988700350e-01
6.656000000000000000e+03 1.349945138847083448e-01
6.658000000000000000e+03 1.348439969950926132e-01
6.660000000000000000e+03 1.347076625594800792e-01
6.662000000000000000e+03 1.345723137538955283e-01
6.664000000000000000e+03 1.344229613974837201e-01
6.666000000000000000e+03 1.342737236513880938e-01
6.668000000000000000e+03 1.341386087831548113e-01
6.670000000000000000e+03 1.339755065623554620e-01
6.672000000000000000e+03 1.338538308987214098e-01
6.674000000000000000e+03 1.337602553004274830e-01
6.676000000000000000e+03 1.336526682529975696e-01
6.678000000000000000e+03 1.335311543169780124e-01
6.680000000000000000e+03 1.334096969292924706e-01
6.682000000000000000e+03 1.333023343533215888e-01
6.684000000000000000e+03 1.331950456615648981e-01
6.686000000000000000e+03 1.330877714260578770e-01
6.688000000000000000e+03 1.329805625420660276e-01
6.690000000000000000e+03 1.328733596675508999e-01
6.692000000000000000e+03 1.327794457570299069e-01
6.694000000000000000e+03 1.326855468991808007e-01
6.696000000000000000e+03 1.325916546528762285e-01
6.698000000000000000e+03 1.324978028477176162e-01
6.700000000000000000e+03 1.324178749836584790e-01
6.702000000000000000e+03 1.323241537521517575e-01
6.704000000000000000e+03 1.322582234163388881e-01
6.706000000000000000e+03 1.321784078518138117e-01
6.708000000000000000e+03 1.320985991012035288e-01
6.710000000000000000e+03 1.320326556943589857e-01
6.712000000000000000e+03 1.319668141632419078e-01
6.714000000000000000e+03 1.319147792975041977e-01
6.716000000000000000e+03 1.318765764765494897e-01
6.718000000000000000e+03 1.318244884359377755e-01
6.720000000000000000e+03 1.317723737963906738e-01
6.722000000000000000e+03 1.317203952461092065e-01
6.724000000000000000e+03 1.316821650934661414e-01
6.726000000000000000e+03 1.316576918640478822e-01
6.728000000000000000e+03 1.316469588852125505e-01
6.730000000000000000e+03 1.316223576863334299e-01
6.732000000000000000e+03 1.316107139585201424e-01
6.734000000000000000e+03 1.315990098962454280e-01
6.736000000000000000e+03 1.315734707188382091e-01
6.738000000000000000e+03 1.315616126269007480e-01
6.740000000000000000e+03 1.315496858521928991e-01
6.742000000000000000e+03 1.315103432207198886e-01
6.744000000000000000e+03 1.314846818140627815e-01
6.746000000000000000e+03 1.314863757326837634e-01
6.748000000000000000e+03 1.315016919697074294e-01
6.750000000000000000e+03 1.314895161411074598e-01
6.752000000000000000e+03 1.314910349922614463e-01
6.754000000000000000e+03 1.314924521934772161e-01
6.756000000000000000e+03 1.314938009841733479e-01
6.758000000000000000e+03 1.314950232524213225e-01
6.760000000000000000e+03 1.315098508884038619e-01
6.762000000000000000e+03 1.315101729480729065e-01
6.764000000000000000e+03 1.315376814819952667e-01
6.766000000000000000e+03 1.315378151192976020e-01
6.768000000000000000e+03 1.315514615168292545e-01
6.770000000000000000e+03 1.315649970033923866e-01
6.772000000000000000e+03 1.315793422820386027e-01
6.774000000000000000e+03 1.315528001183823847e-01
6.776000000000000000e+03 1.315397718210818412e-01
6.778000000000000000e+03 1.315674116049913855e-01
6.780000000000000000e+03 1.315949168794306179e-01
6.782000000000000000e+03 1.316080248148343568e-01
6.784000000000000000e+03 1.316210224026170827e-01
6.786000000000000000e+03 1.316339178861178349e-01
6.788000000000000000e+03 1.316331637669802268e-01
6.790000000000000000e+03 1.316323408576391407e-01
6.792000000000000000e+03 1.316179959790259868e-01
6.794000000000000000e+03 1.316306192072094483e-01
6.796000000000000000e+03 1.316161212578336459e-01
6.798000000000000000e+03 1.316150605592633360e-01
6.800000000000000000e+03 1.316273708954272537e-01
6.802000000000000000e+03 1.316396802361337881e-01
6.804000000000000000e+03 1.316518879423657085e-01
6.806000000000000000e+03 1.316505304708580348e-01
6.808000000000000000e+03 1.316490636651235224e-01
6.810000000000000000e+03 1.316206512366931980e-01
6.812000000000000000e+03 1.315922427297178954e-01
6.814000000000000000e+03 1.315771885841156008e-01
6.816000000000000000e+03 1.315620828463261449e-01
6.818000000000000000e+03 1.315334797256378085e-01
6.820000000000000000e+03 1.315182221408538743e-01
6.822000000000000000e+03 1.315164320873122572e-01
6.824000000000000000e+03 1.315011857866968115e-01
6.826000000000000000e+03 1.314858555050204825e-01
6.828000000000000000e+03 1.314838125856812590e-01
6.830000000000000000e+03 1.314683303992318641e-01
6.832000000000000000e+03 1.314127902921851387e-01
6.834000000000000000e+03 1.313572570260317096e-01
6.836000000000000000e+03 1.313016657593243375e-01
6.838000000000000000e+03 1.312727079751390691e-01
6.840000000000000000e+03 1.312303700503331949e-01
6.842000000000000000e+03 1.312014278284465429e-01
6.844000000000000000e+03 1.311458096531656625e-01
6.846000000000000000e+03 1.311034459464949509e-01
6.848000000000000000e+03 1.310610561945660391e-01
6.850000000000000000e+03 1.310053367286101444e-01
6.852000000000000000e+03 1.309231729251568443e-01
6.854000000000000000e+03 1.308410169538694878e-01
6.856000000000000000e+03 1.307853697173175789e-01
6.858000000000000000e+03 1.307296889774970938e-01
6.860000000000000000e+03 1.306475232219155291e-01
6.862000000000000000e+03 1.305514800450517932e-01
6.864000000000000000e+03 1.304290275861145210e-01
6.866000000000000000e+03 1.303066414694840636e-01
6.868000000000000000e+03 1.301842976220805304e-01
6.870000000000000000e+03 1.300752159759708815e-01
6.872000000000000000e+03 1.299407548841471083e-01
6.874000000000000000e+03 1.298195553105366828e-01
6.876000000000000000e+03 1.297115523782969848e-01
6.878000000000000000e+03 1.295772970740426688e-01
6.880000000000000000e+03 1.294562623995691442e-01
6.882000000000000000e+03 1.293353900420994296e-01
6.884000000000000000e+03 1.292145593462275255e-01
6.886000000000000000e+03 1.291069158749193202e-01
6.888000000000000000e+03 1.289730867689169724e-01
6.890000000000000000e+03 1.288524448546994328e-01
6.892000000000000000e+03 1.287450318296154139e-01
6.894000000000000000e+03 1.286115144588712567e-01
6.896000000000000000e+03 1.284780313231529414e-01
6.898000000000000000e+03 1.283315739650818799e-01
6.900000000000000000e+03 1.281851991513063560e-01
6.902000000000000000e+03 1.280382545404899208e-01
6.904000000000000000e+03 1.278914327724703648e-01
6.906000000000000000e+03 1.277185927162885759e-01
6.908000000000000000e+03 1.275458691303885950e-01
6.910000000000000000e+03 1.273732857482294256e-01
6.912000000000000000e+03 1.271886960609220629e-01
6.914000000000000000e+03 1.270172593251742421e-01
6.916000000000000000e+03 1.268329320789227110e-01
6.918000000000000000e+03 1.266617334110082260e-01
6.920000000000000000e+03 1.264906812071765196e-01
6.922000000000000000e+03 1.263068989030259048e-01
6.924000000000000000e+03 1.261232475668097597e-01
6.926000000000000000e+03 1.259527072792715752e-01
6.928000000000000000e+03 1.257693332504354611e-01
6.930000000000000000e+03 1.256119781326833496e-01
6.932000000000000000e+03 1.254168478522853236e-01
6.934000000000000000e+03 1.252477029600972958e-01
6.936000000000000000e+03 1.250657633166283034e-01
6.938000000000000000e+03 1.248710375491075969e-01
6.940000000000000000e+03 1.247022955511174064e-01
6.942000000000000000e+03 1.245072079783725999e-01
6.944000000000000000e+03 1.243122907881814565e-01
6.946000000000000000e+03 1.241175282866026908e-01
6.948000000000000000e+03 1.238971711832002609e-01
6.950000000000000000e+03 1.236770092462061571e-01
6.952000000000000000e+03 1.234699900774724191e-01
6.954000000000000000e+03 1.233016686206614559e-01
6.956000000000000000e+03 1.231334689206405320e-01
6.958000000000000000e+03 1.229654065463810647e-01
6.960000000000000000e+03 1.227846324525351251e-01
6.962000000000000000e+03 1.225920634092445977e-01
6.964000000000000000e+03 1.223612494077984114e-01
6.966000000000000000e+03 1.221306206424608298e-01
6.968000000000000000e+03 1.218874225854511134e-01
6.970000000000000000e+03 1.216444413778698941e-01
6.972000000000000000e+03 1.214529119331261425e-01
6.974000000000000000e+03 1.212615188417135864e-01
6.976000000000000000e+03 1.210830465173885068e-01
6.978000000000000000e+03 1.209174630429988989e-01
6.980000000000000000e+03 1.207392618690204811e-01
6.982000000000000000e+03 1.205740432653734096e-01
6.984000000000000000e+03 1.203962227573705523e-01
6.986000000000000000e+03 1.202312509054585254e-01
6.988000000000000000e+03 1.200791036181338284e-01
6.990000000000000000e+03 1.199143778362563861e-01
6.992000000000000000e+03 1.197752229407634122e-01
6.994000000000000000e+03 1.196108005073057284e-01
6.996000000000000000e+03 1.194591626680468199e-01
6.998000000000000000e+03 1.192949550909886552e-01
7.000000000000000000e+03 1.191562193609335685e-01
7.002000000000000000e+03 1.189673292323405185e-01
7.004000000000000000e+03 1.188039369648836718e-01
7.006000000000000000e+03 1.186280686240954868e-01
7.008000000000000000e+03 1.184776105864979723e-01
7.010000000000000000e+03 1.183146686582495083e-01
7.012000000000000000e+03 1.181638687878163868e-01
7.014000000000000000e+03 1.180131982088814258e-01
7.016000000000000000e+03 1.178626492258082054e-01
7.018000000000000000e+03 1.177122446681350271e-01
7.020000000000000000e+03 1.175870281134852591e-01
7.022000000000000000e+03 1.174376639040485421e-01
7.024000000000000000e+03 1.172759141081693712e-01
7.026000000000000000e+03 1.171268246559454829e-01
7.028000000000000000e+03 1.169903369809810190e-01
7.030000000000000000e+03 1.168539681573614736e-01
7.032000000000000000e+03 1.167185492363276844e-01
7.034000000000000000e+03 1.165707939975669377e-01
7.036000000000000000e+03 1.164480415550589454e-01
7.038000000000000000e+03 1.163253755076874701e-01
7.040000000000000000e+03 1.162027882624195874e-01
7.042000000000000000e+03 1.160920836122635996e-01
7.044000000000000000e+03 1.159690395995883333e-01
7.046000000000000000e+03 1.158460597754289861e-01
7.048000000000000000e+03 1.157355455557438767e-01
7.050000000000000000e+03 1.156374614486989638e-01
7.052000000000000000e+03 1.155402445262041500e-01
7.054000000000000000e+03 1.154553952220329638e-01
7.056000000000000000e+03 1.153952103508748134e-01
7.058000000000000000e+03 1.152857284680594840e-01
7.060000000000000000e+03 1.151763015132508533e-01
7.062000000000000000e+03 1.150916071947415686e-01
7.064000000000000000e+03 1.149823506829808772e-01
7.066000000000000000e+03 1.148854150214868169e-01
7.068000000000000000e+03 1.148252888902975000e-01
7.070000000000000000e+03 1.147651169051050329e-01
7.072000000000000000e+03 1.146928029431802110e-01
7.074000000000000000e+03 1.146326859299953566e-01
7.076000000000000000e+03 1.145725380484610284e-01
7.078000000000000000e+03 1.144879372052905048e-01
7.080000000000000000e+03 1.144155515027648340e-01
7.082000000000000000e+03 1.143676072700258450e-01
7.084000000000000000e+03 1.143074477046616549e-01
7.086000000000000000e+03 1.142593999983164688e-01
7.088000000000000000e+03 1.142355825696016736e-01
7.090000000000000000e+03 1.141873822001295558e-01
7.092000000000000000e+03 1.141278304162231250e-01
7.094000000000000000e+03 1.140803299354941347e-01
7.096000000000000000e+03 1.140327688134338963e-01
7.098000000000000000e+03 1.139730735693350594e-01
7.100000000000000000e+03 1.139374722869917061e-01
7.102000000000000000e+03 1.139260409117716366e-01
7.104000000000000000e+03 1.139265124927471423e-01
7.106000000000000000e+03 1.139388675579334764e-01
7.108000000000000000e+03 1.139149697069083145e-01
7.110000000000000000e+03 1.138669560486165050e-01
7.112000000000000000e+03 1.138549556075449942e-01
7.114000000000000000e+03 1.138308373045471833e-01
7.116000000000000000e+03 1.137946499751296137e-01
7.118000000000000000e+03 1.137703323214073470e-01
7.120000000000000000e+03 1.137578721495676043e-01
7.122000000000000000e+03 1.137693322689699305e-01
7.124000000000000000e+03 1.138044848915413659e-01
7.126000000000000000e+03 1.138275269710339599e-01
7.128000000000000000e+03 1.138384347349994524e-01
7.130000000000000000e+03 1.138253726238827729e-01
7.132000000000000000e+03 1.138129398612260090e-01
7.134000000000000000e+03 1.137884974100730751e-01
7.136000000000000000e+03 1.137758235437377058e-01
7.138000000000000000e+03 1.137985850317335262e-01
7.140000000000000000e+03 1.138093251628490010e-01
7.142000000000000000e+03 1.138074955423256374e-01
7.144000000000000000e+03 1.138173156554996845e-01
7.146000000000000000e+03 1.138269862098423985e-01
7.148000000000000000e+03 1.138364714674420936e-01
7.150000000000000000e+03 1.138575650357440266e-01
7.152000000000000000e+03 1.138675268966226201e-01
7.154000000000000000e+03 1.138537699278160953e-01
7.156000000000000000e+03 1.138163755373067521e-01
7.158000000000000000e+03 1.138141402895575943e-01
7.160000000000000000e+03 1.138117653809730262e-01
7.162000000000000000e+03 1.137976082358907737e-01
7.164000000000000000e+03 1.137833411036171249e-01
7.166000000000000000e+03 1.137806398846364642e-01
7.168000000000000000e+03 1.137778137734942047e-01
7.170000000000000000e+03 1.137514633439075940e-01
7.172000000000000000e+03 1.137141703394411035e-01
7.174000000000000000e+03 1.136767772146746319e-01
7.176000000000000000e+03 1.136509755346039041e-01
7.178000000000000000e+03 1.136366899215941473e-01
7.180000000000000000e+03 1.136106477152224875e-01
7.182000000000000000e+03 1.135606873494882929e-01
7.184000000000000000e+03 1.135106774224915599e-01
7.186000000000000000e+03 1.134722047795109767e-01
7.188000000000000000e+03 1.134452293497790337e-01
7.190000000000000000e+03 1.134065886781113475e-01
7.192000000000000000e+03 1.133686769737209665e-01
7.194000000000000000e+03 1.133191515198388594e-01
7.196000000000000000e+03 1.132580381556829163e-01
7.198000000000000000e+03 1.131968837379226239e-01
7.200000000000000000e+03 1.131587295401792204e-01
7.202000000000000000e+03 1.130975609723772479e-01
7.204000000000000000e+03 1.130363584419635109e-01
7.206000000000000000e+03 1.129636445839747733e-01
7.208000000000000000e+03 1.128909256133316108e-01
7.210000000000000000e+03 1.128181945911227863e-01
7.212000000000000000e+03 1.127226710676728777e-01
7.214000000000000000e+03 1.126386198295600549e-01
7.216000000000000000e+03 1.125660083146523271e-01
7.218000000000000000e+03 1.124933778806671142e-01
7.220000000000000000e+03 1.124093548883200733e-01
7.222000000000000000e+03 1.123261440000268285e-01
7.224000000000000000e+03 1.122315488082547413e-01
7.226000000000000000e+03 1.121256223194543183e-01
7.228000000000000000e+03 1.120311204955161122e-01
7.230000000000000000e+03 1.119139266244620762e-01
7.232000000000000000e+03 1.117848539761672200e-01
7.234000000000000000e+03 1.116445168350110040e-01
7.236000000000000000e+03 1.115156470430202634e-01
7.238000000000000000e+03 1.113981640510898069e-01
7.240000000000000000e+03 1.112694753782230705e-01
7.242000000000000000e+03 1.111303976052397807e-01
7.244000000000000000e+03 1.110027153494079627e-01
7.246000000000000000e+03 1.108526043199683925e-01
7.248000000000000000e+03 1.107138886709037595e-01
7.250000000000000000e+03 1.105527876178334645e-01
7.252000000000000000e+03 1.103919134561204690e-01
7.254000000000000000e+03 1.102087592632390312e-01
7.256000000000000000e+03 1.100370280216687729e-01
7.258000000000000000e+03 1.098878719939879040e-01
7.260000000000000000e+03 1.097500332410479840e-01
7.262000000000000000e+03 1.095900698430826575e-01
7.264000000000000000e+03 1.094190911920181197e-01
7.266000000000000000e+03 1.092371222377474388e-01
7.268000000000000000e+03 1.090442217788354512e-01
7.270000000000000000e+03 1.088403875992496050e-01
7.272000000000000000e+03 1.086376308965423115e-01
7.274000000000000000e+03 1.084350934793926330e-01
7.276000000000000000e+03 1.082327954939426573e-01
7.278000000000000000e+03 1.080196444594122701e-01
7.280000000000000000e+03 1.078400058166393144e-01
7.282000000000000000e+03 1.076599752712380786e-01
7.284000000000000000e+03 1.074580214292684688e-01
7.286000000000000000e+03 1.072452575839928646e-01
7.288000000000000000e+03 1.070217084356294701e-01
7.290000000000000000e+03 1.068094705513207288e-01
7.292000000000000000e+03 1.065982502840117641e-01
7.294000000000000000e+03 1.063872818295847761e-01
7.296000000000000000e+03 1.061765917714899143e-01
7.298000000000000000e+03 1.059661465142370668e-01
7.300000000000000000e+03 1.057559592717480651e-01
7.302000000000000000e+03 1.055241813926924427e-01
7.304000000000000000e+03 1.052817394473046092e-01
7.306000000000000000e+03 1.050505630019430564e-01
7.308000000000000000e+03 1.048196917656408489e-01
7.310000000000000000e+03 1.045891122524287981e-01
7.312000000000000000e+03 1.043596212985925531e-01
7.314000000000000000e+03 1.041304190023892018e-01
7.316000000000000000e+03 1.039015051934304851e-01
7.318000000000000000e+03 1.036837902437349884e-01
7.320000000000000000e+03 1.034445952054721396e-01
7.322000000000000000e+03 1.032051180106735438e-01
7.324000000000000000e+03 1.029442315398398505e-01
7.326000000000000000e+03 1.026728535733937575e-01
7.328000000000000000e+03 1.024235519755470197e-01
7.330000000000000000e+03 1.021962251228197144e-01
7.332000000000000000e+03 1.019591101500647717e-01
7.334000000000000000e+03 1.017439185347861069e-01
7.336000000000000000e+03 1.015290055852658829e-01
7.338000000000000000e+03 1.013035897141977698e-01
7.340000000000000000e+03 1.010569170504555525e-01
7.342000000000000000e+03 1.008106557597688996e-01
7.344000000000000000e+03 1.005647396684626466e-01
7.346000000000000000e+03 1.003513774333730790e-01
7.348000000000000000e+03 1.001168314058089176e-01
7.350000000000000000e+03 9.985043555699923967e-02
7.352000000000000000e+03 9.961659281439813607e-02
7.354000000000000000e+03 9.939376710124890602e-02
7.356000000000000000e+03 9.918192127238480149e-02
7.358000000000000000e+03 9.895967174639781760e-02
7.360000000000000000e+03 9.875905753461904080e-02
7.362000000000000000e+03 9.854874088150417100e-02
7.364000000000000000e+03 9.834935338471111066e-02
7.366000000000000000e+03 9.813956639837785600e-02
7.368000000000000000e+03 9.794066874890795804e-02
7.370000000000000000e+03 9.772078490631126713e-02
7.372000000000000000e+03 9.750064760353385762e-02
7.374000000000000000e+03 9.729140364772860539e-02
7.376000000000000000e+03 9.710361177317826387e-02
7.378000000000000000e+03 9.691604034130826828e-02
7.380000000000000000e+03 9.677099102106510864e-02
7.382000000000000000e+03 9.661622608325676209e-02
7.384000000000000000e+03 9.644052118220609870e-02
7.386000000000000000e+03 9.625449437751934512e-02
7.388000000000000000e+03 9.606868534940912752e-02
7.390000000000000000e+03 9.590412592350469612e-02
7.392000000000000000e+03 9.572935858850475932e-02
7.394000000000000000e+03 9.557578061212228249e-02
7.396000000000000000e+03 9.542237271818793110e-02
7.398000000000000000e+03 9.526913479479386104e-02
7.400000000000000000e+03 9.510557816613732229e-02
7.402000000000000000e+03 9.495331917585639325e-02
7.404000000000000000e+03 9.481167820287254855e-02
7.406000000000000000e+03 9.467018566900474441e-02
7.408000000000000000e+03 9.451839235907520675e-02
7.410000000000000000e+03 9.437718727287694453e-02
7.412000000000000000e+03 9.423564044278731622e-02
7.414000000000000000e+03 9.412545675156237801e-02
7.416000000000000000e+03 9.400495936992353530e-02
7.418000000000000000e+03 9.387418418151324828e-02
7.420000000000000000e+03 9.376427350914479097e-02
7.422000000000000000e+03 9.363437817953616793e-02
7.424000000000000000e+03 9.347353756717072248e-02
7.426000000000000000e+03 9.334390803631419098e-02
7.428000000000000000e+03 9.323506971992735759e-02
7.430000000000000000e+03 9.311598521646884119e-02
7.432000000000000000e+03 9.298736635390869587e-02
7.434000000000000000e+03 9.286917638975900058e-02
7.436000000000000000e+03 9.273048212462192685e-02
7.438000000000000000e+03 9.263309170638488188e-02
7.440000000000000000e+03 9.253573180280219579e-02
7.442000000000000000e+03 9.241743108277987451e-02
7.444000000000000000e+03 9.230946689796659665e-02
7.446000000000000000e+03 9.220159669561373006e-02
7.448000000000000000e+03 9.209381418838712141e-02
7.450000000000000000e+03 9.198608826405837990e-02
7.452000000000000000e+03 9.187913836578794069e-02
7.454000000000000000e+03 9.180286817947810873e-02
7.456000000000000000e+03 9.171643694967701599e-02
7.458000000000000000e+03 9.161987346221660278e-02
7.460000000000000000e+03 9.152335267395110552e-02
7.462000000000000000e+03 9.143712054502943498e-02
7.464000000000000000e+03 9.135093045974618242e-02
7.466000000000000000e+03 9.128507297026805523e-02
7.468000000000000000e+03 9.122938881140631173e-02
7.470000000000000000e+03 9.118378767004305108e-02
7.472000000000000000e+03 9.113827675280450347e-02
7.474000000000000000e+03 9.109272528923097190e-02
7.476000000000000000e+03 9.104714562015853163e-02
7.478000000000000000e+03 9.098134958724911348e-02
7.480000000000000000e+03 9.092562668741523135e-02
7.482000000000000000e+03 9.090020627950191889e-02
7.484000000000000000e+03 9.086463877040588943e-02
7.486000000000000000e+03 9.084913607738641372e-02
7.488000000000000000e+03 9.083354210541236262e-02
7.490000000000000000e+03 9.082787869146584370e-02
7.492000000000000000e+03 9.082278319742202732e-02
7.494000000000000000e+03 9.083759600374576026e-02
7.496000000000000000e+03 9.083225021337942851e-02
7.498000000000000000e+03 9.083679121385719590e-02
7.500000000000000000e+03 9.085119695394341943e-02
7.502000000000000000e+03 9.085590305511130615e-02
7.504000000000000000e+03 9.087045954162949191e-02
7.506000000000000000e+03 9.088484939695162801e-02
7.508000000000000000e+03 9.089911510730316890e-02
7.510000000000000000e+03 9.093308865067978308e-02
7.512000000000000000e+03 9.095703657634306161e-02
7.514000000000000000e+03 9.098079364935864055e-02
7.516000000000000000e+03 9.102421447479497330e-02
7.518000000000000000e+03 9.106743160030576767e-02
7.520000000000000000e+03 9.111045720718084773e-02
7.522000000000000000e+03 9.117308056674572336e-02
7.524000000000000000e+03 9.122557048083768105e-02
7.526000000000000000e+03 9.126798504041545856e-02
7.528000000000000000e+03 9.130033429397053923e-02
7.530000000000000000e+03 9.135218740396727766e-02
7.532000000000000000e+03 9.139404836360862094e-02
7.534000000000000000e+03 9.143570089921684851e-02
7.536000000000000000e+03 9.147716308318663836e-02
7.538000000000000000e+03 9.150860124107361437e-02
7.540000000000000000e+03 9.153004929951354118e-02
7.542000000000000000e+03 9.156113258726231163e-02
7.544000000000000000e+03 9.159202672958399738e-02
7.546000000000000000e+03 9.163251670891794931e-02
7.548000000000000000e+03 9.166304752219403551e-02
7.550000000000000000e+03 9.169338371260633835e-02
7.552000000000000000e+03 9.174310767873532224e-02
7.554000000000000000e+03 9.177311665702370114e-02
7.556000000000000000e+03 9.177376305709009086e-02
7.558000000000000000e+03 9.178400616137134815e-02
7.560000000000000000e+03 9.179410416758213009e-02
7.562000000000000000e+03 9.183316505238665883e-02
7.564000000000000000e+03 9.186232412883099663e-02
7.566000000000000000e+03 9.190098244689523521e-02
7.568000000000000000e+03 9.192010378397774684e-02
7.570000000000000000e+03 9.193905641189965838e-02
7.572000000000000000e+03 9.197721745827637518e-02
7.574000000000000000e+03 9.200553526416431482e-02
7.576000000000000000e+03 9.202402579889351619e-02
7.578000000000000000e+03 9.201347127199216436e-02
7.580000000000000000e+03 9.203167666575008676e-02
7.582000000000000000e+03 9.204016188084784833e-02
7.584000000000000000e+03 9.206770582983936357e-02
7.586000000000000000e+03 9.209508147259684585e-02
7.588000000000000000e+03 9.212225982029145777e-02
7.590000000000000000e+03 9.213012860415682737e-02
7.592000000000000000e+03 9.212832436541817938e-02
7.594000000000000000e+03 9.213593062320020455e-02
7.596000000000000000e+03 9.213386237839486792e-02
7.598000000000000000e+03 9.212212969377170380e-02
7.600000000000000000e+03 9.212934708544205653e-02
7.602000000000000000e+03 9.213643758139089535e-02
7.604000000000000000e+03 9.214338006662867175e-02
7.606000000000000000e+03 9.214070567925587707e-02
7.608000000000000000e+03 9.213789015920428871e-02
7.610000000000000000e+03 9.211599161332446883e-02
7.612000000000000000e+03 9.210351172413167031e-02
7.614000000000000000e+03 9.210039951821698267e-02
7.616000000000000000e+03 9.210659911978272274e-02
7.618000000000000000e+03 9.208432152167658757e-02
7.620000000000000000e+03 9.204309421254740220e-02
7.622000000000000000e+03 9.199244956752432312e-02
7.624000000000000000e+03 9.195119442717454572e-02
7.626000000000000000e+03 9.190988882766450152e-02
7.628000000000000000e+03 9.189671567374275984e-02
7.630000000000000000e+03 9.185527081185157483e-02
7.632000000000000000e+03 9.180445842420728586e-02
7.634000000000000000e+03 9.175360817220433451e-02
7.636000000000000000e+03 9.171209915139184876e-02
7.638000000000000000e+03 9.167053432130098378e-02
7.640000000000000000e+03 9.164761298751905594e-02
7.642000000000000000e+03 9.161529306546002671e-02
7.644000000000000000e+03 9.156425902288652108e-02
7.646000000000000000e+03 9.148523098782959662e-02
7.648000000000000000e+03 9.141554435805711309e-02
7.650000000000000000e+03 9.135515519140927077e-02
7.652000000000000000e+03 9.128552090904003269e-02
7.654000000000000000e+03 9.119731751017318144e-02
7.656000000000000000e+03 9.109059888160456198e-02
7.658000000000000000e+03 9.097469879571273843e-02
7.660000000000000000e+03 9.087740074088569708e-02
7.662000000000000000e+03 9.079872015916831685e-02
7.664000000000000000e+03 9.072928658527927570e-02
7.666000000000000000e+03 9.065064677654806335e-02
7.668000000000000000e+03 9.054435173601997622e-02
7.670000000000000000e+03 9.041971931050127309e-02
7.672000000000000000e+03 9.028602610333268108e-02
7.674000000000000000e+03 9.015245648337419371e-02
7.676000000000000000e+03 9.003738671455162323e-02
7.678000000000000000e+03 8.993157839842745582e-02
7.680000000000000000e+03 8.980752723828976103e-02
7.682000000000000000e+03 8.967447923098098572e-02
7.684000000000000000e+03 8.954154885421991561e-02
7.686000000000000000e+03 8.939960358656443007e-02
7.688000000000000000e+03 8.923042285492231718e-02
7.690000000000000000e+03 8.906144734390102069e-02
7.692000000000000000e+03 8.890184131990623573e-02
7.694000000000000000e+03 8.873330875721319178e-02
7.696000000000000000e+03 8.858317366530364667e-02
7.698000000000000000e+03 8.844227585458777630e-02
7.700000000000000000e+03 8.828337749952105962e-02
7.702000000000000000e+03 8.811564701595658855e-02
7.704000000000000000e+03 8.795716778008033643e-02
7.706000000000000000e+03 8.777171021827112618e-02
7.708000000000000000e+03 8.755936481598160237e-02
7.710000000000000000e+03 8.737440655480359364e-02
7.712000000000000000e+03 8.718071627235576826e-02
7.714000000000000000e+03 8.696022913662790343e-02
7.716000000000000000e+03 8.676706661300588597e-02
7.718000000000000000e+03 8.656514717228809552e-02
7.720000000000000000e+03 8.636350109998792990e-02
7.722000000000000000e+03 8.616217154377556198e-02
7.724000000000000000e+03 8.597906568142653361e-02
7.726000000000000000e+03 8.576930278436555033e-02
7.728000000000000000e+03 8.555980818033953605e-02
7.730000000000000000e+03 8.535955796900303316e-02
7.732000000000000000e+03 8.514172203383300885e-02
7.734000000000000000e+03 8.492418222103575998e-02
7.736000000000000000e+03 8.470695461527096015e-02
7.738000000000000000e+03 8.448111423012256982e-02
7.740000000000000000e+03 8.425559236263827079e-02
7.742000000000000000e+03 8.405717085535584221e-02
7.744000000000000000e+03 8.386789679041992129e-02
7.746000000000000000e+03 8.367000209794131504e-02
7.748000000000000000e+03 8.345464262802143596e-02
7.750000000000000000e+03 8.323070516298200494e-02
7.752000000000000000e+03 8.298942602855673145e-02
7.754000000000000000e+03 8.276617561384408406e-02
7.756000000000000000e+03 8.255207685126506045e-02
7.758000000000000000e+03 8.234708731482306976e-02
7.760000000000000000e+03 8.214239500438207109e-02
7.762000000000000000e+03 8.193804875129530318e-02
7.764000000000000000e+03 8.172520388901961808e-02
7.766000000000000000e+03 8.151264599025469237e-02
7.768000000000000000e+03 8.130917396838627242e-02
7.770000000000000000e+03 8.108842244608360783e-02
7.772000000000000000e+03 8.086805064860057290e-02
7.774000000000000000e+03 8.064797162436376787e-02
7.776000000000000000e+03 8.043696016387839876e-02
7.778000000000000000e+03 8.022625036580995073e-02
7.780000000000000000e+03 8.000710569427105234e-02
7.782000000000000000e+03 7.980580278937092487e-02
7.784000000000000000e+03 7.960475685170798066e-02
7.786000000000000000e+03 7.939528909758816755e-02
7.788000000000000000e+03 7.917743581132033470e-02
7.790000000000000000e+03 7.895988939779995108e-02
7.792000000000000000e+03 7.873402749498746578e-02
7.794000000000000000e+03 7.849982903445400229e-02
7.796000000000000000e+03 7.825731438315235156e-02
7.798000000000000000e+03 7.801514676365722822e-02
7.800000000000000000e+03 7.777336273662814603e-02
7.802000000000000000e+03 7.754928451939617495e-02
7.804000000000000000e+03 7.734276780808485574e-02
7.806000000000000000e+03 7.711932686196114328e-02
7.808000000000000000e+03 7.689620237484649790e-02
7.810000000000000000e+03 7.665621141988430975e-02
7.812000000000000000e+03 7.639943456229879304e-02
7.814000000000000000e+03 7.615164223783664477e-02
7.816000000000000000e+03 7.590421674832124876e-02
7.818000000000000000e+03 7.564862673749930821e-02
7.820000000000000000e+03 7.541051221559266771e-02
7.822000000000000000e+03 7.518142745128611470e-02
7.824000000000000000e+03 7.492705844178761121e-02
7.826000000000000000e+03 7.467307677841522606e-02
7.828000000000000000e+03 7.442801227397764785e-02
7.830000000000000000e+03 7.417481675634730875e-02
7.832000000000000000e+03 7.392205398973530905e-02
7.834000000000000000e+03 7.366968763035910972e-02
7.836000000000000000e+03 7.340073063595786707e-02
7.838000000000000000e+03 7.314068585390726129e-02
7.840000000000000000e+03 7.292338671610112955e-02
7.842000000000000000e+03 7.272343143747472816e-02
7.844000000000000000e+03 7.251531728620083661e-02
7.846000000000000000e+03 7.229904896818910298e-02
7.848000000000000000e+03 7.206624772630422504e-02
7.850000000000000000e+03 7.183379110803277123e-02
7.852000000000000000e+03 7.161014373585675163e-02
7.854000000000000000e+03 7.137842937223758122e-02
7.856000000000000000e+03 7.116387086772590909e-02
7.858000000000000000e+03 7.096642243245407378e-02
7.860000000000000000e+03 7.075249187022047970e-02
7.862000000000000000e+03 7.053897301060527147e-02
7.864000000000000000e+03 7.034249728749220054e-02
7.866000000000000000e+03 7.016303941281273882e-02
7.868000000000000000e+03 6.999218307757205937e-02
7.870000000000000000e+03 6.980486178532303854e-02
7.872000000000000000e+03 6.963455048108750656e-02
7.874000000000000000e+03 6.945615268347178628e-02
7.876000000000000000e+03 6.926968835775053346e-02
7.878000000000000000e+03 6.909178416236566589e-02
7.880000000000000000e+03 6.893905014891307803e-02
7.882000000000000000e+03 6.877830649662920737e-02
7.884000000000000000e+03 6.861777863283945178e-02
7.886000000000000000e+03 6.847402128575105773e-02
7.888000000000000000e+03 6.832217947026296423e-02
7.890000000000000000e+03 6.817879454845786336e-02
7.892000000000000000e+03 6.804389192287303711e-02
7.894000000000000000e+03 6.788442962307149331e-02
7.896000000000000000e+03 6.773343032019679688e-02
7.898000000000000000e+03 6.759084386111011145e-02
7.900000000000000000e+03 6.746488166906861039e-02
7.902000000000000000e+03 6.734734835500989780e-02
7.904000000000000000e+03 6.722176094817394754e-02
7.906000000000000000e+03 6.705534303106484850e-02
7.908000000000000000e+03 6.690552703031839299e-02
7.910000000000000000e+03 6.677226796582867718e-02
7.912000000000000000e+03 6.664742065098595847e-02
7.914000000000000000e+03 6.653086861315994638e-02
7.916000000000000000e+03 6.641446157460302591e-02
7.918000000000000000e+03 6.629817468696259930e-02
7.920000000000000000e+03 6.617388418499133007e-02
7.922000000000000000e+03 6.603355229747084887e-02
7.924000000000000000e+03 6.590151669503420406e-02
7.926000000000000000e+03 6.579398006086059625e-02
7.928000000000000000e+03 6.570275268722397533e-02
7.930000000000000000e+03 6.560351292656847744e-02
7.932000000000000000e+03 6.550447225985266131e-02
7.934000000000000000e+03 6.541360850031709140e-02
7.936000000000000000e+03 6.533088712239847051e-02
7.938000000000000000e+03 6.523209526614272280e-02
7.940000000000000000e+03 6.514952636992647761e-02
7.942000000000000000e+03 6.507513763944541840e-02
7.944000000000000000e+03 6.500079537102934624e-02
7.946000000000000000e+03 6.495059418646634275e-02
7.948000000000000000e+03 6.489235718649494222e-02
7.950000000000000000e+03 6.483413875017730865e-02
7.952000000000000000e+03 6.479205358675141357e-02
7.954000000000000000e+03 6.473394192318450424e-02
7.956000000000000000e+03 6.467583897798287462e-02
7.958000000000000000e+03 6.464169710442940753e-02
7.960000000000000000e+03 6.463143320329510499e-02
7.962000000000000000e+03 6.460523813151831940e-02
7.964000000000000000e+03 6.457899632854739724e-02
7.966000000000000000e+03 6.456859800857273068e-02
7.968000000000000000e+03 6.458193622314881144e-02
7.970000000000000000e+03 6.457133598056546964e-02
7.972000000000000000e+03 6.456865619842959425e-02
7.974000000000000000e+03 6.456588118590790570e-02
7.976000000000000000e+03 6.455509209470833287e-02
7.978000000000000000e+03 6.455212055595230258e-02
7.980000000000000000e+03 6.455693754551580787e-02
7.982000000000000000e+03 6.455389090132150620e-02
7.984000000000000000e+03 6.455073455799686943e-02
7.986000000000000000e+03 6.455533271878076407e-02
7.988000000000000000e+03 6.455196834132251316e-02
7.990000000000000000e+03 6.456420955688345342e-02
7.992000000000000000e+03 6.456856586578288426e-02
7.994000000000000000e+03 6.456495418897949257e-02
7.996000000000000000e+03 6.453777018508249919e-02
7.998000000000000000e+03 6.447927051796785436e-02
8.000000000000000000e+03 6.409277686552643238e-02
8.002000000000000000e+03 6.399939829034122230e-02
8.004000000000000000e+03 6.389050879614917300e-02
8.006000000000000000e+03 6.377394073530284757e-02
8.008000000000000000e+03 6.366524329394601667e-02
8.010000000000000000e+03 6.357216162352451183e-02
8.012000000000000000e+03 6.348691326616184849e-02
8.014000000000000000e+03 6.335531100498754953e-02
8.016000000000000000e+03 6.318528041554027919e-02
8.018000000000000000e+03 6.300011277534657561e-02
8.020000000000000000e+03 6.282297274276217591e-02
8.022000000000000000e+03 6.265385602665102249e-02
8.024000000000000000e+03 6.252339360524075684e-02
8.026000000000000000e+03 6.240075095010490236e-02
8.028000000000000000e+03 6.227060517264548789e-02
8.030000000000000000e+03 6.214061396816614180e-02
8.032000000000000000e+03 6.201846920938604291e-02
8.034000000000000000e+03 6.185836512990788849e-02
8.036000000000000000e+03 6.167570645491997350e-02
8.038000000000000000e+03 6.150855847490175471e-02
8.040000000000000000e+03 6.134926271024988831e-02
8.042000000000000000e+03 6.119026908360075678e-02
8.044000000000000000e+03 6.101640913177858172e-02
8.046000000000000000e+03 6.086549892267689027e-02
8.048000000000000000e+03 6.076003385785549299e-02
8.050000000000000000e+03 6.065468180848647417e-02
8.052000000000000000e+03 6.054945574097251454e-02
8.054000000000000000e+03 6.045183648335471227e-02
8.056000000000000000e+03 6.034679736108953391e-02
8.058000000000000000e+03 6.023436734624468269e-02
8.060000000000000000e+03 6.010711028409542606e-02
8.062000000000000000e+03 5.998006861676759977e-02
8.064000000000000000e+03 5.984572719683775577e-02
8.066000000000000000e+03 5.966694739542480891e-02
8.068000000000000000e+03 5.948106398553361374e-02
8.070000000000000000e+03 5.936225866603180717e-02
8.072000000000000000e+03 5.928065222707615961e-02
8.074000000000000000e+03 5.917690682638813288e-02
8.076000000000000000e+03 5.903634321539252133e-02
8.078000000000000000e+03 5.888122750427849522e-02
8.080000000000000000e+03 5.870429013229570836e-02
8.082000000000000000e+03 5.851300770184643396e-02
8.084000000000000000e+03 5.827806697596216862e-02
8.086000000000000000e+03 5.797767347484011208e-02
8.088000000000000000e+03 5.764870967015767872e-02
8.090000000000000000e+03 5.731322589227405562e-02
8.092000000000000000e+03 5.697856933822459391e-02
8.094000000000000000e+03 5.663744420933398277e-02
8.096000000000000000e+03 5.626804203804799953e-02
8.098000000000000000e+03 5.585598986260260912e-02
8.100000000000000000e+03 5.543048151828140757e-02
8.102000000000000000e+03 5.496266695766294230e-02
8.104000000000000000e+03 5.443101481283959403e-02
8.106000000000000000e+03 5.387912825342981021e-02
8.108000000000000000e+03 5.329989669423173398e-02
8.110000000000000000e+03 5.271502968549559437e-02
8.112000000000000000e+03 5.210304795270703782e-02
8.114000000000000000e+03 5.142818185238387518e-02
8.116000000000000000e+03 5.074802406500559387e-02
8.118000000000000000e+03 5.009836030562859338e-02
8.120000000000000000e+03 4.945762136185938990e-02
8.122000000000000000e+03 4.881868835143129276e-02
8.124000000000000000e+03 4.815305953054804800e-02
8.126000000000000000e+03 4.743953527320601826e-02
8.128000000000000000e+03 4.668543781097374973e-02
8.130000000000000000e+03 4.592639710223428429e-02
8.132000000000000000e+03 4.516953746487530758e-02
8.134000000000000000e+03 4.440071600710603777e-02
8.136000000000000000e+03 4.361998335606261101e-02
8.138000000000000000e+03 4.284147452799057232e-02
8.140000000000000000e+03 4.209333861685866929e-02
8.142000000000000000e+03 4.134737735651399654e-02
8.144000000000000000e+03 4.059655582697302423e-02
8.146000000000000000e+03 3.986888701102726112e-02
8.148000000000000000e+03 3.917825159948951780e-02
8.150000000000000000e+03 3.848959782442477190e-02
8.152000000000000000e+03 3.779598962291656067e-02
8.154000000000000000e+03 3.709048231384850375e-02
8.156000000000000000e+03 3.638701563046643772e-02
8.158000000000000000e+03 3.572719068742662846e-02
8.160000000000000000e+03 3.509004656533735306e-02
8.162000000000000000e+03 3.446169451820256524e-02
8.164000000000000000e+03 3.386966036787619067e-02
8.166000000000000000e+03 3.332068209383161339e-02
8.168000000000000000e+03 3.278704068760758539e-02
8.170000000000000000e+03 3.225494245425411521e-02
8.172000000000000000e+03 3.174497505234178535e-02
8.174000000000000000e+03 3.125702154238890751e-02
8.176000000000000000e+03 3.078414922167316270e-02
8.178000000000000000e+03 3.030580162091976032e-02
8.180000000000000000e+03 2.982883558431165608e-02
8.182000000000000000e+03 2.934646701504652760e-02
8.184000000000000000e+03 2.885870440396160613e-02
8.186000000000000000e+03 2.836557249391936236e-02
8.188000000000000000e+03 2.788742613762868611e-02
8.190000000000000000e+03 2.739715442051770047e-02
8.192000000000000000e+03 2.688808410998919096e-02
8.194000000000000000e+03 2.636029421715105694e-02
8.196000000000000000e+03 2.581387128080299409e-02
8.198000000000000000e+03 2.528251418543970425e-02
8.200000000000000000e+03 2.475944292250254267e-02
8.202000000000000000e+03 2.421785451081736804e-02
8.204000000000000000e+03 2.366450580937884407e-02
8.206000000000000000e+03 2.312618003054170771e-02
8.208000000000000000e+03 2.258280172967795998e-02
8.210000000000000000e+03 2.202108854686799302e-02
8.212000000000000000e+03 2.144115875340999247e-02
8.214000000000000000e+03 2.089616083856919368e-02
8.216000000000000000e+03 2.033957112810666837e-02
8.218000000000000000e+03 1.979788771367517117e-02
8.220000000000000000e+03 1.927767019095024195e-02
8.222000000000000000e+03 1.877881621174929544e-02
8.224000000000000000e+03 1.828806167969490235e-02
8.226000000000000000e+03 1.778566336898923864e-02
8.228000000000000000e+03 1.729136386105394052e-02
8.230000000000000000e+03 1.681822350084846707e-02
8.232000000000000000e+03 1.635963221780610891e-02
8.234000000000000000e+03 1.592202317419022864e-02
8.236000000000000000e+03 1.547924011704504554e-02
8.238000000000000000e+03 1.504432949733251756e-02
8.240000000000000000e+03 1.461724575883017671e-02
8.242000000000000000e+03 1.419148948060782942e-02
8.244000000000000000e+03 1.378000800504596175e-02
8.246000000000000000e+03 1.338918316579998553e-02
8.248000000000000000e+03 1.302539036586973335e-02
8.250000000000000000e+03 1.265627096932506537e-02
8.252000000000000000e+03 1.229474373160370851e-02
8.254000000000000000e+03 1.191506574471363697e-02
8.256000000000000000e+03 1.154939729114395908e-02
8.258000000000000000e+03 1.119767175430381144e-02
8.260000000000000000e+03 1.087260929453201519e-02
8.262000000000000000e+03 1.057409256826380775e-02
8.264000000000000000e+03 1.027012876382032286e-02
8.266000000000000000e+03 9.954399757209884264e-03
8.268000000000000000e+03 9.665054000123116107e-03
8.270000000000000000e+03 9.389293903076226591e-03
8.272000000000000000e+03 9.120733499300958877e-03
8.274000000000000000e+03 8.840369875058907978e-03
8.276000000000000000e+03 8.554580430458185586e-03
8.278000000000000000e+03 8.301187284900642810e-03
8.280000000000000000e+03 8.073735246985739439e-03
8.282000000000000000e+03 7.840733330431406967e-03
8.284000000000000000e+03 7.620988056769067293e-03
8.286000000000000000e+03 7.408194126518503897e-03
8.288000000000000000e+03 7.202320856296517103e-03
8.290000000000000000e+03 7.003323388955332018e-03
8.292000000000000000e+03 6.823637051315126212e-03
8.294000000000000000e+03 6.644513942787576635e-03
8.296000000000000000e+03 6.453546673127451457e-03
8.298000000000000000e+03 6.275576638881818700e-03
8.300000000000000000e+03 6.114859730870101685e-03
8.302000000000000000e+03 5.967006416814520792e-03
8.304000000000000000e+03 5.820850145654621853e-03
8.306000000000000000e+03 5.685000587588280932e-03
8.308000000000000000e+03 5.558792828727262061e-03
8.310000000000000000e+03 5.442793642713023017e-03
8.312000000000000000e+03 5.327773804168748142e-03
8.314000000000000000e+03 5.188661021157903348e-03
8.316000000000000000e+03 5.057922849764256643e-03
8.318000000000000000e+03 4.953796914538327774e-03
8.320000000000000000e+03 4.861553330002558494e-03
8.322000000000000000e+03 4.763528950869795608e-03
8.324000000000000000e+03 4.665204428589250947e-03
8.326000000000000000e+03 4.569609988072548777e-03
8.328000000000000000e+03 4.477336306810907572e-03
8.330000000000000000e+03 4.372083231348963990e-03
8.332000000000000000e+03 4.271986023613760439e-03
8.334000000000000000e+03 4.187233069102964944e-03
8.336000000000000000e+03 4.098546815303341119e-03
8.338000000000000000e+03 3.985578962079329435e-03
8.340000000000000000e+03 3.889121985362667486e-03
8.342000000000000000e+03 3.819842459583582938e-03
8.344000000000000000e+03 3.746011852810406106e-03
8.346000000000000000e+03 3.660513536190415206e-03
8.348000000000000000e+03 3.569942175263082686e-03
8.350000000000000000e+03 3.492707656467516908e-03
8.352000000000000000e+03 3.422758481270299791e-03
8.354000000000000000e+03 3.348752475445645506e-03
8.356000000000000000e+03 3.275432685092274140e-03
8.358000000000000000e+03 3.199250494788006844e-03
8.360000000000000000e+03 3.132030611800657501e-03
8.362000000000000000e+03 3.070803113072241228e-03
8.364000000000000000e+03 3.007883403013641380e-03
8.366000000000000000e+03 2.923225237147667171e-03
8.368000000000000000e+03 2.851053873767225334e-03
8.370000000000000000e+03 2.792521961658263070e-03
8.372000000000000000e+03 2.731124007772517143e-03
8.374000000000000000e+03 2.662749383260042471e-03
8.376000000000000000e+03 2.595052986478249817e-03
8.378000000000000000e+03 2.540365188928375706e-03
8.380000000000000000e+03 2.484575585154550834e-03
8.382000000000000000e+03 2.431206016748094657e-03
8.384000000000000000e+03 2.379079189079201604e-03
8.386000000000000000e+03 2.325849606638491669e-03
8.388000000000000000e+03 2.270350672049731809e-03
8.390000000000000000e+03 2.226620310830645412e-03
8.392000000000000000e+03 2.189375727748276053e-03
8.394000000000000000e+03 2.146340954541212619e-03
8.396000000000000000e+03 2.105113598735614076e-03
8.398000000000000000e+03 2.053446567727433211e-03
8.400000000000000000e+03 2.006510488849678597e-03
8.402000000000000000e+03 1.967789057327803699e-03
8.404000000000000000e+03 1.932028062390745695e-03
8.406000000000000000e+03 1.897477828495183110e-03
8.408000000000000000e+03 1.868201974244700428e-03
8.410000000000000000e+03 1.832579141989727246e-03
8.412000000000000000e+03 1.794104724626938239e-03
8.414000000000000000e+03 1.754523777799613798e-03
8.416000000000000000e+03 1.721368199700116283e-03
8.418000000000000000e+03 1.690572568041423572e-03
8.420000000000000000e+03 1.666180521416691035e-03
8.422000000000000000e+03 1.641243343947536163e-03
8.424000000000000000e+03 1.605367384198721787e-03
8.426000000000000000e+03 1.572426562564001491e-03
8.428000000000000000e+03 1.548757095941058915e-03
8.430000000000000000e+03 1.516476868354502561e-03
8.440000000000000000e+03 1.355755129961078078e-03
8.450000000000000000e+03 1.221332639242900904e-03
8.460000000000000000e+03 1.117487857537935100e-03
8.470000000000000000e+03 1.012681488243505823e-03
8.480000000000000000e+03 9.312408382741411365e-04
8.490000000000000000e+03 8.503907149527808107e-04
8.500000000000000000e+03 7.863926962547311853e-04
8.510000000000000000e+03 7.204578035357797746e-04
8.520000000000000000e+03 6.683828305240575385e-04
8.530000000000000000e+03 6.167204154203973724e-04
8.540000000000000000e+03 5.731841090332156358e-04
8.550000000000000000e+03 5.307123143429962097e-04
8.560000000000000000e+03 4.962823579734307539e-04
8.570000000000000000e+03 4.595817727881654669e-04
8.580000000000000000e+03 4.298373777712799948e-04
8.590000000000000000e+03 3.974915635985807076e-04
8.600000000000000000e+03 3.717937389770917408e-04
8.610000000000000000e+03 3.450912845640091904e-04
8.620000000000000000e+03 3.247170921889950190e-04
8.630000000000000000e+03 3.025152817168574697e-04
8.640000000000000000e+03 2.851801411160412737e-04
8.650000000000000000e+03 2.681017456703617473e-04
8.660000000000000000e+03 2.541915115518588353e-04
8.670000000000000000e+03 2.410796212653197612e-04
8.680000000000000000e+03 2.267033631323658123e-04
8.690000000000000000e+03 2.162928457400454423e-04
8.700000000000000000e+03 2.037453513155813032e-04
8.710000000000000000e+03 1.931872749133684019e-04
8.720000000000000000e+03 1.828816374321344735e-04
8.730000000000000000e+03 1.735249705306030554e-04
8.740000000000000000e+03 1.644091485342277683e-04
8.750000000000000000e+03 1.566654876394751644e-04
8.760000000000000000e+03 1.493411029128389957e-04
8.770000000000000000e+03 1.430628823983858932e-04
8.780000000000000000e+03 1.368944794598022177e-04
8.790000000000000000e+03 1.322770617953341840e-04
8.800000000000000000e+03 1.258884747626499003e-04
8.810000000000000000e+03 1.211319733994546709e-04
8.820000000000000000e+03 1.147262881655488221e-04
8.830000000000000000e+03 1.091395309177539333e-04
8.840000000000000000e+03 1.026836946077395915e-04
8.850000000000000000e+03 9.736362091363304596e-05
8.860000000000000000e+03 9.192005703267341172e-05
8.870000000000000000e+03 8.672159317603636455e-05
8.880000000000000000e+03 8.131298083397690086e-05
8.890000000000000000e+03 7.664294609114776890e-05
8.900000000000000000e+03 7.234099462309403887e-05
8.910000000000000000e+03 6.835649783676975429e-05
8.920000000000000000e+03 6.420122989335442512e-05
8.930000000000000000e+03 6.031614531222792482e-05
8.940000000000000000e+03 5.678309522327756794e-05
8.950000000000000000e+03 5.423861377181058205e-05
8.960000000000000000e+03 5.124783358144060764e-05
8.970000000000000000e+03 4.960422198695151372e-05
8.980000000000000000e+03 4.726771342263065030e-05
8.990000000000000000e+03 4.550069711138781552e-05
9.000000000000000000e+03 4.309707782175955918e-05
9.010000000000000000e+03 4.077522774543902549e-05
9.020000000000000000e+03 3.818408765689069003e-05
9.030000000000000000e+03 3.613397430092224981e-05
9.040000000000000000e+03 3.365333520575076158e-05
9.050000000000000000e+03 3.094731126764941215e-05
9.060000000000000000e+03 2.892289927933110107e-05
9.070000000000000000e+03 2.712540359731626830e-05
9.080000000000000000e+03 2.505377912840563417e-05
9.090000000000000000e+03 2.286104407819362344e-05
9.100000000000000000e+03 2.097459946410079826e-05
9.110000000000000000e+03 1.987382228120488883e-05
9.120000000000000000e+03 1.784705914747755878e-05
9.130000000000000000e+03 1.676494914873379838e-05
9.140000000000000000e+03 1.511365596506778726e-05
