4.447000000000000000e+03 2.437082977576655952e-05
4.448000000000000000e+03 2.538812635955503324e-05
4.449000000000000000e+03 2.640604685573819295e-05
4.450000000000000000e+03 2.742459413083822684e-05
4.451000000000000000e+03 2.844424494100976014e-05
4.452000000000000000e+03 2.946449358972697371e-05
4.453000000000000000e+03 3.048551471132332716e-05
4.454000000000000000e+03 3.150695980007843093e-05
4.455000000000000000e+03 3.252929341798440786e-05
4.456000000000000000e+03 3.355222344983741596e-05
4.457000000000000000e+03 3.457575512402565965e-05
4.458000000000000000e+03 3.559993332096804603e-05
4.459000000000000000e+03 3.662483619260119137e-05
4.460000000000000000e+03 3.765053845294707931e-05
4.461000000000000000e+03 3.867732201398043127e-05
4.462000000000000000e+03 3.970494670057937768e-05
4.463000000000000000e+03 4.073326222666311764e-05
4.464000000000000000e+03 4.176227721890256198e-05
4.465000000000000000e+03 4.279190462721168555e-05
4.466000000000000000e+03 4.382230797836083312e-05
4.467000000000000000e+03 4.485340163988676005e-05
4.468000000000000000e+03 4.588519018613164635e-05
4.469000000000000000e+03 4.691767862760606671e-05
4.470000000000000000e+03 4.795085183982707660e-05
4.471000000000000000e+03 4.898421172349178357e-05
4.472000000000000000e+03 5.001843248416468614e-05
4.473000000000000000e+03 5.105332861736887220e-05
4.474000000000000000e+03 5.208889418014508906e-05
4.475000000000000000e+03 5.312506022849136037e-05
4.476000000000000000e+03 5.416218734134424788e-05
4.477000000000000000e+03 5.519961234621356889e-05
4.478000000000000000e+03 5.623789705170004931e-05
4.479000000000000000e+03 5.727677599142311503e-05
4.480000000000000000e+03 5.831643152964779205e-05
4.481000000000000000e+03 6.258729445759954107e-05
4.482000000000000000e+03 6.686098930437268267e-05
4.483000000000000000e+03 7.113770200405284978e-05
4.484000000000000000e+03 7.541724093641276132e-05
4.485000000000000000e+03 7.970010702342768987e-05
4.486000000000000000e+03 8.398564902426678758e-05
4.487000000000000000e+03 8.827394563699927465e-05
4.488000000000000000e+03 9.256517809462626453e-05
4.489000000000000000e+03 9.685949353655973985e-05
4.490000000000000000e+03 1.011565581788021753e-04
4.491000000000000000e+03 1.054510339428789070e-04
4.492000000000000000e+03 1.097485613435400986e-04
4.493000000000000000e+03 1.140477882480129103e-04
4.494000000000000000e+03 1.183498943183649432e-04
4.495000000000000000e+03 1.226544819230078562e-04
4.496000000000000000e+03 1.269612941853636573e-04
4.497000000000000000e+03 1.312708486910477590e-04
4.498000000000000000e+03 1.355826105401185743e-04
4.499000000000000000e+03 1.398973406018644402e-04
4.500000000000000000e+03 1.442143346029241561e-04
4.501000000000000000e+03 1.485458624982015027e-04
4.502000000000000000e+03 1.528803286846867134e-04
4.503000000000000000e+03 1.572179296027573160e-04
4.504000000000000000e+03 1.615590222958162377e-04
4.505000000000000000e+03 1.659029824998417633e-04
4.506000000000000000e+03 1.702504169719885581e-04
4.507000000000000000e+03 1.746007205604823093e-04
4.508000000000000000e+03 1.789545142484951271e-04
4.509000000000000000e+03 1.833115110893671919e-04
4.510000000000000000e+03 1.876716530919469636e-04
4.511000000000000000e+03 1.920202779198045147e-04
4.512000000000000000e+03 1.963717719437760257e-04
4.513000000000000000e+03 2.007254155520881963e-04
4.514000000000000000e+03 2.050822885264204061e-04
4.515000000000000000e+03 2.094414180451954278e-04
4.516000000000000000e+03 2.138022444297323381e-04
4.517000000000000000e+03 2.181667426090777443e-04
4.518000000000000000e+03 2.225330098296434387e-04
4.519000000000000000e+03 2.269021730947300814e-04
4.520000000000000000e+03 2.312734492742607180e-04
4.521000000000000000e+03 2.461614066463793334e-04
4.522000000000000000e+03 2.610594848549403855e-04
4.523000000000000000e+03 2.759662776229854664e-04
4.524000000000000000e+03 2.908812969772836348e-04
4.525000000000000000e+03 3.058064514130180147e-04
4.526000000000000000e+03 3.207408775576966174e-04
4.527000000000000000e+03 3.356844778442586753e-04
4.528000000000000000e+03 3.506372465554397988e-04
4.529000000000000000e+03 3.655986401731181482e-04
4.530000000000000000e+03 3.805697867019047732e-04
4.531000000000000000e+03 3.955539069081255143e-04
4.532000000000000000e+03 4.105481150990289950e-04
4.533000000000000000e+03 4.255511811444576478e-04
4.534000000000000000e+03 4.405652523225983292e-04
4.535000000000000000e+03 4.555872816335853497e-04
4.536000000000000000e+03 4.706179972617980951e-04
4.537000000000000000e+03 4.856606823681163389e-04
4.538000000000000000e+03 5.007112693214380190e-04
4.539000000000000000e+03 5.157730102237781736e-04
4.540000000000000000e+03 5.308424930797986819e-04
4.541000000000000000e+03 5.459297543964920091e-04
4.542000000000000000e+03 5.610270050050836623e-04
4.543000000000000000e+03 5.761350927596075840e-04
4.544000000000000000e+03 5.912532222988497099e-04
4.545000000000000000e+03 6.063813346668897077e-04
4.546000000000000000e+03 6.215183258700514779e-04
4.547000000000000000e+03 6.366653128202734999e-04
4.548000000000000000e+03 6.518244092962100552e-04
4.549000000000000000e+03 6.669912405066813271e-04
4.550000000000000000e+03 6.821679290102102477e-04
4.551000000000000000e+03 6.973401814697682095e-04
4.552000000000000000e+03 7.125178687434943195e-04
4.553000000000000000e+03 7.277072687837031571e-04
4.554000000000000000e+03 7.429046698032538368e-04
4.555000000000000000e+03 7.581125225042648118e-04
4.556000000000000000e+03 7.733309811712898562e-04
4.557000000000000000e+03 7.885531486897879097e-04
4.558000000000000000e+03 8.037887411267217834e-04
4.559000000000000000e+03 8.190362968175386293e-04
4.560000000000000000e+03 8.342859895876092707e-04
4.561000000000000000e+03 9.093788502005226886e-04
4.562000000000000000e+03 9.845225386957512457e-04
4.563000000000000000e+03 1.059710052340589927e-03
4.564000000000000000e+03 1.134950097840289711e-03
4.565000000000000000e+03 1.210235152816311732e-03
4.566000000000000000e+03 1.285573382353899985e-03
4.567000000000000000e+03 1.360965577489920905e-03
4.568000000000000000e+03 1.436397189539832028e-03
4.569000000000000000e+03 1.511882904557708884e-03
4.570000000000000000e+03 1.587412188047568253e-03
4.571000000000000000e+03 1.662990592899610091e-03
4.572000000000000000e+03 1.738617666757800691e-03
4.573000000000000000e+03 1.814290402610367224e-03
4.574000000000000000e+03 1.890014487533314474e-03
4.575000000000000000e+03 1.965787828889098941e-03
4.576000000000000000e+03 2.041602261146670261e-03
4.577000000000000000e+03 2.117472264069169760e-03
4.578000000000000000e+03 2.193394774938664440e-03
4.579000000000000000e+03 2.269354247287724054e-03
4.580000000000000000e+03 2.345370075901288126e-03
4.581000000000000000e+03 2.427407544506837538e-03
4.582000000000000000e+03 2.509495450994201227e-03
4.583000000000000000e+03 2.591638845832725316e-03
4.584000000000000000e+03 2.673833490403525106e-03
4.585000000000000000e+03 2.756073723483467956e-03
4.586000000000000000e+03 2.838364913205697164e-03
4.587000000000000000e+03 2.920711894958215923e-03
4.588000000000000000e+03 3.003109834718801358e-03
4.589000000000000000e+03 3.085553010676377744e-03
4.590000000000000000e+03 3.168052051472566421e-03
4.591000000000000000e+03 3.272156297113846569e-03
4.592000000000000000e+03 3.376320193852267934e-03
4.593000000000000000e+03 3.480550468438500453e-03
4.594000000000000000e+03 3.584835125912329799e-03
4.595000000000000000e+03 3.689186883385325941e-03
4.596000000000000000e+03 3.793599291108463653e-03
4.597000000000000000e+03 3.898057932291491313e-03
4.598000000000000000e+03 4.002598217139616624e-03
4.599000000000000000e+03 4.107177151561429256e-03
4.600000000000000000e+03 4.211831059258248564e-03
4.601000000000000000e+03 4.355936174390191012e-03
4.602000000000000000e+03 4.500124526949323030e-03
4.603000000000000000e+03 4.644401007724108937e-03
4.604000000000000000e+03 4.788752450253998434e-03
4.605000000000000000e+03 4.933194362998773522e-03
4.606000000000000000e+03 5.077700456854252441e-03
4.607000000000000000e+03 5.222306612441112057e-03
4.608000000000000000e+03 5.366966585458361402e-03
4.609000000000000000e+03 5.511756467459208095e-03
4.610000000000000000e+03 5.656588675481658175e-03
4.611000000000000000e+03 5.838574015985364095e-03
4.612000000000000000e+03 6.020672140115397065e-03
4.613000000000000000e+03 6.202884566441385639e-03
4.614000000000000000e+03 6.385201146176038359e-03
4.615000000000000000e+03 6.567611147269744251e-03
4.616000000000000000e+03 6.750124021603621377e-03
4.617000000000000000e+03 6.932739713410179284e-03
4.618000000000000000e+03 7.115460345064994474e-03
4.619000000000000000e+03 7.298296449604093662e-03
4.620000000000000000e+03 7.481222972148804211e-03
4.621000000000000000e+03 7.721105299359943760e-03
4.622000000000000000e+03 7.961143408907347604e-03
4.623000000000000000e+03 8.201266302074874254e-03
4.624000000000000000e+03 8.441588781030092900e-03
4.625000000000000000e+03 8.681983517798936428e-03
4.626000000000000000e+03 8.922518374289232362e-03
4.627000000000000000e+03 9.163169181533288923e-03
4.628000000000000000e+03 9.403992395798992446e-03
4.629000000000000000e+03 9.644896265634521348e-03
4.630000000000000000e+03 9.885945507570728652e-03
4.631000000000000000e+03 1.018423579872845645e-02
4.632000000000000000e+03 1.048268093052977940e-02
4.633000000000000000e+03 1.078128618912259883e-02
4.634000000000000000e+03 1.108006533912547255e-02
4.635000000000000000e+03 1.137898159206379191e-02
4.636000000000000000e+03 1.167803687218501967e-02
4.637000000000000000e+03 1.197728816127996247e-02
4.638000000000000000e+03 1.227663504360699577e-02
4.639000000000000000e+03 1.257624137638051372e-02
4.640000000000000000e+03 1.287590042225829172e-02
4.641000000000000000e+03 1.325555753300381584e-02
4.642000000000000000e+03 1.363532573140858149e-02
4.643000000000000000e+03 1.401534217490456313e-02
4.644000000000000000e+03 1.439558169315745088e-02
4.645000000000000000e+03 1.477599961044105334e-02
4.646000000000000000e+03 1.515661709914110054e-02
4.647000000000000000e+03 1.553743717797370118e-02
4.648000000000000000e+03 1.591842935236360834e-02
4.649000000000000000e+03 1.629968057152553218e-02
4.650000000000000000e+03 1.668110217654648550e-02
4.651000000000000000e+03 1.715023290533658137e-02
4.652000000000000000e+03 1.761949295176572228e-02
4.653000000000000000e+03 1.808912293956978917e-02
4.654000000000000000e+03 1.855897498916490515e-02
4.655000000000000000e+03 1.902910639438895601e-02
4.656000000000000000e+03 1.949942871952390147e-02
4.657000000000000000e+03 1.997006252422866418e-02
4.658000000000000000e+03 2.044091524592565531e-02
4.659000000000000000e+03 2.091194665939466110e-02
4.660000000000000000e+03 2.138337402076957022e-02
4.661000000000000000e+03 2.193065007570192682e-02
4.662000000000000000e+03 2.247832514037791801e-02
4.663000000000000000e+03 2.302623811070398166e-02
4.664000000000000000e+03 2.357447094558255685e-02
4.665000000000000000e+03 2.412310396354414715e-02
4.666000000000000000e+03 2.467201361314298735e-02
4.667000000000000000e+03 2.522120457137089558e-02
4.668000000000000000e+03 2.577079623173050837e-02
4.669000000000000000e+03 2.632062179490000237e-02
4.670000000000000000e+03 2.687076231518291045e-02
4.671000000000000000e+03 2.748018837454036661e-02
4.672000000000000000e+03 2.808986620738707779e-02
4.673000000000000000e+03 2.869983052898376907e-02
4.674000000000000000e+03 2.931008387925367401e-02
4.675000000000000000e+03 2.992068310842086951e-02
4.676000000000000000e+03 3.053137097877945891e-02
4.677000000000000000e+03 3.114260712964925237e-02
4.678000000000000000e+03 3.175403409063039251e-02
4.679000000000000000e+03 3.236569127522915396e-02
4.680000000000000000e+03 3.297764462466942076e-02
4.681000000000000000e+03 3.369176567978685033e-02
4.682000000000000000e+03 3.440622220199218706e-02
4.683000000000000000e+03 3.512106377087794579e-02
4.684000000000000000e+03 3.583621860436244505e-02
4.685000000000000000e+03 3.655170440898448253e-02
4.686000000000000000e+03 3.726788372893177770e-02
4.687000000000000000e+03 3.798419288435012781e-02
4.688000000000000000e+03 3.870095402707952187e-02
4.689000000000000000e+03 3.941803300106951763e-02
4.690000000000000000e+03 4.013562680869647153e-02
4.691000000000000000e+03 4.113166761372922392e-02
4.692000000000000000e+03 4.212826724133047346e-02
4.693000000000000000e+03 4.312548198773656638e-02
4.694000000000000000e+03 4.412326311744745738e-02
4.695000000000000000e+03 4.512166978099240583e-02
4.696000000000000000e+03 4.612041643133890645e-02
4.697000000000000000e+03 4.711986029766666861e-02
4.698000000000000000e+03 4.811995773949843958e-02
4.699000000000000000e+03 4.912043547265008275e-02
4.700000000000000000e+03 5.012147743945056383e-02
4.701000000000000000e+03 5.094466126964743158e-02
4.702000000000000000e+03 5.176833461079165949e-02
4.703000000000000000e+03 5.259227032762618659e-02
4.704000000000000000e+03 5.341669517168416009e-02
4.705000000000000000e+03 5.424145050824296516e-02
4.706000000000000000e+03 5.506671328687644251e-02
4.707000000000000000e+03 5.589239305299661259e-02
4.708000000000000000e+03 5.671858568187703592e-02
4.709000000000000000e+03 5.754500342530614182e-02
4.710000000000000000e+03 5.837182952113349060e-02
4.711000000000000000e+03 5.922526972048368366e-02
4.712000000000000000e+03 6.007916025175401298e-02
4.713000000000000000e+03 6.093349504752128970e-02
4.714000000000000000e+03 6.178808364287840388e-02
4.715000000000000000e+03 6.264341553104044169e-02
4.716000000000000000e+03 6.349899852669135814e-02
4.717000000000000000e+03 6.435513749623535118e-02
4.718000000000000000e+03 6.521161027905895968e-02
4.719000000000000000e+03 6.606853029362440288e-02
4.720000000000000000e+03 6.692601694728590733e-02
4.721000000000000000e+03 6.783493988976489752e-02
4.722000000000000000e+03 6.874444465168634555e-02
4.723000000000000000e+03 6.965456278899512244e-02
4.724000000000000000e+03 7.056503379328586678e-02
4.725000000000000000e+03 7.147588092631818046e-02
4.726000000000000000e+03 7.238707871380435643e-02
4.727000000000000000e+03 7.329912278255468205e-02
4.728000000000000000e+03 7.421140268180731470e-02
4.729000000000000000e+03 7.512428826280961869e-02
4.730000000000000000e+03 7.603752843863061106e-02
4.731000000000000000e+03 7.687388265060361714e-02
4.732000000000000000e+03 7.771040420435149088e-02
4.733000000000000000e+03 7.854747302414082089e-02
4.734000000000000000e+03 7.938469339495969612e-02
4.735000000000000000e+03 8.022259560791340782e-02
4.736000000000000000e+03 8.106090784302706631e-02
4.737000000000000000e+03 8.189950861910264002e-02
4.738000000000000000e+03 8.273866336243113073e-02
4.739000000000000000e+03 8.357821955754420051e-02
4.740000000000000000e+03 8.441821830368964608e-02
4.741000000000000000e+03 8.533534512181499554e-02
4.742000000000000000e+03 8.625308115592260350e-02
4.743000000000000000e+03 8.717126798843699564e-02
4.744000000000000000e+03 8.808961906203743863e-02
4.745000000000000000e+03 8.900857226134625821e-02
4.746000000000000000e+03 8.992814089952440304e-02
4.747000000000000000e+03 9.084815986423855350e-02
4.748000000000000000e+03 9.176847540335054954e-02
4.749000000000000000e+03 9.268941998661937853e-02
4.750000000000000000e+03 9.361051084120181054e-02
4.751000000000000000e+03 9.461115372532340195e-02
4.752000000000000000e+03 9.561218335126302204e-02
4.753000000000000000e+03 9.661342428905243807e-02
4.754000000000000000e+03 9.761568159276570733e-02
4.755000000000000000e+03 9.861797266676763929e-02
4.756000000000000000e+03 9.962113323199793535e-02
4.757000000000000000e+03 1.006246599155859456e-01
4.758000000000000000e+03 1.016288867864692108e-01
4.759000000000000000e+03 1.026336576829716962e-01
4.760000000000000000e+03 1.036387595085447449e-01
4.761000000000000000e+03 1.044903097985991347e-01
4.762000000000000000e+03 1.053421249705073504e-01
4.763000000000000000e+03 1.061945751706832169e-01
4.764000000000000000e+03 1.070472873432430222e-01
4.765000000000000000e+03 1.079004578501815970e-01
4.766000000000000000e+03 1.087542466041256789e-01
4.767000000000000000e+03 1.096083035305312897e-01
4.768000000000000000e+03 1.104628190248302805e-01
4.769000000000000000e+03 1.113179457424567642e-01
4.770000000000000000e+03 1.121731828035948952e-01
4.771000000000000000e+03 1.131797397277111844e-01
4.772000000000000000e+03 1.141865884983099544e-01
4.773000000000000000e+03 1.151942536826143504e-01
4.774000000000000000e+03 1.162018251047048922e-01
4.775000000000000000e+03 1.172102156767357711e-01
4.776000000000000000e+03 1.182190882994599151e-01
4.777000000000000000e+03 1.192280013529932459e-01
4.778000000000000000e+03 1.202377773321481325e-01
4.779000000000000000e+03 1.212476338666700210e-01
4.780000000000000000e+03 1.222583008421948697e-01
4.781000000000000000e+03 1.232713790031879503e-01
4.782000000000000000e+03 1.242847176160105094e-01
4.783000000000000000e+03 1.252985431406348493e-01
4.784000000000000000e+03 1.263128678423141860e-01
4.785000000000000000e+03 1.273276919698669019e-01
4.786000000000000000e+03 1.283429657970432680e-01
4.787000000000000000e+03 1.293591794065974965e-01
4.788000000000000000e+03 1.303752395035671918e-01
4.789000000000000000e+03 1.313920004943660014e-01
4.790000000000000000e+03 1.324094543336756802e-01
4.791000000000000000e+03 1.334306307138620473e-01
4.792000000000000000e+03 1.344528037846887958e-01
4.793000000000000000e+03 1.354748384345429713e-01
4.794000000000000000e+03 1.364976345729364271e-01
4.795000000000000000e+03 1.375211837329068654e-01
4.796000000000000000e+03 1.385448449044864860e-01
4.797000000000000000e+03 1.395697061211023660e-01
4.798000000000000000e+03 1.405944445719042868e-01
4.799000000000000000e+03 1.416199528583820810e-01
4.800000000000000000e+03 1.426462082014663124e-01
4.801000000000000000e+03 1.434590634175722801e-01
4.802000000000000000e+03 1.442724918727559813e-01
4.803000000000000000e+03 1.450860611100774356e-01
4.804000000000000000e+03 1.458997533689621873e-01
4.805000000000000000e+03 1.467142754051176667e-01
4.806000000000000000e+03 1.475289203363946144e-01
4.807000000000000000e+03 1.483436986747036779e-01
4.808000000000000000e+03 1.491590977372636018e-01
4.809000000000000000e+03 1.499750635674954313e-01
4.810000000000000000e+03 1.507911908120433964e-01
4.811000000000000000e+03 1.517283259477782420e-01
4.812000000000000000e+03 1.526657950604596026e-01
4.813000000000000000e+03 1.536035540537603050e-01
4.814000000000000000e+03 1.545416474268468399e-01
4.815000000000000000e+03 1.554799854740751830e-01
4.816000000000000000e+03 1.564186880105469801e-01
4.817000000000000000e+03 1.573574215576958590e-01
4.818000000000000000e+03 1.582972057933689225e-01
4.819000000000000000e+03 1.592368079005783976e-01
4.820000000000000000e+03 1.601769617580547089e-01
4.821000000000000000e+03 1.609978112179437371e-01
4.822000000000000000e+03 1.618195491740468950e-01
4.823000000000000000e+03 1.626411631264419733e-01
4.824000000000000000e+03 1.634633869392248529e-01
4.825000000000000000e+03 1.642860339126655245e-01
4.826000000000000000e+03 1.651089933070141180e-01
4.827000000000000000e+03 1.659323762064400243e-01
4.828000000000000000e+03 1.667563922534252840e-01
4.829000000000000000e+03 1.675804799269051681e-01
4.830000000000000000e+03 1.684050080738797583e-01
4.831000000000000000e+03 1.691994924085604701e-01
4.832000000000000000e+03 1.699940384549806782e-01
4.833000000000000000e+03 1.707891524368589375e-01
4.834000000000000000e+03 1.715849202126525086e-01
4.835000000000000000e+03 1.723804171773253013e-01
4.836000000000000000e+03 1.731762685959241099e-01
4.837000000000000000e+03 1.739729936814400635e-01
4.838000000000000000e+03 1.747700113794735943e-01
4.839000000000000000e+03 1.755671017969219205e-01
4.840000000000000000e+03 1.763642277375796485e-01
4.841000000000000000e+03 1.769526975894028242e-01
4.842000000000000000e+03 1.775414045889051884e-01
4.843000000000000000e+03 1.781300749369906511e-01
4.844000000000000000e+03 1.787189635724369952e-01
4.845000000000000000e+03 1.793089828910655881e-01
4.846000000000000000e+03 1.798986558393913249e-01
4.847000000000000000e+03 1.804882368805065807e-01
4.848000000000000000e+03 1.810783833109915753e-01
4.849000000000000000e+03 1.816687321229834562e-01
4.850000000000000000e+03 1.822593704091118039e-01
4.851000000000000000e+03 1.830306554921475037e-01
4.852000000000000000e+03 1.838025451104186025e-01
4.853000000000000000e+03 1.845744237842817659e-01
4.854000000000000000e+03 1.853475135672937035e-01
4.855000000000000000e+03 1.861205592282835497e-01
4.856000000000000000e+03 1.868933240036365073e-01
4.857000000000000000e+03 1.876663403456494961e-01
4.858000000000000000e+03 1.884402754340112618e-01
4.859000000000000000e+03 1.892135969332829348e-01
4.860000000000000000e+03 1.899874580821445946e-01
4.861000000000000000e+03 1.903174037631985838e-01
4.862000000000000000e+03 1.906483296383913451e-01
4.863000000000000000e+03 1.909785042356186291e-01
4.864000000000000000e+03 1.913087468336164554e-01
4.865000000000000000e+03 1.916397900761744044e-01
4.866000000000000000e+03 1.919706277815468598e-01
4.867000000000000000e+03 1.923015708754710618e-01
4.868000000000000000e+03 1.926329689743406792e-01
4.869000000000000000e+03 1.929638650573154146e-01
4.870000000000000000e+03 1.932948655024522566e-01
4.871000000000000000e+03 1.937305965843558742e-01
4.872000000000000000e+03 1.941668247629802779e-01
4.873000000000000000e+03 1.946028834210687397e-01
4.874000000000000000e+03 1.950391241337956216e-01
4.875000000000000000e+03 1.954764794480243484e-01
4.876000000000000000e+03 1.959130117331033816e-01
4.877000000000000000e+03 1.963497448227366493e-01
4.878000000000000000e+03 1.967869416019762674e-01
4.879000000000000000e+03 1.972239834967871863e-01
4.880000000000000000e+03 1.976615090392303820e-01
4.881000000000000000e+03 1.980727393841745509e-01
4.882000000000000000e+03 1.984844070211879141e-01
4.883000000000000000e+03 1.988962862204959048e-01
4.884000000000000000e+03 1.993079218361546723e-01
4.885000000000000000e+03 1.997201101808166179e-01
4.886000000000000000e+03 2.001320725078353790e-01
4.887000000000000000e+03 2.005445318552083189e-01
4.888000000000000000e+03 2.009574901172175576e-01
4.889000000000000000e+03 2.013695893151132843e-01
4.890000000000000000e+03 2.017822054153396716e-01
4.891000000000000000e+03 2.020613973359861593e-01
4.892000000000000000e+03 2.023407037450307422e-01
4.893000000000000000e+03 2.026197588512207715e-01
4.894000000000000000e+03 2.028996024469557902e-01
4.895000000000000000e+03 2.031788666264759957e-01
4.896000000000000000e+03 2.034582253278758301e-01
4.897000000000000000e+03 2.037380074138446240e-01
4.898000000000000000e+03 2.040172069123960541e-01
4.899000000000000000e+03 2.042968491324169966e-01
4.900000000000000000e+03 2.045775370610773414e-01
4.901000000000000000e+03 2.048334377660246397e-01
4.902000000000000000e+03 2.050893899464528991e-01
4.903000000000000000e+03 2.053457634625659722e-01
4.904000000000000000e+03 2.056016041924413340e-01
4.905000000000000000e+03 2.058578273122090851e-01
4.906000000000000000e+03 2.061148243889568688e-01
4.907000000000000000e+03 2.063712288115718274e-01
4.908000000000000000e+03 2.066274103597504075e-01
4.909000000000000000e+03 2.068846612355280667e-01
4.910000000000000000e+03 2.071416703474726895e-01
4.911000000000000000e+03 2.074269758990768819e-01
4.912000000000000000e+03 2.077117787910214841e-01
4.913000000000000000e+03 2.079969822765037057e-01
4.914000000000000000e+03 2.082822918118859556e-01
4.915000000000000000e+03 2.085677271269315847e-01
4.916000000000000000e+03 2.088535647976842990e-01
4.917000000000000000e+03 2.091392126566299359e-01
4.918000000000000000e+03 2.094256000915850624e-01
4.919000000000000000e+03 2.097114608907880151e-01
4.920000000000000000e+03 2.099970508081840936e-01
4.921000000000000000e+03 2.101985846935288671e-01
4.922000000000000000e+03 2.104004985636668823e-01
4.923000000000000000e+03 2.106024749500022275e-01
4.924000000000000000e+03 2.108035188063407395e-01
4.925000000000000000e+03 2.110055796439024578e-01
4.926000000000000000e+03 2.112071050145700735e-01
4.927000000000000000e+03 2.114086321053505746e-01
4.928000000000000000e+03 2.116105799424927436e-01
4.929000000000000000e+03 2.118129093730761747e-01
4.930000000000000000e+03 2.120146615972388071e-01
4.931000000000000000e+03 2.122413007695440057e-01
4.932000000000000000e+03 2.124687088317658290e-01
4.933000000000000000e+03 2.126958654765692125e-01
4.934000000000000000e+03 2.129233916872256271e-01
4.935000000000000000e+03 2.131509870966841746e-01
4.936000000000000000e+03 2.133780087280087445e-01
4.937000000000000000e+03 2.136057620796558421e-01
4.938000000000000000e+03 2.138328600684928360e-01
4.939000000000000000e+03 2.140600864658644131e-01
4.940000000000000000e+03 2.142873607748995990e-01
4.941000000000000000e+03 2.141471752106633430e-01
4.942000000000000000e+03 2.140066061384138796e-01
4.943000000000000000e+03 2.138659760893917849e-01
4.944000000000000000e+03 2.137248831735207855e-01
4.945000000000000000e+03 2.135840510597038222e-01
4.946000000000000000e+03 2.134424960687043293e-01
4.947000000000000000e+03 2.133011617271880489e-01
4.948000000000000000e+03 2.131601073136972224e-01
4.949000000000000000e+03 2.130186117210860763e-01
4.950000000000000000e+03 2.128766958770082207e-01
4.951000000000000000e+03 2.135887914409138888e-01
4.952000000000000000e+03 2.143014905444536877e-01
4.953000000000000000e+03 2.150141104199626563e-01
4.954000000000000000e+03 2.157276395183970741e-01
4.955000000000000000e+03 2.164408049110558285e-01
4.956000000000000000e+03 2.171541912938807217e-01
4.957000000000000000e+03 2.178682068028348628e-01
4.958000000000000000e+03 2.185820967309228813e-01
4.959000000000000000e+03 2.192963096272569357e-01
4.960000000000000000e+03 2.200107223622093100e-01
4.961000000000000000e+03 2.201918238902852987e-01
4.962000000000000000e+03 2.203733341055161832e-01
4.963000000000000000e+03 2.205548612633684014e-01
4.964000000000000000e+03 2.207365086145554045e-01
4.965000000000000000e+03 2.209181522075995552e-01
4.966000000000000000e+03 2.210991918994351935e-01
4.967000000000000000e+03 2.212813034449973015e-01
4.968000000000000000e+03 2.214624792506194317e-01
4.969000000000000000e+03 2.216443550669609797e-01
4.970000000000000000e+03 2.218263098307631243e-01
4.971000000000000000e+03 2.224336723697100393e-01
4.972000000000000000e+03 2.230419561535948170e-01
4.973000000000000000e+03 2.236494318841797668e-01
4.974000000000000000e+03 2.242584803510441205e-01
4.975000000000000000e+03 2.248667172757765065e-01
4.976000000000000000e+03 2.254754825779780036e-01
4.977000000000000000e+03 2.260841453225081732e-01
4.978000000000000000e+03 2.266933380030969891e-01
4.979000000000000000e+03 2.273035084882387702e-01
4.980000000000000000e+03 2.279120465519299532e-01
4.981000000000000000e+03 2.279825791782550404e-01
4.982000000000000000e+03 2.280542061231152218e-01
4.983000000000000000e+03 2.281247364793963506e-01
4.984000000000000000e+03 2.281956592542237483e-01
4.985000000000000000e+03 2.282668894563115447e-01
4.986000000000000000e+03 2.283378100240774089e-01
4.987000000000000000e+03 2.284087401076622947e-01
4.988000000000000000e+03 2.284789559840618434e-01
4.989000000000000000e+03 2.285499050196029835e-01
4.990000000000000000e+03 2.286208848606218202e-01
4.991000000000000000e+03 2.289663603313805695e-01
4.992000000000000000e+03 2.293119192969926279e-01
4.993000000000000000e+03 2.296579890800712342e-01
4.994000000000000000e+03 2.300038007114077465e-01
4.995000000000000000e+03 2.303493955479912481e-01
4.996000000000000000e+03 2.306954803692818357e-01
4.997000000000000000e+03 2.310420566024207201e-01
4.998000000000000000e+03 2.313883942033370666e-01
4.999000000000000000e+03 2.317344917523652681e-01
5.000000000000000000e+03 2.320814047442761596e-01
5.001000000000000000e+03 2.324038149392115005e-01
5.002000000000000000e+03 2.327262635909907451e-01
5.003000000000000000e+03 2.330487289587083455e-01
5.004000000000000000e+03 2.333709290735614950e-01
5.005000000000000000e+03 2.336935138257391631e-01
5.006000000000000000e+03 2.340161801851959322e-01
5.007000000000000000e+03 2.343389282215759262e-01
5.008000000000000000e+03 2.346613441131190914e-01
5.009000000000000000e+03 2.349838189938766031e-01
5.010000000000000000e+03 2.353063746905980913e-01
5.011000000000000000e+03 2.354991951463110411e-01
5.012000000000000000e+03 2.356924496700502081e-01
5.013000000000000000e+03 2.358853513243101829e-01
5.014000000000000000e+03 2.360782715457338810e-01
5.015000000000000000e+03 2.362716265921605274e-01
5.016000000000000000e+03 2.364642771310250524e-01
5.017000000000000000e+03 2.366569895660317890e-01
5.018000000000000000e+03 2.368500932616714183e-01
5.019000000000000000e+03 2.370432374081144211e-01
5.020000000000000000e+03 2.372364439871280373e-01
5.021000000000000000e+03 2.372667739435727619e-01
5.022000000000000000e+03 2.372971027972587688e-01
5.023000000000000000e+03 2.373277822788935620e-01
5.024000000000000000e+03 2.373581528869253832e-01
5.025000000000000000e+03 2.373884564434448896e-01
5.026000000000000000e+03 2.374187808800523602e-01
5.027000000000000000e+03 2.374494779032485237e-01
5.028000000000000000e+03 2.374794264451491332e-01
5.029000000000000000e+03 2.375097255926572892e-01
5.030000000000000000e+03 2.375404632509989233e-01
5.031000000000000000e+03 2.377884566088328266e-01
5.032000000000000000e+03 2.380372317164460017e-01
5.033000000000000000e+03 2.382853579246586306e-01
5.034000000000000000e+03 2.385342451676227271e-01
5.035000000000000000e+03 2.387828796741473802e-01
5.036000000000000000e+03 2.390315037053171165e-01
5.037000000000000000e+03 2.392805815910170053e-01
5.038000000000000000e+03 2.395293395213736187e-01
5.039000000000000000e+03 2.397777764820618329e-01
5.040000000000000000e+03 2.400266677269880244e-01
5.041000000000000000e+03 2.398926150552845860e-01
5.042000000000000000e+03 2.397585433863675397e-01
5.043000000000000000e+03 2.396240764242898447e-01
5.044000000000000000e+03 2.394895466716894517e-01
5.045000000000000000e+03 2.393553299017815716e-01
5.046000000000000000e+03 2.392207186238168581e-01
5.047000000000000000e+03 2.390864198369079541e-01
5.048000000000000000e+03 2.389513962225961741e-01
5.049000000000000000e+03 2.388166630344885910e-01
5.050000000000000000e+03 2.386822416000411451e-01
5.051000000000000000e+03 2.389596525057826326e-01
5.052000000000000000e+03 2.392363345901973026e-01
5.053000000000000000e+03 2.395146270919547016e-01
5.054000000000000000e+03 2.397914388133393360e-01
5.055000000000000000e+03 2.400687351519877888e-01
5.056000000000000000e+03 2.403468054521204489e-01
5.057000000000000000e+03 2.406242100936020756e-01
5.058000000000000000e+03 2.409016795702356439e-01
5.059000000000000000e+03 2.411788360353885052e-01
5.060000000000000000e+03 2.414564570447287062e-01
5.061000000000000000e+03 2.411037430491369815e-01
5.062000000000000000e+03 2.407509795851081880e-01
5.063000000000000000e+03 2.403984542899511578e-01
5.064000000000000000e+03 2.400451044620863783e-01
5.065000000000000000e+03 2.396916398945687365e-01
5.066000000000000000e+03 2.393385014039538516e-01
5.067000000000000000e+03 2.389852249752140723e-01
5.068000000000000000e+03 2.386315252941605680e-01
5.069000000000000000e+03 2.382773601098709115e-01
5.070000000000000000e+03 2.379237821027771482e-01
5.071000000000000000e+03 2.380715067477282565e-01
5.072000000000000000e+03 2.382192243144652943e-01
5.073000000000000000e+03 2.383670443649100190e-01
5.074000000000000000e+03 2.385148134491938410e-01
5.075000000000000000e+03 2.386626850633852825e-01
5.076000000000000000e+03 2.388098030017938855e-01
5.077000000000000000e+03 2.389577477519536641e-01
5.078000000000000000e+03 2.391057072859589239e-01
5.079000000000000000e+03 2.392533297616947774e-01
5.080000000000000000e+03 2.394013406031486879e-01
5.081000000000000000e+03 2.390978933862934475e-01
5.082000000000000000e+03 2.387940028628954547e-01
5.083000000000000000e+03 2.384904154273106980e-01
5.084000000000000000e+03 2.381856638669262449e-01
5.085000000000000000e+03 2.378811508660809704e-01
5.086000000000000000e+03 2.375770060173199028e-01
5.087000000000000000e+03 2.372727482574526758e-01
5.088000000000000000e+03 2.369684647873241956e-01
5.089000000000000000e+03 2.366637210116311618e-01
5.090000000000000000e+03 2.363589090267735060e-01
5.091000000000000000e+03 2.362462915364598737e-01
5.092000000000000000e+03 2.361336222188045453e-01
5.093000000000000000e+03 2.360202299588393393e-01
5.094000000000000000e+03 2.359071546092116056e-01
5.095000000000000000e+03 2.357947847642436756e-01
5.096000000000000000e+03 2.356808931948879415e-01
5.097000000000000000e+03 2.355677071635287889e-01
5.098000000000000000e+03 2.354549015617034557e-01
5.099000000000000000e+03 2.353412892478899399e-01
5.100000000000000000e+03 2.352280573174041212e-01
5.101000000000000000e+03 2.350916690157578426e-01
5.102000000000000000e+03 2.349552836824593816e-01
5.103000000000000000e+03 2.348188151812622138e-01
5.104000000000000000e+03 2.346827150242047910e-01
5.105000000000000000e+03 2.345454357224792119e-01
5.106000000000000000e+03 2.344095985004492344e-01
5.107000000000000000e+03 2.342722829700739640e-01
5.108000000000000000e+03 2.341363430407432944e-01
5.109000000000000000e+03 2.339989483110723190e-01
5.110000000000000000e+03 2.338625632916438990e-01
5.111000000000000000e+03 2.338336734939042982e-01
5.112000000000000000e+03 2.338057973437730197e-01
5.113000000000000000e+03 2.337768808240869300e-01
5.114000000000000000e+03 2.337490202005802209e-01
5.115000000000000000e+03 2.337204403624173199e-01
5.116000000000000000e+03 2.336910777292275920e-01
5.117000000000000000e+03 2.336631763507556747e-01
5.118000000000000000e+03 2.336341931577726183e-01
5.119000000000000000e+03 2.336051540269502014e-01
5.120000000000000000e+03 2.335764859946459771e-01
5.121000000000000000e+03 2.335472156957127399e-01
5.122000000000000000e+03 2.335182950043112049e-01
5.123000000000000000e+03 2.334897023111563996e-01
5.124000000000000000e+03 2.334600510042875166e-01
5.125000000000000000e+03 2.334310903738473775e-01
5.126000000000000000e+03 2.334013916002186106e-01
5.127000000000000000e+03 2.333727667788184079e-01
5.128000000000000000e+03 2.333430204765219451e-01
5.129000000000000000e+03 2.333136659406430946e-01
5.130000000000000000e+03 2.332842556468796846e-01
5.131000000000000000e+03 2.332070123340312384e-01
5.132000000000000000e+03 2.331296962268983308e-01
5.133000000000000000e+03 2.330531155204912663e-01
5.134000000000000000e+03 2.329757599117829037e-01
5.135000000000000000e+03 2.328983528308947171e-01
5.136000000000000000e+03 2.328209580186116345e-01
5.137000000000000000e+03 2.327438513765061612e-01
5.138000000000000000e+03 2.326660352174182433e-01
5.139000000000000000e+03 2.325885072654051144e-01
5.140000000000000000e+03 2.325109914997845195e-01
5.141000000000000000e+03 2.324526657517417827e-01
5.142000000000000000e+03 2.323940036361752393e-01
5.143000000000000000e+03 2.323352807835246114e-01
5.144000000000000000e+03 2.322758622509175919e-01
5.145000000000000000e+03 2.322171029472318016e-01
5.146000000000000000e+03 2.321579868859330320e-01
5.147000000000000000e+03 2.320988738734155454e-01
5.148000000000000000e+03 2.320400597673559773e-01
5.149000000000000000e+03 2.319812695663181212e-01
5.150000000000000000e+03 2.319217007297058319e-01
5.151000000000000000e+03 2.319421318351077010e-01
5.152000000000000000e+03 2.319628988896004218e-01
5.153000000000000000e+03 2.319840229735762871e-01
5.154000000000000000e+03 2.320047861294102787e-01
5.155000000000000000e+03 2.320244705005508612e-01
5.156000000000000000e+03 2.320456098568181580e-01
5.157000000000000000e+03 2.320663460953525381e-01
5.158000000000000000e+03 2.320864047984636525e-01
5.159000000000000000e+03 2.321067571698046117e-01
5.160000000000000000e+03 2.321279098380719663e-01
5.161000000000000000e+03 2.322882370133738938e-01
5.162000000000000000e+03 2.324493501958022068e-01
5.163000000000000000e+03 2.326097281055412580e-01
5.164000000000000000e+03 2.327701734803432898e-01
5.165000000000000000e+03 2.329310039534179810e-01
5.166000000000000000e+03 2.330918176595891123e-01
5.167000000000000000e+03 2.332523389902354805e-01
5.168000000000000000e+03 2.334128642995390857e-01
5.169000000000000000e+03 2.335741362123803511e-01
5.170000000000000000e+03 2.337343513195316302e-01
5.171000000000000000e+03 2.339570606013729182e-01
5.172000000000000000e+03 2.341801587686221930e-01
5.173000000000000000e+03 2.344026463248256864e-01
5.174000000000000000e+03 2.346254801993395700e-01
5.175000000000000000e+03 2.348480428765259420e-01
5.176000000000000000e+03 2.350709950054284125e-01
5.177000000000000000e+03 2.352936327344444800e-01
5.178000000000000000e+03 2.355166818176281929e-01
5.179000000000000000e+03 2.357394159014928325e-01
5.180000000000000000e+03 2.359625833478963819e-01
5.181000000000000000e+03 2.359083308421445202e-01
5.182000000000000000e+03 2.358544218531473946e-01
5.183000000000000000e+03 2.357997653626645596e-01
5.184000000000000000e+03 2.357458371846082035e-01
5.185000000000000000e+03 2.356911619987660245e-01
5.186000000000000000e+03 2.356360610070320771e-01
5.187000000000000000e+03 2.355820722029028091e-01
5.188000000000000000e+03 2.355276787158337160e-01
5.189000000000000000e+03 2.354729022899573754e-01
5.190000000000000000e+03 2.354181059618526972e-01
5.191000000000000000e+03 2.356593700239959233e-01
5.192000000000000000e+03 2.358998998335716246e-01
5.193000000000000000e+03 2.361412334211828445e-01
5.194000000000000000e+03 2.363825807011161462e-01
5.195000000000000000e+03 2.366232558764332083e-01
5.196000000000000000e+03 2.368643294547920219e-01
5.197000000000000000e+03 2.371054159952465101e-01
5.198000000000000000e+03 2.373458063610900948e-01
5.199000000000000000e+03 2.375873481267509191e-01
5.200000000000000000e+03 2.378281715640471750e-01
5.201000000000000000e+03 2.377893986308629304e-01
5.202000000000000000e+03 2.377509833119012816e-01
5.203000000000000000e+03 2.377121724912124312e-01
5.204000000000000000e+03 2.376726653844726811e-01
5.205000000000000000e+03 2.376338814633243979e-01
5.206000000000000000e+03 2.375950463996570894e-01
5.207000000000000000e+03 2.375558808668751520e-01
5.208000000000000000e+03 2.375166858744996445e-01
5.209000000000000000e+03 2.374782131909802529e-01
5.210000000000000000e+03 2.374386155696439349e-01
5.211000000000000000e+03 2.376202527775972406e-01
5.212000000000000000e+03 2.378022333190985271e-01
5.213000000000000000e+03 2.379839338445877694e-01
5.214000000000000000e+03 2.381656121224905442e-01
5.215000000000000000e+03 2.383476774589970149e-01
5.216000000000000000e+03 2.385290525105663029e-01
5.217000000000000000e+03 2.387104046920742739e-01
5.218000000000000000e+03 2.388921873328584689e-01
5.219000000000000000e+03 2.390735802397555010e-01
5.220000000000000000e+03 2.392550366094174652e-01
5.221000000000000000e+03 2.392683733387408196e-01
5.222000000000000000e+03 2.392814066102347537e-01
5.223000000000000000e+03 2.392943742576826849e-01
5.224000000000000000e+03 2.393070168582058788e-01
5.225000000000000000e+03 2.393203937377038348e-01
5.226000000000000000e+03 2.393333590945610767e-01
5.227000000000000000e+03 2.393460210436610114e-01
5.228000000000000000e+03 2.393586173923378801e-01
5.229000000000000000e+03 2.393719911896223240e-01
5.230000000000000000e+03 2.393849751169100371e-01
5.231000000000000000e+03 2.395391517628685796e-01
5.232000000000000000e+03 2.396929346028481567e-01
5.233000000000000000e+03 2.398475571530503947e-01
5.234000000000000000e+03 2.400017425653995784e-01
5.235000000000000000e+03 2.401556201296723980e-01
5.236000000000000000e+03 2.403098833666404976e-01
5.237000000000000000e+03 2.404645112006486007e-01
5.238000000000000000e+03 2.406184402140219558e-01
5.239000000000000000e+03 2.407723861707727342e-01
5.240000000000000000e+03 2.409266751556209674e-01
5.241000000000000000e+03 2.407473729971207344e-01
5.242000000000000000e+03 2.405687837977357191e-01
5.243000000000000000e+03 2.403890624604935189e-01
5.244000000000000000e+03 2.402096634570728140e-01
5.245000000000000000e+03 2.400302611828564747e-01
5.246000000000000000e+03 2.398511800712369579e-01
5.247000000000000000e+03 2.396717492169492258e-01
5.248000000000000000e+03 2.394914942900278620e-01
5.249000000000000000e+03 2.393123593805910332e-01
5.250000000000000000e+03 2.391324442692756569e-01
5.251000000000000000e+03 2.390887305764488324e-01
5.252000000000000000e+03 2.390453338923016757e-01
5.253000000000000000e+03 2.390019523426331061e-01
5.254000000000000000e+03 2.389578535741044008e-01
5.255000000000000000e+03 2.389144162968601104e-01
5.256000000000000000e+03 2.388706712248685748e-01
5.257000000000000000e+03 2.388268768636020167e-01
5.258000000000000000e+03 2.387831193159929977e-01
5.259000000000000000e+03 2.387389468001338000e-01
5.260000000000000000e+03 2.386951553658820113e-01
5.261000000000000000e+03 2.387315408362147839e-01
5.262000000000000000e+03 2.387683574596178027e-01
5.263000000000000000e+03 2.388051320845671899e-01
5.264000000000000000e+03 2.388418647001032125e-01
5.265000000000000000e+03 2.388779313535647486e-01
5.266000000000000000e+03 2.389143431791434236e-01
5.267000000000000000e+03 2.389507559610891396e-01
5.268000000000000000e+03 2.389875140276101761e-01
5.269000000000000000e+03 2.390235843927160930e-01
5.270000000000000000e+03 2.390599785176462377e-01
5.271000000000000000e+03 2.389373218431253831e-01
5.272000000000000000e+03 2.388142803798333769e-01
5.273000000000000000e+03 2.386911770642893282e-01
5.274000000000000000e+03 2.385684629227091125e-01
5.275000000000000000e+03 2.384456650911991327e-01
5.276000000000000000e+03 2.383225477468577935e-01
5.277000000000000000e+03 2.381990471086577188e-01
5.278000000000000000e+03 2.380762349981115911e-01
5.279000000000000000e+03 2.379526542199565664e-01
5.280000000000000000e+03 2.378294616121616745e-01
5.281000000000000000e+03 2.374825353962513319e-01
5.282000000000000000e+03 2.371356055934355778e-01
5.283000000000000000e+03 2.367875643839965072e-01
5.284000000000000000e+03 2.364408411989725178e-01
5.285000000000000000e+03 2.360941556581048761e-01
5.286000000000000000e+03 2.357459171873307335e-01
5.287000000000000000e+03 2.353987577980795609e-01
5.288000000000000000e+03 2.350511715626196485e-01
5.289000000000000000e+03 2.347035612300888974e-01
5.290000000000000000e+03 2.343555263404401845e-01
5.291000000000000000e+03 2.344216357609150980e-01
5.292000000000000000e+03 2.344870536764162572e-01
5.293000000000000000e+03 2.345520959212309131e-01
5.294000000000000000e+03 2.346171840455749391e-01
5.295000000000000000e+03 2.346822126054490254e-01
5.296000000000000000e+03 2.347472870527803901e-01
5.297000000000000000e+03 2.348123441048954041e-01
5.298000000000000000e+03 2.348781436161400116e-01
5.299000000000000000e+03 2.349428493181183741e-01
5.300000000000000000e+03 2.350075796820391971e-01
5.301000000000000000e+03 2.347152537171693643e-01
5.302000000000000000e+03 2.344217738218639935e-01
5.303000000000000000e+03 2.341282591651720479e-01
5.304000000000000000e+03 2.338350668418423262e-01
5.305000000000000000e+03 2.335418597945752572e-01
5.306000000000000000e+03 2.332482398895576459e-01
5.307000000000000000e+03 2.329546270718021450e-01
5.308000000000000000e+03 2.326612928065870389e-01
5.309000000000000000e+03 2.323672342343198471e-01
5.310000000000000000e+03 2.320734752220515451e-01
5.311000000000000000e+03 2.320590706013264948e-01
5.312000000000000000e+03 2.320435791261265812e-01
5.313000000000000000e+03 2.320291259993454702e-01
5.314000000000000000e+03 2.320140028774705376e-01
5.315000000000000000e+03 2.319995428755383948e-01
5.316000000000000000e+03 2.319843922257199820e-01
5.317000000000000000e+03 2.319695922219141004e-01
5.318000000000000000e+03 2.319547888234022581e-01
5.319000000000000000e+03 2.319389204507002478e-01
5.320000000000000000e+03 2.319240895861073293e-01
5.321000000000000000e+03 2.316553500271343879e-01
5.322000000000000000e+03 2.313855469110925045e-01
5.323000000000000000e+03 2.311167576854162298e-01
5.324000000000000000e+03 2.308475701979096906e-01
5.325000000000000000e+03 2.305780685660062390e-01
5.326000000000000000e+03 2.303084604597324669e-01
5.327000000000000000e+03 2.300389112623683896e-01
5.328000000000000000e+03 2.297696267612622245e-01
5.329000000000000000e+03 2.294999883805721452e-01
5.330000000000000000e+03 2.292303673908526462e-01
5.331000000000000000e+03 2.293247666892109238e-01
5.332000000000000000e+03 2.294191939459192808e-01
5.333000000000000000e+03 2.295136286023539696e-01
5.334000000000000000e+03 2.296084412252650531e-01
5.335000000000000000e+03 2.297025407070049929e-01
5.336000000000000000e+03 2.297970181688111513e-01
5.337000000000000000e+03 2.298914618256771847e-01
5.338000000000000000e+03 2.299859540975888461e-01
5.339000000000000000e+03 2.300800825646824588e-01
5.340000000000000000e+03 2.301742181833019429e-01
5.341000000000000000e+03 2.299841058593115883e-01
5.342000000000000000e+03 2.297932625649397043e-01
5.343000000000000000e+03 2.296020811588413701e-01
5.344000000000000000e+03 2.294115698182950525e-01
5.345000000000000000e+03 2.292210694924634029e-01
5.346000000000000000e+03 2.290304980471878915e-01
5.347000000000000000e+03 2.288393225954898080e-01
5.348000000000000000e+03 2.286484255355459572e-01
5.349000000000000000e+03 2.284578674967361056e-01
5.350000000000000000e+03 2.282666456375486985e-01
5.351000000000000000e+03 2.282530306839822276e-01
5.352000000000000000e+03 2.282391055720697504e-01
5.353000000000000000e+03 2.282244616174554652e-01
5.354000000000000000e+03 2.282105296891473178e-01
5.355000000000000000e+03 2.281969008320513526e-01
5.356000000000000000e+03 2.281826554786894057e-01
5.357000000000000000e+03 2.281686927666175813e-01
5.358000000000000000e+03 2.281536848082859337e-01
5.359000000000000000e+03 2.281400829787628148e-01
5.360000000000000000e+03 2.281261304313033367e-01
5.361000000000000000e+03 2.280790063539992474e-01
5.362000000000000000e+03 2.280318570938294487e-01
5.363000000000000000e+03 2.279850499812483000e-01
5.364000000000000000e+03 2.279379115105907849e-01
5.365000000000000000e+03 2.278904215458193439e-01
5.366000000000000000e+03 2.278436202593508153e-01
5.367000000000000000e+03 2.277961209389858521e-01
5.368000000000000000e+03 2.277486170331083359e-01
5.369000000000000000e+03 2.277021476128996968e-01
5.370000000000000000e+03 2.276546342617297713e-01
5.371000000000000000e+03 2.279111564126254375e-01
5.372000000000000000e+03 2.281680149777726985e-01
5.373000000000000000e+03 2.284238623650724775e-01
5.374000000000000000e+03 2.286804135788265135e-01
5.375000000000000000e+03 2.289362783742917851e-01
5.376000000000000000e+03 2.291928689703465749e-01
5.377000000000000000e+03 2.294490795201457323e-01
5.378000000000000000e+03 2.297060180851812072e-01
5.379000000000000000e+03 2.299619595349397805e-01
5.380000000000000000e+03 2.302188769429451276e-01
5.381000000000000000e+03 2.302290364383059451e-01
5.382000000000000000e+03 2.302398750273240702e-01
5.383000000000000000e+03 2.302510633212558611e-01
5.384000000000000000e+03 2.302618808200657674e-01
5.385000000000000000e+03 2.302723892896938740e-01
5.386000000000000000e+03 2.302835768216533185e-01
5.387000000000000000e+03 2.302944141535461786e-01
5.388000000000000000e+03 2.303045925247064751e-01
5.389000000000000000e+03 2.303160880649594011e-01
5.390000000000000000e+03 2.303258954290568483e-01
5.391000000000000000e+03 2.304492424893407609e-01
5.392000000000000000e+03 2.305729712994256941e-01
5.393000000000000000e+03 2.306959692408511453e-01
5.394000000000000000e+03 2.308186683470321299e-01
5.395000000000000000e+03 2.309427601319253287e-01
5.396000000000000000e+03 2.310654803489285147e-01
5.397000000000000000e+03 2.311888716981557179e-01
5.398000000000000000e+03 2.313126665043429842e-01
5.399000000000000000e+03 2.314357696553721311e-01
5.400000000000000000e+03 2.315588626824579277e-01
5.401000000000000000e+03 2.315937761140585971e-01
5.402000000000000000e+03 2.316290426735476138e-01
5.403000000000000000e+03 2.316642900608356093e-01
5.404000000000000000e+03 2.316988354363659353e-01
5.405000000000000000e+03 2.317341478558133661e-01
5.406000000000000000e+03 2.317690271776030320e-01
5.407000000000000000e+03 2.318043012051329288e-01
5.408000000000000000e+03 2.318395767497140048e-01
5.409000000000000000e+03 2.318751850604918729e-01
5.410000000000000000e+03 2.319097596940864758e-01
5.411000000000000000e+03 2.319682615884473276e-01
5.412000000000000000e+03 2.320261012139680779e-01
5.413000000000000000e+03 2.320846041208711463e-01
5.414000000000000000e+03 2.321424444843102897e-01
5.415000000000000000e+03 2.322009484020455261e-01
5.416000000000000000e+03 2.322594528929813051e-01
5.417000000000000000e+03 2.323176469278885603e-01
5.418000000000000000e+03 2.323757999277839270e-01
5.419000000000000000e+03 2.324339740980033153e-01
5.420000000000000000e+03 2.324928333894963062e-01
5.421000000000000000e+03 2.327230315958662699e-01
5.422000000000000000e+03 2.329531996269876559e-01
5.423000000000000000e+03 2.331833997848372086e-01
5.424000000000000000e+03 2.334135904742583034e-01
5.425000000000000000e+03 2.336438133275118845e-01
5.426000000000000000e+03 2.338747152366428550e-01
5.427000000000000000e+03 2.341042722155825262e-01
5.428000000000000000e+03 2.343352398770792433e-01
5.429000000000000000e+03 2.345651530796613593e-01
5.430000000000000000e+03 2.347957681190978585e-01
5.431000000000000000e+03 2.349162754269629727e-01
5.432000000000000000e+03 2.350368324794827046e-01
5.433000000000000000e+03 2.351569988965115932e-01
5.434000000000000000e+03 2.352779281873166317e-01
5.435000000000000000e+03 2.353984458101484323e-01
5.436000000000000000e+03 2.355197273213066045e-01
5.437000000000000000e+03 2.356399667166464706e-01
5.438000000000000000e+03 2.357605079437438689e-01
5.439000000000000000e+03 2.358814776031765148e-01
5.440000000000000000e+03 2.360020556584450924e-01
5.441000000000000000e+03 2.360710170323921386e-01
5.442000000000000000e+03 2.361400056640296785e-01
5.443000000000000000e+03 2.362086425434621051e-01
5.444000000000000000e+03 2.362776224582218698e-01
5.445000000000000000e+03 2.363466296461888827e-01
5.446000000000000000e+03 2.364156641227876388e-01
5.447000000000000000e+03 2.364846415935777380e-01
5.448000000000000000e+03 2.365536885080258001e-01
5.449000000000000000e+03 2.366230368772218595e-01
5.450000000000000000e+03 2.366917377384852028e-01
5.451000000000000000e+03 2.365865699306866909e-01
5.452000000000000000e+03 2.364799620765164478e-01
5.453000000000000000e+03 2.363740856380812383e-01
5.454000000000000000e+03 2.362678448687346722e-01
5.455000000000000000e+03 2.361619135966658012e-01
5.456000000000000000e+03 2.360563965000288256e-01
5.457000000000000000e+03 2.359501368824877265e-01
5.458000000000000000e+03 2.358442073011811080e-01
5.459000000000000000e+03 2.357386492502288600e-01
5.460000000000000000e+03 2.356330633929741847e-01
5.461000000000000000e+03 2.358065646171476903e-01
5.462000000000000000e+03 2.359796523516968503e-01
5.463000000000000000e+03 2.361538820361398505e-01
5.464000000000000000e+03 2.363273619030451800e-01
5.465000000000000000e+03 2.365012065729339141e-01
5.466000000000000000e+03 2.366751006638096178e-01
5.467000000000000000e+03 2.368489599059129536e-01
5.468000000000000000e+03 2.370228686241101224e-01
5.469000000000000000e+03 2.371967001984765511e-01
5.470000000000000000e+03 2.373709827525460614e-01
5.471000000000000000e+03 2.374073998580414624e-01
5.472000000000000000e+03 2.374438185814628788e-01
5.473000000000000000e+03 2.374802600610461112e-01
5.474000000000000000e+03 2.375170625512693368e-01
5.475000000000000000e+03 2.375538667365415246e-01
5.476000000000000000e+03 2.375902920100957660e-01
5.477000000000000000e+03 2.376271206933175673e-01
5.478000000000000000e+03 2.376642471631682241e-01
5.479000000000000000e+03 2.377006985514976689e-01
5.480000000000000000e+03 2.377378496240037664e-01
5.481000000000000000e+03 2.377165452432614123e-01
5.482000000000000000e+03 2.376959366433517851e-01
5.483000000000000000e+03 2.376753469060142177e-01
5.484000000000000000e+03 2.376543954759538502e-01
5.485000000000000000e+03 2.376334207214835514e-01
5.486000000000000000e+03 2.376124860582561060e-01
5.487000000000000000e+03 2.375922043114612192e-01
5.488000000000000000e+03 2.375716243748008938e-01
5.489000000000000000e+03 2.375502604634303627e-01
5.490000000000000000e+03 2.375303731294826359e-01
5.491000000000000000e+03 2.378232117192354833e-01
5.492000000000000000e+03 2.381175185311972531e-01
5.493000000000000000e+03 2.384111152189596627e-01
5.494000000000000000e+03 2.387047632033756639e-01
5.495000000000000000e+03 2.389984413107252015e-01
5.496000000000000000e+03 2.392931919306324207e-01
5.497000000000000000e+03 2.395865907342412948e-01
5.498000000000000000e+03 2.398803387090406303e-01
5.499000000000000000e+03 2.401741381039407541e-01
5.500000000000000000e+03 2.404683095895336353e-01
5.501000000000000000e+03 2.401153349839605933e-01
5.502000000000000000e+03 2.397608740250654347e-01
5.503000000000000000e+03 2.394078055184970522e-01
5.504000000000000000e+03 2.390539986527543959e-01
5.505000000000000000e+03 2.387001141664438220e-01
5.506000000000000000e+03 2.383462793200154528e-01
5.507000000000000000e+03 2.379926628800498045e-01
5.508000000000000000e+03 2.376387358726740617e-01
5.509000000000000000e+03 2.372854270641946428e-01
5.510000000000000000e+03 2.369310707278946548e-01
5.511000000000000000e+03 2.368830791208091369e-01
5.512000000000000000e+03 2.368344309190325014e-01
5.513000000000000000e+03 2.367868090541490333e-01
5.514000000000000000e+03 2.367384676642553809e-01
5.515000000000000000e+03 2.366898276957459246e-01
5.516000000000000000e+03 2.366418139846231394e-01
5.517000000000000000e+03 2.365934806654832467e-01
5.518000000000000000e+03 2.365454790711637723e-01
5.519000000000000000e+03 2.364974939795043418e-01
5.520000000000000000e+03 2.364491265314240809e-01
5.521000000000000000e+03 2.362912279643706870e-01
5.522000000000000000e+03 2.361332926700661083e-01
5.523000000000000000e+03 2.359746713699873710e-01
5.524000000000000000e+03 2.358174376700805930e-01
5.525000000000000000e+03 2.356590995652004250e-01
5.526000000000000000e+03 2.355014568534385955e-01
5.527000000000000000e+03 2.353437978912966966e-01
5.528000000000000000e+03 2.351858096340989079e-01
5.529000000000000000e+03 2.350273884968021032e-01
5.530000000000000000e+03 2.348700566562518799e-01
5.531000000000000000e+03 2.347899929998133739e-01
5.532000000000000000e+03 2.347109664377510785e-01
5.533000000000000000e+03 2.346302074335652466e-01
5.534000000000000000e+03 2.345504644367069069e-01
5.535000000000000000e+03 2.344710707025426388e-01
5.536000000000000000e+03 2.343913397636247509e-01
5.537000000000000000e+03 2.343119370088067033e-01
5.538000000000000000e+03 2.342318234121211762e-01
5.539000000000000000e+03 2.341528063110238089e-01
5.540000000000000000e+03 2.340726635022610247e-01
5.541000000000000000e+03 2.338340934185232367e-01
5.542000000000000000e+03 2.335944145738212963e-01
5.543000000000000000e+03 2.333561337796756785e-01
5.544000000000000000e+03 2.331164151420440367e-01
5.545000000000000000e+03 2.328776991824705045e-01
5.546000000000000000e+03 2.326386421614337896e-01
5.547000000000000000e+03 2.323988125199616672e-01
5.548000000000000000e+03 2.321600028078907862e-01
5.549000000000000000e+03 2.319211613512394965e-01
5.550000000000000000e+03 2.316819801825940606e-01
5.551000000000000000e+03 2.317209949013787074e-01
5.552000000000000000e+03 2.317597243166176768e-01
5.553000000000000000e+03 2.317991336073321196e-01
5.554000000000000000e+03 2.318378262796820799e-01
5.555000000000000000e+03 2.318768702894460909e-01
5.556000000000000000e+03 2.319159164963214836e-01
5.557000000000000000e+03 2.319546567058464737e-01
5.558000000000000000e+03 2.319940565976690294e-01
5.559000000000000000e+03 2.320331299498558375e-01
5.560000000000000000e+03 2.320725137942376282e-01
5.561000000000000000e+03 2.316860743779977638e-01
5.562000000000000000e+03 2.313003038550540402e-01
5.563000000000000000e+03 2.309137673729022011e-01
5.564000000000000000e+03 2.305272035557372756e-01
5.565000000000000000e+03 2.301406124073619164e-01
5.566000000000000000e+03 2.297543600449422629e-01
5.567000000000000000e+03 2.293680587762912393e-01
5.568000000000000000e+03 2.289814046827823857e-01
5.569000000000000000e+03 2.285954111275607936e-01
5.570000000000000000e+03 2.282093675770746344e-01
5.571000000000000000e+03 2.282795907506390276e-01
5.572000000000000000e+03 2.283494972777494469e-01
5.573000000000000000e+03 2.284200975380611953e-01
5.574000000000000000e+03 2.284906844294371797e-01
5.575000000000000000e+03 2.285609748273602915e-01
5.576000000000000000e+03 2.286315753216366931e-01
5.577000000000000000e+03 2.287025265967521093e-01
5.578000000000000000e+03 2.287728170609629741e-01
5.579000000000000000e+03 2.288431142059213774e-01
5.580000000000000000e+03 2.289144101172228551e-01
5.581000000000000000e+03 2.286351427368429612e-01
5.582000000000000000e+03 2.283575639750788921e-01
5.583000000000000000e+03 2.280789041771799919e-01
5.584000000000000000e+03 2.278002954713757300e-01
5.585000000000000000e+03 2.275216169281209788e-01
5.586000000000000000e+03 2.272433308741491076e-01
5.587000000000000000e+03 2.269653354320955441e-01
5.588000000000000000e+03 2.266870082338114101e-01
5.589000000000000000e+03 2.264079702854130682e-01
5.590000000000000000e+03 2.261299631813143418e-01
5.591000000000000000e+03 2.259786467564849910e-01
5.592000000000000000e+03 2.258269644842096913e-01
5.593000000000000000e+03 2.256762732225348900e-01
5.594000000000000000e+03 2.255248569073461662e-01
5.595000000000000000e+03 2.253737724894495920e-01
5.596000000000000000e+03 2.252222829261125991e-01
5.597000000000000000e+03 2.250708265008962705e-01
5.598000000000000000e+03 2.249196415100546964e-01
5.599000000000000000e+03 2.247687868533886357e-01
5.600000000000000000e+03 2.246172102340100729e-01
5.601000000000000000e+03 2.242545717665622718e-01
5.602000000000000000e+03 2.238916221297781450e-01
5.603000000000000000e+03 2.235282443791087870e-01
5.604000000000000000e+03 2.231656033200597189e-01
5.605000000000000000e+03 2.228025540942057126e-01
5.606000000000000000e+03 2.224395307898958674e-01
5.607000000000000000e+03 2.220767881101144980e-01
5.608000000000000000e+03 2.217140896745741496e-01
5.609000000000000000e+03 2.213513179416398691e-01
5.610000000000000000e+03 2.209885707541987820e-01
5.611000000000000000e+03 2.208799713044019009e-01
5.612000000000000000e+03 2.207716784850831393e-01
5.613000000000000000e+03 2.206640228782048296e-01
5.614000000000000000e+03 2.205553878005951929e-01
5.615000000000000000e+03 2.204474479605135206e-01
5.616000000000000000e+03 2.203391133398432400e-01
5.617000000000000000e+03 2.202304817470532028e-01
5.618000000000000000e+03 2.201224665307038864e-01
5.619000000000000000e+03 2.200151637278125183e-01
5.620000000000000000e+03 2.199068260324875679e-01
5.621000000000000000e+03 2.197153563685592392e-01
5.622000000000000000e+03 2.195236038225217845e-01
5.623000000000000000e+03 2.193321302246147853e-01
5.624000000000000000e+03 2.191409734241001883e-01
5.625000000000000000e+03 2.189491476310989337e-01
5.626000000000000000e+03 2.187579859171328023e-01
5.627000000000000000e+03 2.185664455320094068e-01
5.628000000000000000e+03 2.183749319053512605e-01
5.629000000000000000e+03 2.181833872136160479e-01
5.630000000000000000e+03 2.179918499550960731e-01
5.631000000000000000e+03 2.181678521387832859e-01
5.632000000000000000e+03 2.183432093053389311e-01
5.633000000000000000e+03 2.185195767092079910e-01
5.634000000000000000e+03 2.186952793545163254e-01
5.635000000000000000e+03 2.188707015902192909e-01
5.636000000000000000e+03 2.190470591263168898e-01
5.637000000000000000e+03 2.192228276203302129e-01
5.638000000000000000e+03 2.193985471428399614e-01
5.639000000000000000e+03 2.195746432701863038e-01
5.640000000000000000e+03 2.197504196903264095e-01
5.641000000000000000e+03 2.193594186751788300e-01
5.642000000000000000e+03 2.189677640536686343e-01
5.643000000000000000e+03 2.185764029889048221e-01
5.644000000000000000e+03 2.181847186676118266e-01
5.645000000000000000e+03 2.177933267722623190e-01
5.646000000000000000e+03 2.174025894631219924e-01
5.647000000000000000e+03 2.170102091792310284e-01
5.648000000000000000e+03 2.166190951067097359e-01
5.649000000000000000e+03 2.162273737820384900e-01
5.650000000000000000e+03 2.158358848897049542e-01
5.651000000000000000e+03 2.155064716184235951e-01
5.652000000000000000e+03 2.151763644058886094e-01
5.653000000000000000e+03 2.148468906688343893e-01
5.654000000000000000e+03 2.145164229066805484e-01
5.655000000000000000e+03 2.141865686208987984e-01
5.656000000000000000e+03 2.138569858453543693e-01
5.657000000000000000e+03 2.135270716277662684e-01
5.658000000000000000e+03 2.131974279600152289e-01
5.659000000000000000e+03 2.128674725578391935e-01
5.660000000000000000e+03 2.125374686734289031e-01
5.661000000000000000e+03 2.125162420913493388e-01
5.662000000000000000e+03 2.124956674774369503e-01
5.663000000000000000e+03 2.124735008087846599e-01
5.664000000000000000e+03 2.124529396223332478e-01
5.665000000000000000e+03 2.124320205293698527e-01
5.666000000000000000e+03 2.124111174726979467e-01
5.667000000000000000e+03 2.123898754170951142e-01
5.668000000000000000e+03 2.123686681766973061e-01
5.669000000000000000e+03 2.123474396949603937e-01
5.670000000000000000e+03 2.123265074838825150e-01
5.671000000000000000e+03 2.122499660106864638e-01
5.672000000000000000e+03 2.121739771384772433e-01
5.673000000000000000e+03 2.120977194262652077e-01
5.674000000000000000e+03 2.120210999788666451e-01
5.675000000000000000e+03 2.119451442985815781e-01
5.676000000000000000e+03 2.118682121431322840e-01
5.677000000000000000e+03 2.117922227663093238e-01
5.678000000000000000e+03 2.117152949762163283e-01
5.679000000000000000e+03 2.116392905431542237e-01
5.680000000000000000e+03 2.115626646508920461e-01
5.681000000000000000e+03 2.110810866191543400e-01
5.682000000000000000e+03 2.105995662860188633e-01
5.683000000000000000e+03 2.101170875528128312e-01
5.684000000000000000e+03 2.096355548921158829e-01
5.685000000000000000e+03 2.091537117787425626e-01
5.686000000000000000e+03 2.086718905068887242e-01
5.687000000000000000e+03 2.081903470658200139e-01
5.688000000000000000e+03 2.077082217491406924e-01
5.689000000000000000e+03 2.072267021753319283e-01
5.690000000000000000e+03 2.067445852741351398e-01
5.691000000000000000e+03 2.065803804725169224e-01
5.692000000000000000e+03 2.064158575720312916e-01
5.693000000000000000e+03 2.062516514488956232e-01
5.694000000000000000e+03 2.060870915271855730e-01
5.695000000000000000e+03 2.059225584905397533e-01
5.696000000000000000e+03 2.057586124137556205e-01
5.697000000000000000e+03 2.055937532500754505e-01
5.698000000000000000e+03 2.054291919322946136e-01
5.699000000000000000e+03 2.052651980165307588e-01
5.700000000000000000e+03 2.051006355304921258e-01
5.701000000000000000e+03 2.050002387867391196e-01
5.702000000000000000e+03 2.048995398131633339e-01
5.703000000000000000e+03 2.047991143767517452e-01
5.704000000000000000e+03 2.046980815768080775e-01
5.705000000000000000e+03 2.045976096610164496e-01
5.706000000000000000e+03 2.044977874143971974e-01
5.707000000000000000e+03 2.043970172527502516e-01
5.708000000000000000e+03 2.042965198348452582e-01
5.709000000000000000e+03 2.041957213049802322e-01
5.710000000000000000e+03 2.040954996397487953e-01
5.711000000000000000e+03 2.038751814273258023e-01
5.712000000000000000e+03 2.036551347155912128e-01
5.713000000000000000e+03 2.034351086706072398e-01
5.714000000000000000e+03 2.032153349156040623e-01
5.715000000000000000e+03 2.029949400408782856e-01
5.716000000000000000e+03 2.027748509812535571e-01
5.717000000000000000e+03 2.025550488710609609e-01
5.718000000000000000e+03 2.023349470960325580e-01
5.719000000000000000e+03 2.021147947789611321e-01
5.720000000000000000e+03 2.018943441909252512e-01
5.721000000000000000e+03 2.013364400758423101e-01
5.722000000000000000e+03 2.007779422145947179e-01
5.723000000000000000e+03 2.002193643249396693e-01
5.724000000000000000e+03 1.996607767269221179e-01
5.725000000000000000e+03 1.991021093117023855e-01
5.726000000000000000e+03 1.985434145953223761e-01
5.727000000000000000e+03 1.979852997990129981e-01
5.728000000000000000e+03 1.974259080735149552e-01
5.729000000000000000e+03 1.968673722297474837e-01
5.730000000000000000e+03 1.963084802448037403e-01
5.731000000000000000e+03 1.963730098772521193e-01
5.732000000000000000e+03 1.964375089772650573e-01
5.733000000000000000e+03 1.965017364825418222e-01
5.734000000000000000e+03 1.965662604770620492e-01
5.735000000000000000e+03 1.966305127394351315e-01
5.736000000000000000e+03 1.966947687370755871e-01
5.737000000000000000e+03 1.967595799868027961e-01
5.738000000000000000e+03 1.968238435986498502e-01
5.739000000000000000e+03 1.968883696041103526e-01
5.740000000000000000e+03 1.969520543002527546e-01
5.741000000000000000e+03 1.965579211155209227e-01
5.742000000000000000e+03 1.961638278916622846e-01
5.743000000000000000e+03 1.957693800575162624e-01
5.744000000000000000e+03 1.953743744864225584e-01
5.745000000000000000e+03 1.949796169110288580e-01
5.746000000000000000e+03 1.945854634623648827e-01
5.747000000000000000e+03 1.941910093481897803e-01
5.748000000000000000e+03 1.937965108434598627e-01
5.749000000000000000e+03 1.934017650343784200e-01
5.750000000000000000e+03 1.930072464047842551e-01
5.751000000000000000e+03 1.927897491213052539e-01
5.752000000000000000e+03 1.925713363975496417e-01
5.753000000000000000e+03 1.923540985767018263e-01
5.754000000000000000e+03 1.921362325271663285e-01
5.755000000000000000e+03 1.919183617108727868e-01
5.756000000000000000e+03 1.916998990732105834e-01
5.757000000000000000e+03 1.914822537693957882e-01
5.758000000000000000e+03 1.912645862282552622e-01
5.759000000000000000e+03 1.910463449925456081e-01
5.760000000000000000e+03 1.908280828528726714e-01
5.761000000000000000e+03 1.905204487420528170e-01
5.762000000000000000e+03 1.902122507611715141e-01
5.763000000000000000e+03 1.899037407892708029e-01
5.764000000000000000e+03 1.895960808487956173e-01
5.765000000000000000e+03 1.892878266690231348e-01
5.766000000000000000e+03 1.889792951259090248e-01
5.767000000000000000e+03 1.886718566194885705e-01
5.768000000000000000e+03 1.883630355370996823e-01
5.769000000000000000e+03 1.880550251874211487e-01
5.770000000000000000e+03 1.877467054554842474e-01
5.771000000000000000e+03 1.875616362339143917e-01
5.772000000000000000e+03 1.873765219386895886e-01
5.773000000000000000e+03 1.871919679000027814e-01
5.774000000000000000e+03 1.870070571260716297e-01
5.775000000000000000e+03 1.868213498928490146e-01
5.776000000000000000e+03 1.866366913400674954e-01
5.777000000000000000e+03 1.864514327734273502e-01
5.778000000000000000e+03 1.862664547284909600e-01
5.779000000000000000e+03 1.860816912016564351e-01
5.780000000000000000e+03 1.858958098837707740e-01
5.781000000000000000e+03 1.856418651080775084e-01
5.782000000000000000e+03 1.853873808071312967e-01
5.783000000000000000e+03 1.851331353727692919e-01
5.784000000000000000e+03 1.848783689408573516e-01
5.785000000000000000e+03 1.846246798150102120e-01
5.786000000000000000e+03 1.843698900109995709e-01
5.787000000000000000e+03 1.841156600401182564e-01
5.788000000000000000e+03 1.838616664227813446e-01
5.789000000000000000e+03 1.836071387324541282e-01
5.790000000000000000e+03 1.833531356450662508e-01
5.791000000000000000e+03 1.832481584020802801e-01
5.792000000000000000e+03 1.831439373510565238e-01
5.793000000000000000e+03 1.830391930215956586e-01
5.794000000000000000e+03 1.829349641103442392e-01
5.795000000000000000e+03 1.828307231048673376e-01
5.796000000000000000e+03 1.827256887221580806e-01
5.797000000000000000e+03 1.826214080950337437e-01
5.798000000000000000e+03 1.825168606091847334e-01
5.799000000000000000e+03 1.824120308396405543e-01
5.800000000000000000e+03 1.823077463083579430e-01
5.801000000000000000e+03 1.818603174542852974e-01
5.802000000000000000e+03 1.814128851026177713e-01
5.803000000000000000e+03 1.809659067457636550e-01
5.804000000000000000e+03 1.805181349116407596e-01
5.805000000000000000e+03 1.800705647010389931e-01
5.806000000000000000e+03 1.796232413069966671e-01
5.807000000000000000e+03 1.791756157465542454e-01
5.808000000000000000e+03 1.787279394024509638e-01
5.809000000000000000e+03 1.782802590294684519e-01
5.810000000000000000e+03 1.778327604331618739e-01
5.811000000000000000e+03 1.776698383428441941e-01
5.812000000000000000e+03 1.775063442638763755e-01
5.813000000000000000e+03 1.773439183680368680e-01
5.814000000000000000e+03 1.771804109425941520e-01
5.815000000000000000e+03 1.770171518921299925e-01
5.816000000000000000e+03 1.768541404418235707e-01
5.817000000000000000e+03 1.766910986725564736e-01
5.818000000000000000e+03 1.765277959061510582e-01
5.819000000000000000e+03 1.763650011981809373e-01
5.820000000000000000e+03 1.762014234926143341e-01
5.821000000000000000e+03 1.757241468434906362e-01
5.822000000000000000e+03 1.752463335560109081e-01
5.823000000000000000e+03 1.747687490250514897e-01
5.824000000000000000e+03 1.742911330090193001e-01
5.825000000000000000e+03 1.738134855132509593e-01
5.826000000000000000e+03 1.733355499172934411e-01
5.827000000000000000e+03 1.728575993534794408e-01
5.828000000000000000e+03 1.723800990232218777e-01
5.829000000000000000e+03 1.719023413537230371e-01
5.830000000000000000e+03 1.714245372206719131e-01
5.831000000000000000e+03 1.712050598583935712e-01
5.832000000000000000e+03 1.709858288711053886e-01
5.833000000000000000e+03 1.707668134468196541e-01
5.834000000000000000e+03 1.705472852183608501e-01
5.835000000000000000e+03 1.703279725965197167e-01
5.836000000000000000e+03 1.701086525466265487e-01
5.837000000000000000e+03 1.698892806557547319e-01
5.838000000000000000e+03 1.696699308698438602e-01
5.839000000000000000e+03 1.694510158617877071e-01
5.840000000000000000e+03 1.692313705208901564e-01
5.841000000000000000e+03 1.688367385685892452e-01
5.842000000000000000e+03 1.684423821690047285e-01
5.843000000000000000e+03 1.680475244157945414e-01
5.844000000000000000e+03 1.676533500688560940e-01
5.845000000000000000e+03 1.672584574268403956e-01
5.846000000000000000e+03 1.668642448142012846e-01
5.847000000000000000e+03 1.664690711851314620e-01
5.848000000000000000e+03 1.660743443311435974e-01
5.849000000000000000e+03 1.656798591720150815e-01
5.850000000000000000e+03 1.652850964238384568e-01
5.851000000000000000e+03 1.650673445851180698e-01
5.852000000000000000e+03 1.648495509874901288e-01
5.853000000000000000e+03 1.646314723862837837e-01
5.854000000000000000e+03 1.644136243763531791e-01
5.855000000000000000e+03 1.641954920816905139e-01
5.856000000000000000e+03 1.639776039168309163e-01
5.857000000000000000e+03 1.637596598662920400e-01
5.858000000000000000e+03 1.635416884759175460e-01
5.859000000000000000e+03 1.633234626636541620e-01
5.860000000000000000e+03 1.631052101507594054e-01
5.861000000000000000e+03 1.626587337405301092e-01
5.862000000000000000e+03 1.622124463445504261e-01
5.863000000000000000e+03 1.617654043492399718e-01
5.864000000000000000e+03 1.613187768671650590e-01
5.865000000000000000e+03 1.608720988217201275e-01
5.866000000000000000e+03 1.604253423471448115e-01
5.867000000000000000e+03 1.599785771578817184e-01
5.868000000000000000e+03 1.595317474797265378e-01
5.869000000000000000e+03 1.590846462078019941e-01
5.870000000000000000e+03 1.586379364715720386e-01
5.871000000000000000e+03 1.583836427248874468e-01
5.872000000000000000e+03 1.581295612821119745e-01
5.873000000000000000e+03 1.578757047505065791e-01
5.874000000000000000e+03 1.576216067241797136e-01
5.875000000000000000e+03 1.573675006074529426e-01
5.876000000000000000e+03 1.571129500036828330e-01
5.877000000000000000e+03 1.568590462860592061e-01
5.878000000000000000e+03 1.566049298812826063e-01
5.879000000000000000e+03 1.563512395518022458e-01
5.880000000000000000e+03 1.560968758994936978e-01
5.881000000000000000e+03 1.555604078673755719e-01
5.882000000000000000e+03 1.550238793011140259e-01
5.883000000000000000e+03 1.544875719607610165e-01
5.884000000000000000e+03 1.539510023382349435e-01
5.885000000000000000e+03 1.534143991024489728e-01
5.886000000000000000e+03 1.528781866100024922e-01
5.887000000000000000e+03 1.523412900194598962e-01
5.888000000000000000e+03 1.518045721050190200e-01
5.889000000000000000e+03 1.512680568334837938e-01
5.890000000000000000e+03 1.507314932972239896e-01
5.891000000000000000e+03 1.504533873525359944e-01
5.892000000000000000e+03 1.501759062250903332e-01
5.893000000000000000e+03 1.498983833605336269e-01
5.894000000000000000e+03 1.496208447788200391e-01
5.895000000000000000e+03 1.493432645145271465e-01
5.896000000000000000e+03 1.490652162356874699e-01
5.897000000000000000e+03 1.487880308330198076e-01
5.898000000000000000e+03 1.485101585534926716e-01
5.899000000000000000e+03 1.482322583953069872e-01
5.900000000000000000e+03 1.479541123919008716e-01
5.901000000000000000e+03 1.474472888749275845e-01
5.902000000000000000e+03 1.469397588162038304e-01
5.903000000000000000e+03 1.464322270106934720e-01
5.904000000000000000e+03 1.459246045635329003e-01
5.905000000000000000e+03 1.454174085172709463e-01
5.906000000000000000e+03 1.449099309492149767e-01
5.907000000000000000e+03 1.444024370855601647e-01
5.908000000000000000e+03 1.438944530653305243e-01
5.909000000000000000e+03 1.433870765419892890e-01
5.910000000000000000e+03 1.428796818567991678e-01
5.911000000000000000e+03 1.425717325380116696e-01
5.912000000000000000e+03 1.422646074321133880e-01
5.913000000000000000e+03 1.419568259304063718e-01
5.914000000000000000e+03 1.416492384252424352e-01
5.915000000000000000e+03 1.413416109503188300e-01
5.916000000000000000e+03 1.410339557996498350e-01
5.917000000000000000e+03 1.407260537154484403e-01
5.918000000000000000e+03 1.404189757083203205e-01
5.919000000000000000e+03 1.401106181772019121e-01
5.920000000000000000e+03 1.398032641779212992e-01
5.921000000000000000e+03 1.393841571284825109e-01
5.922000000000000000e+03 1.389655966770232953e-01
5.923000000000000000e+03 1.385465822994958740e-01
5.924000000000000000e+03 1.381272969251476912e-01
5.925000000000000000e+03 1.377085645800972535e-01
5.926000000000000000e+03 1.372891800884759039e-01
5.927000000000000000e+03 1.368699422407107513e-01
5.928000000000000000e+03 1.364506367093563377e-01
5.929000000000000000e+03 1.360316753843645310e-01
5.930000000000000000e+03 1.356122804393104231e-01
5.931000000000000000e+03 1.354441358007974772e-01
5.932000000000000000e+03 1.352761931000590334e-01
5.933000000000000000e+03 1.351080309608963803e-01
5.934000000000000000e+03 1.349396735473447628e-01
5.935000000000000000e+03 1.347718789310270726e-01
5.936000000000000000e+03 1.346035161736930108e-01
5.937000000000000000e+03 1.344359122352154212e-01
5.938000000000000000e+03 1.342679267652485409e-01
5.939000000000000000e+03 1.340995264684796129e-01
5.940000000000000000e+03 1.339316967990531460e-01
5.941000000000000000e+03 1.336518804724552978e-01
5.942000000000000000e+03 1.333726038716794016e-01
5.943000000000000000e+03 1.330927248563228416e-01
5.944000000000000000e+03 1.328135897226268847e-01
5.945000000000000000e+03 1.325338538266441213e-01
5.946000000000000000e+03 1.322544806043820242e-01
5.947000000000000000e+03 1.319744985188293640e-01
5.948000000000000000e+03 1.316950716388027853e-01
5.949000000000000000e+03 1.314152427463413930e-01
5.950000000000000000e+03 1.311357617702125777e-01
5.951000000000000000e+03 1.307415840459722756e-01
5.952000000000000000e+03 1.303481245806248356e-01
5.953000000000000000e+03 1.299544450651048955e-01
5.954000000000000000e+03 1.295603570126396265e-01
5.955000000000000000e+03 1.291664102763415145e-01
5.956000000000000000e+03 1.287724364447942471e-01
5.957000000000000000e+03 1.283782248678309867e-01
5.958000000000000000e+03 1.279843518590573492e-01
5.959000000000000000e+03 1.275900870835398049e-01
5.960000000000000000e+03 1.271959498121759957e-01
5.961000000000000000e+03 1.270040593432208709e-01
5.962000000000000000e+03 1.268115956989380455e-01
5.963000000000000000e+03 1.266193153172887331e-01
5.964000000000000000e+03 1.264269772391675428e-01
5.965000000000000000e+03 1.262348212108667656e-01
5.966000000000000000e+03 1.260426287830817005e-01
5.967000000000000000e+03 1.258500526265549369e-01
5.968000000000000000e+03 1.256576363777426875e-01
5.969000000000000000e+03 1.254655414674590574e-01
5.970000000000000000e+03 1.252730856016782690e-01
5.971000000000000000e+03 1.251910419416278897e-01
5.972000000000000000e+03 1.251088199426239889e-01
5.973000000000000000e+03 1.250265816839285782e-01
5.974000000000000000e+03 1.249447149916767946e-01
5.975000000000000000e+03 1.248622717747245037e-01
5.976000000000000000e+03 1.247802321297190598e-01
5.977000000000000000e+03 1.246979609884633772e-01
5.978000000000000000e+03 1.246160818181477614e-01
5.979000000000000000e+03 1.245340034316017308e-01
5.980000000000000000e+03 1.244517262533829244e-01
5.981000000000000000e+03 1.243153075271861696e-01
5.982000000000000000e+03 1.241792370446009042e-01
5.983000000000000000e+03 1.240427974549602186e-01
5.984000000000000000e+03 1.239059579715554582e-01
5.985000000000000000e+03 1.237691251283712657e-01
5.986000000000000000e+03 1.236320858474293238e-01
5.987000000000000000e+03 1.234948727179349115e-01
5.988000000000000000e+03 1.233576244309841780e-01
5.989000000000000000e+03 1.232198528786241365e-01
5.990000000000000000e+03 1.230825774804965855e-01
5.991000000000000000e+03 1.230005802072944854e-01
5.992000000000000000e+03 1.229187782635823151e-01
5.993000000000000000e+03 1.228367587051204107e-01
5.994000000000000000e+03 1.227547545211178509e-01
5.995000000000000000e+03 1.226729135292903144e-01
5.996000000000000000e+03 1.225910770512953080e-01
5.997000000000000000e+03 1.225092450648275072e-01
5.998000000000000000e+03 1.224273753934361497e-01
5.999000000000000000e+03 1.223453417372983854e-01
6.000000000000000000e+03 1.222632917677157899e-01
6.001000000000000000e+03 1.218367422348386464e-01
6.002000000000000000e+03 1.214103387281736390e-01
6.003000000000000000e+03 1.209837463024232840e-01
6.004000000000000000e+03 1.205571223607498632e-01
6.005000000000000000e+03 1.201304773556272493e-01
6.006000000000000000e+03 1.197038112910166624e-01
6.007000000000000000e+03 1.192769599785826889e-01
6.008000000000000000e+03 1.188504466733556475e-01
6.009000000000000000e+03 1.184237173421781725e-01
6.010000000000000000e+03 1.179973120724964186e-01
6.011000000000000000e+03 1.176286567983787085e-01
6.012000000000000000e+03 1.172601494682209977e-01
6.013000000000000000e+03 1.168916074790737614e-01
6.014000000000000000e+03 1.165228906356520766e-01
6.015000000000000000e+03 1.161544698668847964e-01
6.016000000000000000e+03 1.157858641641507924e-01
6.017000000000000000e+03 1.154175812175247812e-01
6.018000000000000000e+03 1.150489153089760963e-01
6.019000000000000000e+03 1.146804023528517069e-01
6.020000000000000000e+03 1.143115295798694114e-01
6.021000000000000000e+03 1.134826101747293953e-01
6.022000000000000000e+03 1.126537979054416799e-01
6.023000000000000000e+03 1.118248206266906908e-01
6.024000000000000000e+03 1.109959580306922183e-01
6.025000000000000000e+03 1.101669323094170566e-01
6.026000000000000000e+03 1.093378592470186789e-01
6.027000000000000000e+03 1.085090656543383630e-01
6.028000000000000000e+03 1.076797856776143397e-01
6.029000000000000000e+03 1.068506266643584612e-01
6.030000000000000000e+03 1.060215942876073930e-01
6.031000000000000000e+03 1.051955444028793291e-01
6.032000000000000000e+03 1.043694343514647571e-01
6.033000000000000000e+03 1.035429168010181949e-01
6.034000000000000000e+03 1.027167938158883020e-01
6.035000000000000000e+03 1.018901263111166300e-01
6.036000000000000000e+03 1.010637069134786431e-01
6.037000000000000000e+03 1.002373382918329281e-01
6.038000000000000000e+03 9.941046228890601522e-02
6.039000000000000000e+03 9.858364839777296329e-02
6.040000000000000000e+03 9.775718700447302845e-02
6.041000000000000000e+03 9.658514901964666832e-02
6.042000000000000000e+03 9.541370127171792948e-02
6.043000000000000000e+03 9.424176702281794604e-02
6.044000000000000000e+03 9.306972040091804343e-02
6.045000000000000000e+03 9.189787000363432157e-02
6.046000000000000000e+03 9.072579993991125580e-02
6.047000000000000000e+03 8.955349200867203374e-02
6.048000000000000000e+03 8.838111128547428141e-02
6.049000000000000000e+03 8.720887423582315834e-02
6.050000000000000000e+03 8.603618814248314983e-02
6.051000000000000000e+03 8.463312950808189739e-02
6.052000000000000000e+03 8.323013325341781232e-02
6.053000000000000000e+03 8.182680632762218131e-02
6.054000000000000000e+03 8.042354132446968840e-02
6.055000000000000000e+03 7.902031103136411549e-02
6.056000000000000000e+03 7.761677671387187671e-02
6.057000000000000000e+03 7.621328415403212653e-02
6.058000000000000000e+03 7.480971169122072051e-02
6.059000000000000000e+03 7.340597154793930545e-02
6.060000000000000000e+03 7.200236561355566334e-02
6.061000000000000000e+03 7.057057624781089278e-02
6.062000000000000000e+03 6.913867240802668013e-02
6.063000000000000000e+03 6.770658516746563826e-02
6.064000000000000000e+03 6.627456977268111893e-02
6.065000000000000000e+03 6.484228154498131169e-02
6.066000000000000000e+03 6.340998167908802607e-02
6.067000000000000000e+03 6.197765896190347151e-02
6.068000000000000000e+03 6.054515214210592217e-02
6.069000000000000000e+03 5.911253265040566918e-02
6.070000000000000000e+03 5.767982595917534039e-02
6.071000000000000000e+03 5.641920430438209649e-02
6.072000000000000000e+03 5.515873788691634527e-02
6.073000000000000000e+03 5.389792938841073827e-02
6.074000000000000000e+03 5.263711149980478121e-02
6.075000000000000000e+03 5.137627397811667107e-02
6.076000000000000000e+03 5.011526099977547943e-02
6.077000000000000000e+03 4.885409098195106492e-02
6.078000000000000000e+03 4.759295639223361934e-02
6.079000000000000000e+03 4.633173204877045342e-02
6.080000000000000000e+03 4.507034008500408750e-02
6.081000000000000000e+03 4.395113045177233280e-02
6.082000000000000000e+03 4.283188700829129725e-02
6.083000000000000000e+03 4.171269667402349723e-02
6.084000000000000000e+03 4.059336594239174728e-02
6.085000000000000000e+03 3.947406690896471809e-02
6.086000000000000000e+03 3.835481526142780345e-02
6.087000000000000000e+03 3.723558930652982185e-02
6.088000000000000000e+03 3.611608164806831556e-02
6.089000000000000000e+03 3.499681366598269422e-02
6.090000000000000000e+03 3.387747719575649741e-02
6.091000000000000000e+03 3.303463438551144937e-02
6.092000000000000000e+03 3.219182820964091446e-02
6.093000000000000000e+03 3.134886031933144246e-02
6.094000000000000000e+03 3.050596289477050874e-02
6.095000000000000000e+03 2.966291159445452047e-02
6.096000000000000000e+03 2.881983198883980926e-02
6.097000000000000000e+03 2.797665139066933884e-02
6.098000000000000000e+03 2.713347734010927020e-02
6.099000000000000000e+03 2.629008488335615387e-02
6.100000000000000000e+03 2.544677577914775113e-02
6.101000000000000000e+03 2.478715893837669590e-02
6.102000000000000000e+03 2.412744929487295117e-02
6.103000000000000000e+03 2.346769642808831102e-02
6.104000000000000000e+03 2.280792520045463526e-02
6.105000000000000000e+03 2.214810069175922325e-02
6.106000000000000000e+03 2.148822491488487640e-02
6.107000000000000000e+03 2.082826936932758582e-02
6.108000000000000000e+03 2.016829197610532989e-02
6.109000000000000000e+03 1.950826499827703828e-02
6.110000000000000000e+03 1.884818665929404932e-02
6.111000000000000000e+03 1.837716401955103232e-02
6.112000000000000000e+03 1.790613503396950440e-02
6.113000000000000000e+03 1.743509648428908515e-02
6.114000000000000000e+03 1.696411799839600554e-02
6.115000000000000000e+03 1.649303442835350214e-02
6.116000000000000000e+03 1.602198651532074983e-02
6.117000000000000000e+03 1.555093050903593940e-02
6.118000000000000000e+03 1.507986101699196162e-02
6.119000000000000000e+03 1.460878203318603796e-02
6.120000000000000000e+03 1.413769102564456544e-02
6.121000000000000000e+03 1.377910310848382176e-02
6.122000000000000000e+03 1.342052165241472937e-02
6.123000000000000000e+03 1.306188780783511597e-02
6.124000000000000000e+03 1.270320422909390623e-02
6.125000000000000000e+03 1.234448926946609196e-02
6.126000000000000000e+03 1.198577672583187037e-02
6.127000000000000000e+03 1.162701289829736091e-02
6.128000000000000000e+03 1.126821870075343443e-02
6.129000000000000000e+03 1.090940606654649050e-02
6.130000000000000000e+03 1.055053215928747519e-02
6.131000000000000000e+03 1.028603955069498470e-02
6.132000000000000000e+03 1.002154915334312231e-02
6.133000000000000000e+03 9.757060001889627035e-03
6.134000000000000000e+03 9.492568789564887269e-03
6.135000000000000000e+03 9.228067055521264189e-03
6.136000000000000000e+03 8.963603209100709512e-03
6.137000000000000000e+03 8.699101946305009062e-03
6.138000000000000000e+03 8.434613406900355950e-03
6.139000000000000000e+03 8.170126045767859765e-03
6.140000000000000000e+03 7.905639123950867694e-03
6.141000000000000000e+03 7.704705362606869071e-03
6.142000000000000000e+03 7.503744986192205715e-03
6.143000000000000000e+03 7.302769469639733106e-03
6.144000000000000000e+03 7.101778814518316940e-03
6.145000000000000000e+03 6.900773022396783883e-03
6.146000000000000000e+03 6.699742375059289032e-03
6.147000000000000000e+03 6.498714924303219086e-03
6.148000000000000000e+03 6.297664302345561474e-03
6.149000000000000000e+03 6.096615161250357358e-03
6.150000000000000000e+03 5.895533157675252739e-03
6.151000000000000000e+03 5.754845951150229511e-03
6.152000000000000000e+03 5.614147444907619314e-03
6.153000000000000000e+03 5.473438573793630406e-03
6.154000000000000000e+03 5.332716992300412344e-03
6.155000000000000000e+03 5.191992552260853676e-03
6.156000000000000000e+03 5.051248198160167464e-03
6.157000000000000000e+03 4.910493829953718747e-03
6.158000000000000000e+03 4.769740729488467640e-03
6.159000000000000000e+03 4.628956201228830517e-03
6.160000000000000000e+03 4.488166889627151490e-03
6.161000000000000000e+03 4.384648931410646197e-03
6.162000000000000000e+03 4.281110100432164618e-03
6.163000000000000000e+03 4.177587696275911894e-03
6.164000000000000000e+03 4.074050498697493090e-03
6.165000000000000000e+03 3.970522791305197349e-03
6.166000000000000000e+03 3.866975986041896931e-03
6.167000000000000000e+03 3.763438034392220001e-03
6.168000000000000000e+03 3.659892778005677770e-03
6.169000000000000000e+03 3.556345491919801587e-03
6.170000000000000000e+03 3.452800885190369581e-03
6.171000000000000000e+03 3.375804123275435043e-03
6.172000000000000000e+03 3.298816116787416965e-03
6.173000000000000000e+03 3.221818037141334270e-03
6.174000000000000000e+03 3.144813396054374401e-03
6.175000000000000000e+03 3.067799378542157215e-03
6.176000000000000000e+03 2.990783395037529494e-03
6.177000000000000000e+03 2.913762688022319101e-03
6.178000000000000000e+03 2.836731380380680401e-03
6.179000000000000000e+03 2.759699033967677635e-03
6.180000000000000000e+03 2.682656821313093767e-03
6.181000000000000000e+03 2.663463782679455563e-03
6.182000000000000000e+03 2.644258367465194583e-03
6.183000000000000000e+03 2.625055123575938381e-03
6.184000000000000000e+03 2.605851092655190552e-03
6.185000000000000000e+03 2.586638116721720875e-03
6.186000000000000000e+03 2.567435385071617244e-03
6.187000000000000000e+03 2.548223334260130927e-03
6.188000000000000000e+03 2.529014633569660712e-03
6.189000000000000000e+03 2.509804052217600931e-03
6.190000000000000000e+03 2.490592877107439002e-03
6.191000000000000000e+03 2.471365482106575688e-03
6.192000000000000000e+03 2.452137080908448410e-03
6.193000000000000000e+03 2.432907673713166630e-03
6.194000000000000000e+03 2.413677466105892955e-03
6.195000000000000000e+03 2.394446249603935772e-03
6.196000000000000000e+03 2.375210184745849256e-03
6.197000000000000000e+03 2.355976982379668141e-03
6.198000000000000000e+03 2.336745952363147426e-03
6.199000000000000000e+03 2.317514058644679076e-03
6.200000000000000000e+03 2.298271521802496345e-03
6.201000000000000000e+03 2.263156959266978026e-03
6.202000000000000000e+03 2.228043064701105015e-03
6.203000000000000000e+03 2.192922953791651489e-03
6.204000000000000000e+03 2.157800082906110011e-03
6.205000000000000000e+03 2.122673721534674724e-03
6.206000000000000000e+03 2.087547979591090896e-03
6.207000000000000000e+03 2.052416046660422103e-03
6.208000000000000000e+03 2.017281172157680148e-03
6.209000000000000000e+03 1.982143356557242077e-03
6.210000000000000000e+03 1.947002765836994926e-03
6.211000000000000000e+03 1.911788623752412770e-03
6.212000000000000000e+03 1.876570944815327035e-03
6.213000000000000000e+03 1.841353509191168396e-03
6.214000000000000000e+03 1.806135830007681671e-03
6.215000000000000000e+03 1.770920315652048166e-03
6.216000000000000000e+03 1.735701808218751124e-03
6.217000000000000000e+03 1.700483360076149916e-03
6.218000000000000000e+03 1.665264670878634614e-03
6.219000000000000000e+03 1.630045741250817342e-03
6.220000000000000000e+03 1.594828874914312614e-03
6.221000000000000000e+03 1.559608769824281449e-03
6.222000000000000000e+03 1.524386253896641312e-03
6.223000000000000000e+03 1.489165907406327137e-03
6.224000000000000000e+03 1.453945346446657710e-03
6.225000000000000000e+03 1.418722403102832229e-03
6.226000000000000000e+03 1.383501469137949713e-03
6.227000000000000000e+03 1.348276315903996787e-03
6.228000000000000000e+03 1.313053278792633517e-03
6.229000000000000000e+03 1.277833706298446082e-03
6.230000000000000000e+03 1.242610129320490843e-03
6.231000000000000000e+03 1.207405819586432729e-03
6.232000000000000000e+03 1.172196895868994572e-03
6.233000000000000000e+03 1.136990226214715629e-03
6.234000000000000000e+03 1.101782326561639861e-03
6.235000000000000000e+03 1.066573197499288972e-03
6.236000000000000000e+03 1.031362664583278460e-03
6.237000000000000000e+03 9.961483797130800746e-04
6.238000000000000000e+03 9.609356677335752477e-04
6.239000000000000000e+03 9.257217286922153014e-04
6.240000000000000000e+03 8.905079229728985390e-04
6.241000000000000000e+03 8.777614508092274189e-04
6.242000000000000000e+03 8.650137003229300525e-04
6.243000000000000000e+03 8.522681180335958022e-04
6.244000000000000000e+03 8.395236743130232845e-04
6.245000000000000000e+03 8.267777132787366414e-04
6.246000000000000000e+03 8.140304318453304207e-04
6.247000000000000000e+03 8.012852115493207007e-04
6.248000000000000000e+03 7.885363959787414960e-04
6.249000000000000000e+03 7.757907911625102314e-04
6.250000000000000000e+03 7.630426035010043958e-04
6.251000000000000000e+03 7.503195457569079244e-04
6.252000000000000000e+03 7.375995169407658248e-04
6.253000000000000000e+03 7.248732745765140966e-04
6.254000000000000000e+03 7.121489314990475054e-04
6.255000000000000000e+03 6.994216493689996367e-04
6.256000000000000000e+03 6.866951950817173521e-04
6.257000000000000000e+03 6.739657528373540910e-04
6.258000000000000000e+03 6.612362873103196830e-04
6.259000000000000000e+03 6.485065753960129282e-04
6.260000000000000000e+03 6.357739832226563543e-04
6.261000000000000000e+03 6.230048224556678340e-04
6.262000000000000000e+03 6.102370152575205264e-04
6.263000000000000000e+03 5.974678717968561316e-04
6.264000000000000000e+03 5.846992362314578371e-04
6.265000000000000000e+03 5.719326070882424550e-04
6.266000000000000000e+03 5.591664126033191792e-04
6.267000000000000000e+03 5.463990304255790867e-04
6.268000000000000000e+03 5.336336890711722378e-04
6.269000000000000000e+03 5.208671880036631462e-04
6.270000000000000000e+03 5.081018781165556582e-04
6.271000000000000000e+03 4.953556930454743653e-04
6.272000000000000000e+03 4.826081926906222318e-04
6.273000000000000000e+03 4.698609502024892869e-04
6.274000000000000000e+03 4.571124339688321394e-04
6.275000000000000000e+03 4.443634956042776430e-04
6.276000000000000000e+03 4.316146401880987995e-04
6.277000000000000000e+03 4.188640792627986559e-04
6.278000000000000000e+03 4.061142224030150666e-04
6.279000000000000000e+03 3.933626630987854269e-04
6.280000000000000000e+03 3.806117691226558008e-04
6.281000000000000000e+03 3.753309975865201718e-04
6.282000000000000000e+03 3.700521560236064698e-04
6.283000000000000000e+03 3.647707984898556082e-04
6.284000000000000000e+03 3.594902118750788037e-04
6.285000000000000000e+03 3.542082521803895882e-04
6.286000000000000000e+03 3.489270321566057898e-04
6.287000000000000000e+03 3.436454877010257304e-04
6.288000000000000000e+03 3.383631325174190751e-04
6.289000000000000000e+03 3.330809470767039831e-04
6.290000000000000000e+03 3.277974674850780523e-04
6.291000000000000000e+03 3.225080326131593480e-04
6.292000000000000000e+03 3.172188929538935238e-04
6.293000000000000000e+03 3.119301338641080343e-04
6.294000000000000000e+03 3.066403043861729016e-04
6.295000000000000000e+03 3.013508284051531565e-04
6.296000000000000000e+03 2.960612314205739171e-04
6.297000000000000000e+03 2.907707026783603590e-04
6.298000000000000000e+03 2.854804928204617508e-04
6.299000000000000000e+03 2.801901292533736146e-04
6.300000000000000000e+03 2.749004973240007344e-04
6.301000000000000000e+03 2.696097216439555569e-04
6.302000000000000000e+03 2.643177771475021371e-04
6.303000000000000000e+03 2.590264570119364153e-04
6.304000000000000000e+03 2.537354410189787647e-04
6.305000000000000000e+03 2.484432782212980437e-04
6.306000000000000000e+03 2.431517403325755887e-04
6.307000000000000000e+03 2.378601403069201649e-04
6.308000000000000000e+03 2.325687714675510288e-04
6.309000000000000000e+03 2.272763458718959266e-04
6.310000000000000000e+03 2.219844863999461120e-04
6.311000000000000000e+03 2.166927575983543491e-04
6.312000000000000000e+03 2.114002763440789832e-04
6.313000000000000000e+03 2.061077883689676528e-04
6.314000000000000000e+03 2.008154761847705640e-04
6.315000000000000000e+03 1.955234035874502075e-04
6.316000000000000000e+03 1.902309672018329470e-04
6.317000000000000000e+03 1.849379402609468016e-04
6.318000000000000000e+03 1.796456253583930045e-04
6.319000000000000000e+03 1.743529403768742572e-04
6.320000000000000000e+03 1.690602247269544500e-04
6.321000000000000000e+03 1.669203417567854768e-04
6.322000000000000000e+03 1.647806649757773822e-04
6.323000000000000000e+03 1.626409096955078887e-04
6.324000000000000000e+03 1.605008734331839042e-04
6.325000000000000000e+03 1.583614197358205740e-04
6.326000000000000000e+03 1.562214685299278616e-04
6.327000000000000000e+03 1.540812451635590816e-04
6.328000000000000000e+03 1.519416039805687930e-04
6.329000000000000000e+03 1.498012547380932744e-04
6.330000000000000000e+03 1.476610338897610549e-04
6.331000000000000000e+03 1.455210614552972768e-04
6.332000000000000000e+03 1.433813908462006884e-04
6.333000000000000000e+03 1.412412432771555939e-04
6.334000000000000000e+03 1.391012346775591596e-04
6.335000000000000000e+03 1.369613437564845462e-04
6.336000000000000000e+03 1.348209818396064574e-04
6.337000000000000000e+03 1.326810954697460942e-04
6.338000000000000000e+03 1.305407670634737541e-04
6.339000000000000000e+03 1.284003602486055273e-04
6.340000000000000000e+03 1.262598750625174135e-04
6.341000000000000000e+03 1.241205514590243300e-04
6.342000000000000000e+03 1.219812814760134058e-04
6.343000000000000000e+03 1.198417227902807860e-04
6.344000000000000000e+03 1.177018742081313579e-04
6.345000000000000000e+03 1.155622413758077851e-04
6.346000000000000000e+03 1.134224811038826161e-04
6.347000000000000000e+03 1.112825934283318067e-04
6.348000000000000000e+03 1.091424129579752084e-04
6.349000000000000000e+03 1.070021296855993664e-04
6.350000000000000000e+03 1.048619985940957441e-04
6.351000000000000000e+03 1.027191305965002654e-04
6.352000000000000000e+03 1.005765095374492284e-04
6.353000000000000000e+03 9.843372865246197362e-05
6.354000000000000000e+03 9.629090148748186003e-05
6.355000000000000000e+03 9.414818764639448312e-05
6.356000000000000000e+03 9.200532188083921357e-05
6.357000000000000000e+03 8.986253923583193196e-05
6.358000000000000000e+03 8.771960279243673898e-05
6.359000000000000000e+03 8.557662207811048160e-05
6.360000000000000000e+03 8.343374563119144603e-05
6.361000000000000000e+03 8.245256720962047510e-05
6.362000000000000000e+03 8.147163245943006267e-05
6.363000000000000000e+03 8.049054625879698205e-05
6.364000000000000000e+03 7.950934704545403406e-05
6.365000000000000000e+03 7.852814424719513906e-05
6.366000000000000000e+03 7.754702241526175289e-05
6.367000000000000000e+03 7.656601027704872814e-05
6.368000000000000000e+03 7.558465822085596697e-05
6.369000000000000000e+03 7.460339923449754295e-05
6.370000000000000000e+03 7.362234077255181309e-05
6.371000000000000000e+03 7.264270936998489892e-05
6.372000000000000000e+03 7.166310785901335500e-05
6.373000000000000000e+03 7.068336641701671063e-05
6.374000000000000000e+03 6.970386349741412228e-05
6.375000000000000000e+03 6.872389935909133574e-05
6.376000000000000000e+03 6.774399215491442357e-05
6.377000000000000000e+03 6.676421012098926553e-05
6.378000000000000000e+03 6.578428552614258432e-05
6.379000000000000000e+03 6.480429289584535232e-05
6.380000000000000000e+03 6.382424883021189195e-05
6.381000000000000000e+03 6.284239710421895251e-05
6.382000000000000000e+03 6.186054310261953845e-05
6.383000000000000000e+03 6.087859991129415292e-05
6.384000000000000000e+03 5.989683338162196229e-05
6.385000000000000000e+03 5.891497258753919728e-05
6.386000000000000000e+03 5.793294417619495131e-05
6.387000000000000000e+03 5.695108660418355903e-05
6.388000000000000000e+03 5.596930190305525476e-05
6.389000000000000000e+03 5.498735527256311864e-05
6.390000000000000000e+03 5.400556349819900492e-05
6.391000000000000000e+03 5.302439248586009570e-05
6.392000000000000000e+03 5.204339878073263424e-05
6.393000000000000000e+03 5.106209498260379307e-05
6.394000000000000000e+03 5.008104343405662777e-05
6.395000000000000000e+03 4.909974565004444083e-05
6.396000000000000000e+03 4.811849696739546091e-05
6.397000000000000000e+03 4.713727687164744805e-05
6.398000000000000000e+03 4.615589576175480448e-05
6.399000000000000000e+03 4.517460820662616040e-05
6.400000000000000000e+03 4.419323573858788626e-05
6.401000000000000000e+03 4.371138943847594237e-05
6.402000000000000000e+03 4.322945376386576522e-05
6.403000000000000000e+03 4.274767462941685375e-05
6.404000000000000000e+03 4.226562394504800198e-05
6.405000000000000000e+03 4.178372704969943283e-05
6.406000000000000000e+03 4.130173872031421144e-05
6.407000000000000000e+03 4.081972962310504674e-05
6.408000000000000000e+03 4.033768937195486250e-05
6.409000000000000000e+03 3.985568159458349833e-05
6.410000000000000000e+03 3.937346969734920174e-05
6.411000000000000000e+03 3.889000107186851423e-05
6.412000000000000000e+03 3.840636753532436373e-05
6.413000000000000000e+03 3.792280448021002166e-05
6.414000000000000000e+03 3.743924995847023452e-05
6.415000000000000000e+03 3.695570397657063519e-05
6.416000000000000000e+03 3.647221851301418028e-05
6.417000000000000000e+03 3.598868290531391718e-05
6.418000000000000000e+03 3.550511138299341796e-05
6.419000000000000000e+03 3.502169656448649281e-05
6.420000000000000000e+03 3.453819211750301139e-05
6.421000000000000000e+03 3.405550083262090473e-05
6.422000000000000000e+03 3.357293597253756913e-05
6.423000000000000000e+03 3.309017260499072841e-05
6.424000000000000000e+03 3.260757108013999958e-05
6.425000000000000000e+03 3.212482217303253555e-05
6.426000000000000000e+03 3.164218886343801766e-05
6.427000000000000000e+03 3.115936240567399013e-05
6.428000000000000000e+03 3.067669272477751950e-05
6.429000000000000000e+03 3.019388347969150137e-05
6.430000000000000000e+03 2.971114208628144830e-05
6.431000000000000000e+03 2.922795159266283218e-05
6.432000000000000000e+03 2.874464530557663838e-05
6.433000000000000000e+03 2.826140882182157947e-05
6.434000000000000000e+03 2.777813859563629071e-05
6.435000000000000000e+03 2.729486376394018468e-05
6.436000000000000000e+03 2.681163171849125978e-05
6.437000000000000000e+03 2.632835639020713998e-05
6.438000000000000000e+03 2.584515910125402273e-05
6.439000000000000000e+03 2.536185076577273824e-05
6.440000000000000000e+03 2.487861461316382092e-05
6.441000000000000000e+03 2.461101695231039015e-05
6.442000000000000000e+03 2.434346685494046596e-05
