5.378000000000000000e+03 2.702065965670670552e-05
5.379000000000000000e+03 2.755284301382162189e-05
5.380000000000000000e+03 2.808516370176637549e-05
5.381000000000000000e+03 4.611790195158297994e-05
5.382000000000000000e+03 6.415242079917114792e-05
5.383000000000000000e+03 8.218876222779409951e-05
5.384000000000000000e+03 1.002266947899928311e-04
5.385000000000000000e+03 1.182661630864565122e-04
5.386000000000000000e+03 1.363076793713572472e-04
5.387000000000000000e+03 1.543507133521142337e-04
5.388000000000000000e+03 1.723949516225007467e-04
5.389000000000000000e+03 1.904418733594233977e-04
5.390000000000000000e+03 2.084890676309606079e-04
5.391000000000000000e+03 2.265393627245553823e-04
5.392000000000000000e+03 2.445918364345121506e-04
5.393000000000000000e+03 2.626453084478208772e-04
5.394000000000000000e+03 2.807001313191233196e-04
5.395000000000000000e+03 2.987584212616415519e-04
5.396000000000000000e+03 3.168167094141251922e-04
5.397000000000000000e+03 3.348776334649548880e-04
5.398000000000000000e+03 3.529409382402144625e-04
5.399000000000000000e+03 3.710049591387342294e-04
5.400000000000000000e+03 3.890706785213554077e-04
5.401000000000000000e+03 4.071307643594789362e-04
5.402000000000000000e+03 4.251925727745445001e-04
5.403000000000000000e+03 4.432554733400337105e-04
5.404000000000000000e+03 4.613181016287886673e-04
5.405000000000000000e+03 4.793833326953231147e-04
5.406000000000000000e+03 4.974487689397254220e-04
5.407000000000000000e+03 5.155161500804747833e-04
5.408000000000000000e+03 5.335846626810780138e-04
5.409000000000000000e+03 5.516550947619034730e-04
5.410000000000000000e+03 5.697241664507667665e-04
5.411000000000000000e+03 5.877839192343824399e-04
5.412000000000000000e+03 6.058423266728109715e-04
5.413000000000000000e+03 6.239027986036666668e-04
5.414000000000000000e+03 6.419618218779953771e-04
5.415000000000000000e+03 6.600230123862119895e-04
5.416000000000000000e+03 6.780845877206144933e-04
5.417000000000000000e+03 6.961456157296290774e-04
5.418000000000000000e+03 7.142068525101189207e-04
5.419000000000000000e+03 7.322684843225399755e-04
5.420000000000000000e+03 7.503326586068333887e-04
5.421000000000000000e+03 8.297599446925103166e-04
5.422000000000000000e+03 9.091912351857271788e-04
5.423000000000000000e+03 9.886267518532765135e-04
5.424000000000000000e+03 1.068066324979672624e-03
5.425000000000000000e+03 1.147510137707849270e-03
5.426000000000000000e+03 1.226961604362706518e-03
5.427000000000000000e+03 1.306410099292877776e-03
5.428000000000000000e+03 1.385870560363760585e-03
5.429000000000000000e+03 1.465328986509258948e-03
5.430000000000000000e+03 1.544795868680429087e-03
5.431000000000000000e+03 1.624280677794170697e-03
5.432000000000000000e+03 1.703771492650057225e-03
5.433000000000000000e+03 1.783265015538129184e-03
5.434000000000000000e+03 1.862769979610720897e-03
5.435000000000000000e+03 1.942277449704557079e-03
5.436000000000000000e+03 2.021797097111677731e-03
5.437000000000000000e+03 2.101313572096088003e-03
5.438000000000000000e+03 2.180838257448882139e-03
5.439000000000000000e+03 2.260372659633876676e-03
5.440000000000000000e+03 2.339909067043003787e-03
5.441000000000000000e+03 2.552023413608071455e-03
5.442000000000000000e+03 2.764161181862509215e-03
5.443000000000000000e+03 2.976317652856501524e-03
5.444000000000000000e+03 3.188501242319097782e-03
5.445000000000000000e+03 3.400708310795960265e-03
5.446000000000000000e+03 3.612938915200695610e-03
5.447000000000000000e+03 3.825191748717407438e-03
5.448000000000000000e+03 4.037468800444623564e-03
5.449000000000000000e+03 4.249774406826586741e-03
5.450000000000000000e+03 4.462091468170812508e-03
5.451000000000000000e+03 4.787005818585711794e-03
5.452000000000000000e+03 5.111908426920257903e-03
5.453000000000000000e+03 5.436843286037165539e-03
5.454000000000000000e+03 5.761786736779924908e-03
5.455000000000000000e+03 6.086754655111838684e-03
5.456000000000000000e+03 6.411751196830102820e-03
5.457000000000000000e+03 6.736745087865588649e-03
5.458000000000000000e+03 7.061765371333138079e-03
5.459000000000000000e+03 7.386814749507310610e-03
5.460000000000000000e+03 7.711881730971537931e-03
5.461000000000000000e+03 8.217713437440543611e-03
5.462000000000000000e+03 8.723551848203309200e-03
5.463000000000000000e+03 9.229455082937328136e-03
5.464000000000000000e+03 9.735352403667204765e-03
5.465000000000000000e+03 1.024128727981193573e-02
5.466000000000000000e+03 1.074724764846398534e-02
5.467000000000000000e+03 1.125322976799948867e-02
5.468000000000000000e+03 1.175923755254647957e-02
5.469000000000000000e+03 1.226526471651894629e-02
5.470000000000000000e+03 1.277133914035372651e-02
5.471000000000000000e+03 1.350644912520621542e-02
5.472000000000000000e+03 1.424161081717425538e-02
5.473000000000000000e+03 1.497682554603907250e-02
5.474000000000000000e+03 1.571211588023389838e-02
5.475000000000000000e+03 1.644746026498849004e-02
5.476000000000000000e+03 1.718283117091170056e-02
5.477000000000000000e+03 1.791828406443750701e-02
5.478000000000000000e+03 1.865381436834127188e-02
5.479000000000000000e+03 1.938934545984107027e-02
5.480000000000000000e+03 2.012498745485458498e-02
5.481000000000000000e+03 2.090570851988511614e-02
5.482000000000000000e+03 2.168653761327583515e-02
5.483000000000000000e+03 2.246741763626307342e-02
5.484000000000000000e+03 2.324831156521864686e-02
5.485000000000000000e+03 2.402925005779220358e-02
5.486000000000000000e+03 2.481023952152988654e-02
5.487000000000000000e+03 2.559134637764943696e-02
5.488000000000000000e+03 2.637247152050525151e-02
5.489000000000000000e+03 2.715355648956719811e-02
5.490000000000000000e+03 2.793485939691581210e-02
5.491000000000000000e+03 2.847916811273529594e-02
5.492000000000000000e+03 2.902370741340659643e-02
5.493000000000000000e+03 2.956821635239305010e-02
5.494000000000000000e+03 3.011278624472480889e-02
5.495000000000000000e+03 3.065741450911638882e-02
5.496000000000000000e+03 3.120223706576855105e-02
5.497000000000000000e+03 3.174693928358735678e-02
5.498000000000000000e+03 3.229174138381528392e-02
5.499000000000000000e+03 3.283660467629974378e-02
5.500000000000000000e+03 3.338157381019201536e-02
5.501000000000000000e+03 3.437345510871329946e-02
5.502000000000000000e+03 3.536522346363834418e-02
5.503000000000000000e+03 3.635729709913803481e-02
5.504000000000000000e+03 3.734936180593503158e-02
5.505000000000000000e+03 3.834151448463275075e-02
5.506000000000000000e+03 3.933377557361519838e-02
5.507000000000000000e+03 4.032617478818760481e-02
5.508000000000000000e+03 4.131862352293187018e-02
5.509000000000000000e+03 4.231128372905208768e-02
5.510000000000000000e+03 4.330385969432870574e-02
5.511000000000000000e+03 4.491869901329440667e-02
5.512000000000000000e+03 4.653352203529118741e-02
5.513000000000000000e+03 4.814865753710457358e-02
5.514000000000000000e+03 4.976375973645924544e-02
5.515000000000000000e+03 5.137890527025454346e-02
5.516000000000000000e+03 5.299429517216881075e-02
5.517000000000000000e+03 5.460972410886916206e-02
5.518000000000000000e+03 5.622534038470322626e-02
5.519000000000000000e+03 5.784107382894607824e-02
5.520000000000000000e+03 5.945682456712331199e-02
5.521000000000000000e+03 6.090355849536553678e-02
5.522000000000000000e+03 6.235041873903143100e-02
5.523000000000000000e+03 6.379722935824326535e-02
5.524000000000000000e+03 6.524455135541087913e-02
5.525000000000000000e+03 6.669170610207443561e-02
5.526000000000000000e+03 6.813919366602390337e-02
5.527000000000000000e+03 6.958681714718849276e-02
5.528000000000000000e+03 7.103448198809415859e-02
5.529000000000000000e+03 7.248215026051918475e-02
5.530000000000000000e+03 7.393029312151183641e-02
5.531000000000000000e+03 7.526298951232035517e-02
5.532000000000000000e+03 7.659607433976196866e-02
5.533000000000000000e+03 7.792864582068280421e-02
5.534000000000000000e+03 7.926160268173672308e-02
5.535000000000000000e+03 8.059473346709926378e-02
5.536000000000000000e+03 8.192780437273892991e-02
5.537000000000000000e+03 8.326104602647091402e-02
5.538000000000000000e+03 8.459408895983318299e-02
5.539000000000000000e+03 8.592758407366452023e-02
5.540000000000000000e+03 8.726072214759331147e-02
5.541000000000000000e+03 8.837117710098318923e-02
5.542000000000000000e+03 8.948135777445816175e-02
5.543000000000000000e+03 9.059222070283921846e-02
5.544000000000000000e+03 9.170267241811834447e-02
5.545000000000000000e+03 9.281366377866027972e-02
5.546000000000000000e+03 9.392466832270290888e-02
5.547000000000000000e+03 9.503550474799686565e-02
5.548000000000000000e+03 9.614690383520613226e-02
5.549000000000000000e+03 9.725844098383364111e-02
5.550000000000000000e+03 9.836998543229288905e-02
5.551000000000000000e+03 9.962200032326509747e-02
5.552000000000000000e+03 1.008740068762722653e-01
5.553000000000000000e+03 1.021264257280152105e-01
5.554000000000000000e+03 1.033786449944131963e-01
5.555000000000000000e+03 1.046311350805118334e-01
5.556000000000000000e+03 1.058837421543778190e-01
5.557000000000000000e+03 1.071363238585344574e-01
5.558000000000000000e+03 1.083893264372996906e-01
5.559000000000000000e+03 1.096422943626217394e-01
5.560000000000000000e+03 1.108955267841566644e-01
5.561000000000000000e+03 1.120621699863755538e-01
5.562000000000000000e+03 1.132292325962422630e-01
5.563000000000000000e+03 1.143960160345867810e-01
5.564000000000000000e+03 1.155628775469800251e-01
5.565000000000000000e+03 1.167298171222865971e-01
5.566000000000000000e+03 1.178970226181698666e-01
5.567000000000000000e+03 1.190642993104088637e-01
5.568000000000000000e+03 1.202314872427580478e-01
5.569000000000000000e+03 1.213991187318594345e-01
5.570000000000000000e+03 1.225668245647090066e-01
5.571000000000000000e+03 1.237092220150091543e-01
5.572000000000000000e+03 1.248515805730841532e-01
5.573000000000000000e+03 1.259944528634500405e-01
5.574000000000000000e+03 1.271374553976322153e-01
5.575000000000000000e+03 1.282804289757153160e-01
5.576000000000000000e+03 1.294237125805296207e-01
5.577000000000000000e+03 1.305673338281034546e-01
5.578000000000000000e+03 1.317107152909754442e-01
5.579000000000000000e+03 1.328542348200797696e-01
5.580000000000000000e+03 1.339984731449626598e-01
5.581000000000000000e+03 1.347665506656650358e-01
5.582000000000000000e+03 1.355356520400721465e-01
5.583000000000000000e+03 1.363041428942294575e-01
5.584000000000000000e+03 1.370726912757465610e-01
5.585000000000000000e+03 1.378412246511985240e-01
5.586000000000000000e+03 1.386100242601613353e-01
5.587000000000000000e+03 1.393790325091127380e-01
5.588000000000000000e+03 1.401478683496057143e-01
5.589000000000000000e+03 1.409162918817807864e-01
5.590000000000000000e+03 1.416853855586425182e-01
5.591000000000000000e+03 1.419805433341050915e-01
5.592000000000000000e+03 1.422755323421622253e-01
5.593000000000000000e+03 1.425712080183721697e-01
5.594000000000000000e+03 1.428664885528495299e-01
5.595000000000000000e+03 1.431620417107652421e-01
5.596000000000000000e+03 1.434573998964857044e-01
5.597000000000000000e+03 1.437528410678422797e-01
5.598000000000000000e+03 1.440485181532821790e-01
5.599000000000000000e+03 1.443444705401952521e-01
5.600000000000000000e+03 1.446400224887090524e-01
5.601000000000000000e+03 1.454668253454376170e-01
5.602000000000000000e+03 1.462934647213365580e-01
5.603000000000000000e+03 1.471198594002187665e-01
5.604000000000000000e+03 1.479467756356259711e-01
5.605000000000000000e+03 1.487734597150008609e-01
5.606000000000000000e+03 1.496001978958903522e-01
5.607000000000000000e+03 1.504271632620581278e-01
5.608000000000000000e+03 1.512541988113674518e-01
5.609000000000000000e+03 1.520812246291098901e-01
5.610000000000000000e+03 1.529083075469659936e-01
5.611000000000000000e+03 1.537639461547465058e-01
5.612000000000000000e+03 1.546198357435260018e-01
5.613000000000000000e+03 1.554762131758153920e-01
5.614000000000000000e+03 1.563319406698943093e-01
5.615000000000000000e+03 1.571881999973547828e-01
5.616000000000000000e+03 1.580442182027858578e-01
5.617000000000000000e+03 1.589000608998145381e-01
5.618000000000000000e+03 1.597563872399132556e-01
5.619000000000000000e+03 1.606132752432346267e-01
5.620000000000000000e+03 1.614694510814249639e-01
5.621000000000000000e+03 1.627532415962256174e-01
5.622000000000000000e+03 1.640369004079887116e-01
5.623000000000000000e+03 1.653208456882384048e-01
5.624000000000000000e+03 1.666051118731262659e-01
5.625000000000000000e+03 1.678889494872049803e-01
5.626000000000000000e+03 1.691733765424763281e-01
5.627000000000000000e+03 1.704575930710900411e-01
5.628000000000000000e+03 1.717419106970025366e-01
5.629000000000000000e+03 1.730262843098684389e-01
5.630000000000000000e+03 1.743107442989518252e-01
5.631000000000000000e+03 1.750269147858390939e-01
5.632000000000000000e+03 1.757426007577633231e-01
5.633000000000000000e+03 1.764591336987043069e-01
5.634000000000000000e+03 1.771751645011468423e-01
5.635000000000000000e+03 1.778910002393465917e-01
5.636000000000000000e+03 1.786076299067945738e-01
5.637000000000000000e+03 1.793238138542299909e-01
5.638000000000000000e+03 1.800399905730280803e-01
5.639000000000000000e+03 1.807565099437576095e-01
5.640000000000000000e+03 1.814727998059883496e-01
5.641000000000000000e+03 1.821591398981396159e-01
5.642000000000000000e+03 1.828449751809025359e-01
5.643000000000000000e+03 1.835310920902414600e-01
5.644000000000000000e+03 1.842169741274979899e-01
5.645000000000000000e+03 1.849031396780902725e-01
5.646000000000000000e+03 1.855899022093487893e-01
5.647000000000000000e+03 1.862752990034081957e-01
5.648000000000000000e+03 1.869618179343601194e-01
5.649000000000000000e+03 1.876478513131269732e-01
5.650000000000000000e+03 1.883341233995162178e-01
5.651000000000000000e+03 1.885132136936663871e-01
5.652000000000000000e+03 1.886917371430637813e-01
5.653000000000000000e+03 1.888708563354317971e-01
5.654000000000000000e+03 1.890491413236297658e-01
5.655000000000000000e+03 1.892280059524767966e-01
5.656000000000000000e+03 1.894071515787795479e-01
5.657000000000000000e+03 1.895860448444506852e-01
5.658000000000000000e+03 1.897652195767027816e-01
5.659000000000000000e+03 1.899441581928234812e-01
5.660000000000000000e+03 1.901230943004521279e-01
5.661000000000000000e+03 1.906701750083856506e-01
5.662000000000000000e+03 1.912178798830496129e-01
5.663000000000000000e+03 1.917641888489519664e-01
5.664000000000000000e+03 1.923119835944200051e-01
5.665000000000000000e+03 1.928594944844571890e-01
5.666000000000000000e+03 1.934070591584248489e-01
5.667000000000000000e+03 1.939543535422869336e-01
5.668000000000000000e+03 1.945017173022508261e-01
5.669000000000000000e+03 1.950490992420470249e-01
5.670000000000000000e+03 1.955967917010500157e-01
5.671000000000000000e+03 1.963446974202110451e-01
5.672000000000000000e+03 1.970931803333374754e-01
5.673000000000000000e+03 1.978414806921441060e-01
5.674000000000000000e+03 1.985895084509256558e-01
5.675000000000000000e+03 1.993382239947137646e-01
5.676000000000000000e+03 2.000860860814729913e-01
5.677000000000000000e+03 2.008349034027776259e-01
5.678000000000000000e+03 2.015828958386325087e-01
5.679000000000000000e+03 2.023318324400250889e-01
5.680000000000000000e+03 2.030802411610731217e-01
5.681000000000000000e+03 2.030225529631645986e-01
5.682000000000000000e+03 2.029649174736666006e-01
5.683000000000000000e+03 2.029063537789853600e-01
5.684000000000000000e+03 2.028486990897826747e-01
5.685000000000000000e+03 2.027907406034949456e-01
5.686000000000000000e+03 2.027327993110195348e-01
5.687000000000000000e+03 2.026751245213443409e-01
5.688000000000000000e+03 2.026168792233314364e-01
5.689000000000000000e+03 2.025592207948436752e-01
5.690000000000000000e+03 2.025009744534481959e-01
5.691000000000000000e+03 2.022215362758836288e-01
5.692000000000000000e+03 2.019417805793877474e-01
5.693000000000000000e+03 2.016623286475994203e-01
5.694000000000000000e+03 2.013825246494910515e-01
5.695000000000000000e+03 2.011027409561452484e-01
5.696000000000000000e+03 2.008235241476375721e-01
5.697000000000000000e+03 2.005434099895076483e-01
5.698000000000000000e+03 2.002635805394273882e-01
5.699000000000000000e+03 1.999842978847632957e-01
5.700000000000000000e+03 1.997044549337485819e-01
5.701000000000000000e+03 1.992040635937548931e-01
5.702000000000000000e+03 1.987033289809021774e-01
5.703000000000000000e+03 1.982028100190431630e-01
5.704000000000000000e+03 1.977016542175073777e-01
5.705000000000000000e+03 1.972009911006551153e-01
5.706000000000000000e+03 1.967009026656474646e-01
5.707000000000000000e+03 1.961998514611026367e-01
5.708000000000000000e+03 1.956990123170676277e-01
5.709000000000000000e+03 1.951978349615954844e-01
5.710000000000000000e+03 1.946971586497097673e-01
5.711000000000000000e+03 1.951021199067730916e-01
5.712000000000000000e+03 1.955073789420380681e-01
5.713000000000000000e+03 1.959126967891567095e-01
5.714000000000000000e+03 1.963182975285863163e-01
5.715000000000000000e+03 1.967233371700853328e-01
5.716000000000000000e+03 1.971287112902981586e-01
5.717000000000000000e+03 1.975344044212719308e-01
5.718000000000000000e+03 1.979398454608931046e-01
5.719000000000000000e+03 1.983452762625031729e-01
5.720000000000000000e+03 1.987504526205312316e-01
5.721000000000000000e+03 1.995857367606873600e-01
5.722000000000000000e+03 2.004205446438328819e-01
5.723000000000000000e+03 2.012553812464436542e-01
5.724000000000000000e+03 2.020903169941394573e-01
5.725000000000000000e+03 2.029252811570428916e-01
5.726000000000000000e+03 2.037603268767554654e-01
5.727000000000000000e+03 2.045960820076575259e-01
5.728000000000000000e+03 2.054306278100141159e-01
5.729000000000000000e+03 2.062661723818287607e-01
5.730000000000000000e+03 2.071014565312403743e-01
5.731000000000000000e+03 2.080226456980043270e-01
5.732000000000000000e+03 2.089438707846590915e-01
5.733000000000000000e+03 2.098648738787809997e-01
5.734000000000000000e+03 2.107862605682424839e-01
5.735000000000000000e+03 2.117074228609956976e-01
5.736000000000000000e+03 2.126286549493556777e-01
5.737000000000000000e+03 2.135505554069185852e-01
5.738000000000000000e+03 2.144719296044746981e-01
5.739000000000000000e+03 2.153936565419399818e-01
5.740000000000000000e+03 2.163145273560801718e-01
5.741000000000000000e+03 2.168596131034808971e-01
5.742000000000000000e+03 2.174047691630712764e-01
5.743000000000000000e+03 2.179495570193104581e-01
5.744000000000000000e+03 2.184937443130907375e-01
5.745000000000000000e+03 2.190382278772597391e-01
5.746000000000000000e+03 2.195834134797679249e-01
5.747000000000000000e+03 2.201282848431681261e-01
5.748000000000000000e+03 2.206731293298569152e-01
5.749000000000000000e+03 2.212177143032108273e-01
5.750000000000000000e+03 2.217625812534025354e-01
5.751000000000000000e+03 2.216019527420371449e-01
5.752000000000000000e+03 2.214402801276475763e-01
5.753000000000000000e+03 2.212799668481368609e-01
5.754000000000000000e+03 2.211189394504682326e-01
5.755000000000000000e+03 2.209579148843299756e-01
5.756000000000000000e+03 2.207962170144618375e-01
5.757000000000000000e+03 2.206354687360589373e-01
5.758000000000000000e+03 2.204747034399570926e-01
5.759000000000000000e+03 2.203132851887958377e-01
5.760000000000000000e+03 2.201518509349088548e-01
5.761000000000000000e+03 2.200140087762024743e-01
5.762000000000000000e+03 2.198755245736732367e-01
5.763000000000000000e+03 2.197366878834559611e-01
5.764000000000000000e+03 2.195988435781481007e-01
5.765000000000000000e+03 2.194603201527108860e-01
5.766000000000000000e+03 2.193214833441536338e-01
5.767000000000000000e+03 2.191839242493230921e-01
5.768000000000000000e+03 2.190447678748359550e-01
5.769000000000000000e+03 2.189065625550931649e-01
5.770000000000000000e+03 2.187680059900212748e-01
5.771000000000000000e+03 2.188693870743924907e-01
5.772000000000000000e+03 2.189707610647281810e-01
5.773000000000000000e+03 2.190728363011857360e-01
5.774000000000000000e+03 2.191745410625103585e-01
5.775000000000000000e+03 2.192753575647305719e-01
5.776000000000000000e+03 2.193774506982732464e-01
5.777000000000000000e+03 2.194788852504132304e-01
5.778000000000000000e+03 2.195806963073355100e-01
5.779000000000000000e+03 2.196828075406208058e-01
5.780000000000000000e+03 2.197836450273479847e-01
5.781000000000000000e+03 2.200997884621327949e-01
5.782000000000000000e+03 2.204153003070375705e-01
5.783000000000000000e+03 2.207311032625626224e-01
5.784000000000000000e+03 2.210462912368934829e-01
5.785000000000000000e+03 2.213627753627210593e-01
5.786000000000000000e+03 2.216779478296526940e-01
5.787000000000000000e+03 2.219937996682782022e-01
5.788000000000000000e+03 2.223099454579908762e-01
5.789000000000000000e+03 2.226254534901160598e-01
5.790000000000000000e+03 2.229416056103722121e-01
5.791000000000000000e+03 2.238381044442660228e-01
5.792000000000000000e+03 2.247356269386961980e-01
5.793000000000000000e+03 2.256326087774558897e-01
5.794000000000000000e+03 2.265303275779027015e-01
5.795000000000000000e+03 2.274281360215623105e-01
5.796000000000000000e+03 2.283250578466642366e-01
5.797000000000000000e+03 2.292230217796304981e-01
5.798000000000000000e+03 2.301207539377531641e-01
5.799000000000000000e+03 2.310182304624649741e-01
5.800000000000000000e+03 2.319164994615209030e-01
5.801000000000000000e+03 2.318967315009130281e-01
5.802000000000000000e+03 2.318770011062617209e-01
5.803000000000000000e+03 2.318578947125426726e-01
5.804000000000000000e+03 2.318378146992416955e-01
5.805000000000000000e+03 2.318180351393367977e-01
5.806000000000000000e+03 2.317986165373177032e-01
5.807000000000000000e+03 2.317788513656541260e-01
5.808000000000000000e+03 2.317590630971012589e-01
5.809000000000000000e+03 2.317393123541070243e-01
5.810000000000000000e+03 2.317198415349144003e-01
5.811000000000000000e+03 2.316438272067190829e-01
5.812000000000000000e+03 2.315670782507249781e-01
5.813000000000000000e+03 2.314917343388865067e-01
5.814000000000000000e+03 2.314149902386786195e-01
5.815000000000000000e+03 2.313385814917671424e-01
5.816000000000000000e+03 2.312625076931240919e-01
5.817000000000000000e+03 2.311864058161482716e-01
5.818000000000000000e+03 2.311099738201283782e-01
5.819000000000000000e+03 2.310342185744039267e-01
5.820000000000000000e+03 2.309574490388292545e-01
5.821000000000000000e+03 2.308792869266168002e-01
5.822000000000000000e+03 2.308004547443913146e-01
5.823000000000000000e+03 2.307219581659297469e-01
5.824000000000000000e+03 2.306434552606831945e-01
5.825000000000000000e+03 2.305649460296284869e-01
5.826000000000000000e+03 2.304860892357527002e-01
5.827000000000000000e+03 2.304072464600500081e-01
5.828000000000000000e+03 2.303290394307505873e-01
5.829000000000000000e+03 2.302505250932499192e-01
5.830000000000000000e+03 2.301719843783104347e-01
5.831000000000000000e+03 2.306121202646191359e-01
5.832000000000000000e+03 2.310526575239715552e-01
5.833000000000000000e+03 2.314935578500900704e-01
5.834000000000000000e+03 2.319338337897252078e-01
5.835000000000000000e+03 2.323744727154636869e-01
5.836000000000000000e+03 2.328151724658202582e-01
5.837000000000000000e+03 2.332558722504110282e-01
5.838000000000000000e+03 2.336966735258262651e-01
5.839000000000000000e+03 2.341381470778580998e-01
5.840000000000000000e+03 2.345786839208626462e-01
5.841000000000000000e+03 2.351278411233753418e-01
5.842000000000000000e+03 2.356774303057940223e-01
5.843000000000000000e+03 2.362263651099553718e-01
5.844000000000000000e+03 2.367763092229934474e-01
5.845000000000000000e+03 2.373252876326628902e-01
5.846000000000000000e+03 2.378752797937038477e-01
5.847000000000000000e+03 2.384239492777769920e-01
5.848000000000000000e+03 2.389733028671855719e-01
5.849000000000000000e+03 2.395230534146517432e-01
5.850000000000000000e+03 2.400724519307676219e-01
5.851000000000000000e+03 2.401727055676550759e-01
5.852000000000000000e+03 2.402729481095576269e-01
5.853000000000000000e+03 2.403728242917559377e-01
5.854000000000000000e+03 2.404730862598886132e-01
5.855000000000000000e+03 2.405729816040884650e-01
5.856000000000000000e+03 2.406732839149555159e-01
5.857000000000000000e+03 2.407735541658809486e-01
5.858000000000000000e+03 2.408738341788080883e-01
5.859000000000000000e+03 2.409737889056911830e-01
5.860000000000000000e+03 2.410737531596139627e-01
5.861000000000000000e+03 2.408003761396337872e-01
5.862000000000000000e+03 2.405273222473001959e-01
5.863000000000000000e+03 2.402531917570395192e-01
5.864000000000000000e+03 2.399797187574908841e-01
5.865000000000000000e+03 2.397062136342477945e-01
5.866000000000000000e+03 2.394326347954914558e-01
5.867000000000000000e+03 2.391590862523698957e-01
5.868000000000000000e+03 2.388854847942470105e-01
5.869000000000000000e+03 2.386115196780014269e-01
5.870000000000000000e+03 2.383381855308544239e-01
5.871000000000000000e+03 2.380257507782675974e-01
5.872000000000000000e+03 2.377136369706723262e-01
5.873000000000000000e+03 2.374018633564402014e-01
5.874000000000000000e+03 2.370897286908908164e-01
5.875000000000000000e+03 2.367775838459248161e-01
5.876000000000000000e+03 2.364647720163375044e-01
5.877000000000000000e+03 2.361529356880133490e-01
5.878000000000000000e+03 2.358407812583794561e-01
5.879000000000000000e+03 2.355292706893431509e-01
5.880000000000000000e+03 2.352167479260447724e-01
5.881000000000000000e+03 2.355394658156584886e-01
5.882000000000000000e+03 2.358621610924969414e-01
5.883000000000000000e+03 2.361852639112070051e-01
5.884000000000000000e+03 2.365080371390332337e-01
5.885000000000000000e+03 2.368308286723603828e-01
5.886000000000000000e+03 2.371542967862244333e-01
5.887000000000000000e+03 2.374767756081564707e-01
5.888000000000000000e+03 2.377996018105782705e-01
5.889000000000000000e+03 2.381228179695794867e-01
5.890000000000000000e+03 2.384460326427269294e-01
5.891000000000000000e+03 2.387725040110200703e-01
5.892000000000000000e+03 2.391000400048929331e-01
5.893000000000000000e+03 2.394275859792460714e-01
5.894000000000000000e+03 2.397551834217691302e-01
5.895000000000000000e+03 2.400827907856843413e-01
5.896000000000000000e+03 2.404097202824574675e-01
5.897000000000000000e+03 2.407381184098068838e-01
5.898000000000000000e+03 2.410654835294250842e-01
5.899000000000000000e+03 2.413928784556782225e-01
5.900000000000000000e+03 2.417199470796013439e-01
5.901000000000000000e+03 2.417302974606353183e-01
5.902000000000000000e+03 2.417395577629530001e-01
5.903000000000000000e+03 2.417488800902745094e-01
5.904000000000000000e+03 2.417581178219672389e-01
5.905000000000000000e+03 2.417681296871054819e-01
5.906000000000000000e+03 2.417777427643075794e-01
5.907000000000000000e+03 2.417873968957457154e-01
5.908000000000000000e+03 2.417962962577644703e-01
5.909000000000000000e+03 2.418062838141517845e-01
5.910000000000000000e+03 2.418163123996227015e-01
5.911000000000000000e+03 2.414814319552329169e-01
5.912000000000000000e+03 2.411479637197263270e-01
5.913000000000000000e+03 2.408133993709963006e-01
5.914000000000000000e+03 2.404791801357514525e-01
5.915000000000000000e+03 2.401449093751785724e-01
5.916000000000000000e+03 2.398106079428814486e-01
5.917000000000000000e+03 2.394759027223894721e-01
5.918000000000000000e+03 2.391426168257467511e-01
5.919000000000000000e+03 2.388071682897296988e-01
5.920000000000000000e+03 2.384734464046001368e-01
5.921000000000000000e+03 2.382587439521284267e-01
5.922000000000000000e+03 2.380450418146151381e-01
5.923000000000000000e+03 2.378306290319077143e-01
5.924000000000000000e+03 2.376158159505567524e-01
5.925000000000000000e+03 2.374020207705084817e-01
5.926000000000000000e+03 2.371871681181568770e-01
5.927000000000000000e+03 2.369726343588851036e-01
5.928000000000000000e+03 2.367580498698186320e-01
5.929000000000000000e+03 2.365441307465193932e-01
5.930000000000000000e+03 2.363295260344410176e-01
5.931000000000000000e+03 2.359900143384514870e-01
5.932000000000000000e+03 2.356508522470139866e-01
5.933000000000000000e+03 2.353113056517681101e-01
5.934000000000000000e+03 2.349714168485684540e-01
5.935000000000000000e+03 2.346325058049249235e-01
5.936000000000000000e+03 2.342926034005189673e-01
5.937000000000000000e+03 2.339540194808805706e-01
5.938000000000000000e+03 2.336147691301797558e-01
5.939000000000000000e+03 2.332747948200329380e-01
5.940000000000000000e+03 2.329358108936041560e-01
5.941000000000000000e+03 2.332334259196389425e-01
5.942000000000000000e+03 2.335320538045996264e-01
5.943000000000000000e+03 2.338296979494413896e-01
5.944000000000000000e+03 2.341287213945217049e-01
5.945000000000000000e+03 2.344267594860023618e-01
5.946000000000000000e+03 2.347255118274205743e-01
5.947000000000000000e+03 2.350232552926528606e-01
5.948000000000000000e+03 2.353220593666617566e-01
5.949000000000000000e+03 2.356202183742870659e-01
5.950000000000000000e+03 2.359190746086458068e-01
5.951000000000000000e+03 2.365625224568591589e-01
5.952000000000000000e+03 2.372073981312108615e-01
5.953000000000000000e+03 2.378520079529256592e-01
5.954000000000000000e+03 2.384959992652829486e-01
5.955000000000000000e+03 2.391403783190377275e-01
5.956000000000000000e+03 2.397848372168354947e-01
5.957000000000000000e+03 2.404289817949992192e-01
5.958000000000000000e+03 2.410738911326499589e-01
5.959000000000000000e+03 2.417181938534607721e-01
5.960000000000000000e+03 2.423628678146664273e-01
5.961000000000000000e+03 2.428102962554388733e-01
5.962000000000000000e+03 2.432567304439886280e-01
5.963000000000000000e+03 2.437036157141896087e-01
5.964000000000000000e+03 2.441504907561399540e-01
5.965000000000000000e+03 2.445978194713321618e-01
5.966000000000000000e+03 2.450451811954741377e-01
5.967000000000000000e+03 2.454918981865787941e-01
5.968000000000000000e+03 2.459390274193233306e-01
5.969000000000000000e+03 2.463868895336759068e-01
5.970000000000000000e+03 2.468341469974046354e-01
5.971000000000000000e+03 2.466399385340830863e-01
5.972000000000000000e+03 2.464453768124213739e-01
5.973000000000000000e+03 2.462507811971599292e-01
5.974000000000000000e+03 2.460569154533988334e-01
5.975000000000000000e+03 2.458619124328930705e-01
5.976000000000000000e+03 2.456677022014829570e-01
5.977000000000000000e+03 2.454730342804002652e-01
5.978000000000000000e+03 2.452791360048534874e-01
5.979000000000000000e+03 2.450848435963620675e-01
5.980000000000000000e+03 2.448901580433979486e-01
5.981000000000000000e+03 2.445286616896250875e-01
5.982000000000000000e+03 2.441678401224343375e-01
5.983000000000000000e+03 2.438062825680568924e-01
5.984000000000000000e+03 2.434439293366357226e-01
5.985000000000000000e+03 2.430815797294144098e-01
5.986000000000000000e+03 2.427188153765039436e-01
5.987000000000000000e+03 2.423557006706075767e-01
5.988000000000000000e+03 2.419925080489623015e-01
5.989000000000000000e+03 2.416282804043023702e-01
5.990000000000000000e+03 2.412650171596625870e-01
5.991000000000000000e+03 2.406096215725372911e-01
5.992000000000000000e+03 2.399545760872391909e-01
5.993000000000000000e+03 2.392990738157668718e-01
5.994000000000000000e+03 2.386435702725422936e-01
5.995000000000000000e+03 2.379883519754469323e-01
5.996000000000000000e+03 2.373331096787583416e-01
5.997000000000000000e+03 2.366778432156077527e-01
5.998000000000000000e+03 2.360224711519776086e-01
5.999000000000000000e+03 2.353667509039127359e-01
6.000000000000000000e+03 2.347109678931899313e-01
6.001000000000000000e+03 2.349473251983449640e-01
6.002000000000000000e+03 2.351840167775363089e-01
6.003000000000000000e+03 2.354203952615490925e-01
6.004000000000000000e+03 2.356567639000833048e-01
6.005000000000000000e+03 2.358931429308606942e-01
6.006000000000000000e+03 2.361295323517847988e-01
6.007000000000000000e+03 2.363656067885185619e-01
6.008000000000000000e+03 2.366024034205394810e-01
6.009000000000000000e+03 2.368388240568784220e-01
6.010000000000000000e+03 2.370759484477777124e-01
6.011000000000000000e+03 2.374871291539157048e-01
6.012000000000000000e+03 2.378986822682691571e-01
6.013000000000000000e+03 2.383102406052052258e-01
6.014000000000000000e+03 2.387215166350742934e-01
6.015000000000000000e+03 2.391334753457245166e-01
6.016000000000000000e+03 2.395451312811139322e-01
6.017000000000000000e+03 2.399575350760070613e-01
6.018000000000000000e+03 2.403692229506384503e-01
6.019000000000000000e+03 2.407813090816910973e-01
6.020000000000000000e+03 2.411927170607280069e-01
6.021000000000000000e+03 2.420334749907128713e-01
6.022000000000000000e+03 2.428745526330697846e-01
6.023000000000000000e+03 2.437153663951575622e-01
6.024000000000000000e+03 2.445565228628600873e-01
6.025000000000000000e+03 2.453974135848039362e-01
6.026000000000000000e+03 2.462382895130479643e-01
6.027000000000000000e+03 2.470798933751035542e-01
6.028000000000000000e+03 2.479204852470526521e-01
6.029000000000000000e+03 2.487614440711052310e-01
6.030000000000000000e+03 2.496027946956702048e-01
6.031000000000000000e+03 2.498453518437615262e-01
6.032000000000000000e+03 2.500879730930518630e-01
6.033000000000000000e+03 2.503298198589455903e-01
6.034000000000000000e+03 2.505728271917925798e-01
6.035000000000000000e+03 2.508147145063328032e-01
6.036000000000000000e+03 2.510574194389209035e-01
6.037000000000000000e+03 2.513004693254509148e-01
6.038000000000000000e+03 2.515424608447187071e-01
6.039000000000000000e+03 2.517848181542059471e-01
6.040000000000000000e+03 2.520282996723323676e-01
6.041000000000000000e+03 2.521236276042145841e-01
6.042000000000000000e+03 2.522207367719820348e-01
6.043000000000000000e+03 2.523168126687937440e-01
6.044000000000000000e+03 2.524128294490028401e-01
6.045000000000000000e+03 2.525096324659938385e-01
6.046000000000000000e+03 2.526060948892143720e-01
6.047000000000000000e+03 2.527021513070141778e-01
6.048000000000000000e+03 2.527982569854989037e-01
6.049000000000000000e+03 2.528950414236066924e-01
6.050000000000000000e+03 2.529907899899834778e-01
6.051000000000000000e+03 2.529684854819902462e-01
6.052000000000000000e+03 2.529465911039154302e-01
6.053000000000000000e+03 2.529239130144965708e-01
6.054000000000000000e+03 2.529016450428858143e-01
6.055000000000000000e+03 2.528797219186907919e-01
6.056000000000000000e+03 2.528570588200859670e-01
6.057000000000000000e+03 2.528347622724073096e-01
6.058000000000000000e+03 2.528124417472241148e-01
6.059000000000000000e+03 2.527897936801533074e-01
6.060000000000000000e+03 2.527678588878006782e-01
6.061000000000000000e+03 2.524302206111136981e-01
6.062000000000000000e+03 2.520925136816317691e-01
6.063000000000000000e+03 2.517544792029191569e-01
6.064000000000000000e+03 2.514170670789048767e-01
6.065000000000000000e+03 2.510789828165176929e-01
6.066000000000000000e+03 2.507412181097788961e-01
6.067000000000000000e+03 2.504037500419213913e-01
6.068000000000000000e+03 2.500659340871621561e-01
6.069000000000000000e+03 2.497280499215524252e-01
6.070000000000000000e+03 2.493902046217814916e-01
6.071000000000000000e+03 2.493413423713784494e-01
6.072000000000000000e+03 2.492935864978386429e-01
6.073000000000000000e+03 2.492447144751986088e-01
6.074000000000000000e+03 2.491962221325279281e-01
6.075000000000000000e+03 2.491480878271588040e-01
6.076000000000000000e+03 2.490995641689259521e-01
6.077000000000000000e+03 2.490507154720453808e-01
6.078000000000000000e+03 2.490025234061403470e-01
6.079000000000000000e+03 2.489543689009002803e-01
6.080000000000000000e+03 2.489058254332238984e-01
6.081000000000000000e+03 2.490235681245753230e-01
6.082000000000000000e+03 2.491412263915100678e-01
6.083000000000000000e+03 2.492593125525882636e-01
6.084000000000000000e+03 2.493766737010287560e-01
6.085000000000000000e+03 2.494943346344424828e-01
6.086000000000000000e+03 2.496124239883314722e-01
6.087000000000000000e+03 2.497308353593995223e-01
6.088000000000000000e+03 2.498474724071280684e-01
6.089000000000000000e+03 2.499658860120855530e-01
6.090000000000000000e+03 2.500839799044418665e-01
6.091000000000000000e+03 2.497173778503266051e-01
6.092000000000000000e+03 2.493515158950339039e-01
6.093000000000000000e+03 2.489848771452765064e-01
6.094000000000000000e+03 2.486192953258183902e-01
6.095000000000000000e+03 2.482529804559760467e-01
6.096000000000000000e+03 2.478869541987782643e-01
6.097000000000000000e+03 2.475206007319363799e-01
6.098000000000000000e+03 2.471548732751632782e-01
6.099000000000000000e+03 2.467877202000410275e-01
6.100000000000000000e+03 2.464219314462346710e-01
6.101000000000000000e+03 2.455638128154349897e-01
6.102000000000000000e+03 2.447052072237673737e-01
6.103000000000000000e+03 2.438465990065930289e-01
6.104000000000000000e+03 2.429882577458395976e-01
6.105000000000000000e+03 2.421298277324193671e-01
6.106000000000000000e+03 2.412713298359061009e-01
6.107000000000000000e+03 2.404124350347468242e-01
6.108000000000000000e+03 2.395538025865521503e-01
6.109000000000000000e+03 2.386951226900133061e-01
6.110000000000000000e+03 2.378363747874999712e-01
6.111000000000000000e+03 2.377519273930973065e-01
6.112000000000000000e+03 2.376675179863345089e-01
6.113000000000000000e+03 2.375831058877548863e-01
6.114000000000000000e+03 2.374996658185342668e-01
6.115000000000000000e+03 2.374149028658444072e-01
6.116000000000000000e+03 2.373307867860460774e-01
6.117000000000000000e+03 2.372467083298200052e-01
6.118000000000000000e+03 2.371625863556124370e-01
6.119000000000000000e+03 2.370784817089658936e-01
6.120000000000000000e+03 2.369943538532566785e-01
6.121000000000000000e+03 2.375545276111211690e-01
6.122000000000000000e+03 2.381154204024676369e-01
6.123000000000000000e+03 2.386760170281073401e-01
6.124000000000000000e+03 2.392363355460971619e-01
6.125000000000000000e+03 2.397967015476945019e-01
6.126000000000000000e+03 2.403577927320038887e-01
6.127000000000000000e+03 2.409185639779629629e-01
6.128000000000000000e+03 2.414794253571788396e-01
6.129000000000000000e+03 2.420406459407591360e-01
6.130000000000000000e+03 2.426012745591540065e-01
6.131000000000000000e+03 2.433537240472654906e-01
6.132000000000000000e+03 2.441062125069679845e-01
6.133000000000000000e+03 2.448587193933939588e-01
6.134000000000000000e+03 2.456111609836196807e-01
6.135000000000000000e+03 2.463633052783865407e-01
6.136000000000000000e+03 2.471164579021092322e-01
6.137000000000000000e+03 2.478685749780835945e-01
6.138000000000000000e+03 2.486210270096398667e-01
6.139000000000000000e+03 2.493734976553582949e-01
6.140000000000000000e+03 2.501259657401742609e-01
6.141000000000000000e+03 2.509753012480960277e-01
6.142000000000000000e+03 2.518243361859477947e-01
6.143000000000000000e+03 2.526734335521531039e-01
6.144000000000000000e+03 2.535225933401709653e-01
6.145000000000000000e+03 2.543718155434602224e-01
6.146000000000000000e+03 2.552207298889233034e-01
6.147000000000000000e+03 2.560704034665557960e-01
6.148000000000000000e+03 2.569198346568027369e-01
6.149000000000000000e+03 2.577700321839317410e-01
6.150000000000000000e+03 2.586195686429552110e-01
6.151000000000000000e+03 2.588036958502256124e-01
6.152000000000000000e+03 2.589878363371396763e-01
6.153000000000000000e+03 2.591720343189586884e-01
6.154000000000000000e+03 2.593561792674265454e-01
6.155000000000000000e+03 2.595407580670033298e-01
6.156000000000000000e+03 2.597249297816394686e-01
6.157000000000000000e+03 2.599091812382263167e-01
6.158000000000000000e+03 2.600941336114783176e-01
6.159000000000000000e+03 2.602780126686561335e-01
6.160000000000000000e+03 2.604622598788842169e-01
6.161000000000000000e+03 2.602337526895275865e-01
6.162000000000000000e+03 2.600041301459511955e-01
6.163000000000000000e+03 2.597756321684595027e-01
6.164000000000000000e+03 2.595463527709037654e-01
6.165000000000000000e+03 2.593178193701657364e-01
6.166000000000000000e+03 2.590881748002164531e-01
6.167000000000000000e+03 2.588592534192229455e-01
6.168000000000000000e+03 2.586299731018414927e-01
6.169000000000000000e+03 2.584006871922744364e-01
6.170000000000000000e+03 2.581717477000603500e-01
6.171000000000000000e+03 2.574272133728712220e-01
6.172000000000000000e+03 2.566837202375795712e-01
6.173000000000000000e+03 2.559398411863117451e-01
6.174000000000000000e+03 2.551958400360541668e-01
6.175000000000000000e+03 2.544514789303031210e-01
6.176000000000000000e+03 2.537073657325574771e-01
6.177000000000000000e+03 2.529632822571789008e-01
6.178000000000000000e+03 2.522187121486204053e-01
6.179000000000000000e+03 2.514744945981068902e-01
6.180000000000000000e+03 2.507298358508159852e-01
6.181000000000000000e+03 2.508254728066849903e-01
6.182000000000000000e+03 2.509200679836139369e-01
6.183000000000000000e+03 2.510149882994694437e-01
6.184000000000000000e+03 2.511099561126271529e-01
6.185000000000000000e+03 2.512041801350038961e-01
6.186000000000000000e+03 2.512995209338824143e-01
6.187000000000000000e+03 2.513940748947225412e-01
6.188000000000000000e+03 2.514890829039673759e-01
6.189000000000000000e+03 2.515840314432609137e-01
6.190000000000000000e+03 2.516790489776444262e-01
6.191000000000000000e+03 2.516275677345092276e-01
6.192000000000000000e+03 2.515760826239176740e-01
6.193000000000000000e+03 2.515245936465051457e-01
6.194000000000000000e+03 2.514731222013021350e-01
6.195000000000000000e+03 2.514216468791781733e-01
6.196000000000000000e+03 2.513697613273052633e-01
6.197000000000000000e+03 2.513182783612566418e-01
6.198000000000000000e+03 2.512671335306789766e-01
6.199000000000000000e+03 2.512160060138065032e-01
6.200000000000000000e+03 2.511638275798328546e-01
6.201000000000000000e+03 2.516963208217691816e-01
6.202000000000000000e+03 2.522292638530230779e-01
6.203000000000000000e+03 2.527618853147468037e-01
6.204000000000000000e+03 2.532945706783154005e-01
6.205000000000000000e+03 2.538272337337614815e-01
6.206000000000000000e+03 2.543603715112436880e-01
6.207000000000000000e+03 2.548931631244110707e-01
6.208000000000000000e+03 2.554259970713087524e-01
6.209000000000000000e+03 2.559588733448558973e-01
6.210000000000000000e+03 2.564918137408631615e-01
6.211000000000000000e+03 2.567541699710317316e-01
6.212000000000000000e+03 2.570160902331224961e-01
6.213000000000000000e+03 2.572780761764582591e-01
6.214000000000000000e+03 2.575400623254118226e-01
6.215000000000000000e+03 2.578023991863882536e-01
6.216000000000000000e+03 2.580643422103801043e-01
6.217000000000000000e+03 2.583263292402859235e-01
6.218000000000000000e+03 2.585883164577327253e-01
6.219000000000000000e+03 2.588503038582117832e-01
6.220000000000000000e+03 2.591126656225768432e-01
6.221000000000000000e+03 2.593745481094545946e-01
6.222000000000000000e+03 2.596360555960396388e-01
6.223000000000000000e+03 2.598979595796078734e-01
6.224000000000000000e+03 2.601598634857522074e-01
6.225000000000000000e+03 2.604213692467846064e-01
6.226000000000000000e+03 2.606832726108077036e-01
6.227000000000000000e+03 2.609444004207942536e-01
6.228000000000000000e+03 2.612059480429482217e-01
6.229000000000000000e+03 2.614682274195267442e-01
6.230000000000000000e+03 2.617297297566064107e-01
6.231000000000000000e+03 2.615601772951581805e-01
6.232000000000000000e+03 2.613898629845136101e-01
6.233000000000000000e+03 2.612202960461604828e-01
6.234000000000000000e+03 2.610507216034394506e-01
6.235000000000000000e+03 2.608811396593286314e-01
6.236000000000000000e+03 2.607115059711248573e-01
6.237000000000000000e+03 2.605412016427189337e-01
6.238000000000000000e+03 2.603715977527090719e-01
6.239000000000000000e+03 2.602019863731683813e-01
6.240000000000000000e+03 2.600327645738808036e-01
6.241000000000000000e+03 2.598603946777555684e-01
6.242000000000000000e+03 2.596876905239563493e-01
6.243000000000000000e+03 2.595156873567170952e-01
6.244000000000000000e+03 2.593440977010673665e-01
6.245000000000000000e+03 2.591721074264131675e-01
6.246000000000000000e+03 2.589997613298751222e-01
6.247000000000000000e+03 2.588281355739256440e-01
6.248000000000000000e+03 2.586554083296501161e-01
6.249000000000000000e+03 2.584837953794330567e-01
6.250000000000000000e+03 2.583113891010306862e-01
6.251000000000000000e+03 2.586991612775263460e-01
6.252000000000000000e+03 2.590883902656877513e-01
6.253000000000000000e+03 2.594758492594768651e-01
6.254000000000000000e+03 2.598643936597657134e-01
6.255000000000000000e+03 2.602522855992446260e-01
6.256000000000000000e+03 2.606409136267726079e-01
6.257000000000000000e+03 2.610288430620744116e-01
6.258000000000000000e+03 2.614172004258751847e-01
6.259000000000000000e+03 2.618059208650782566e-01
6.260000000000000000e+03 2.621939395876287660e-01
6.261000000000000000e+03 2.623056908391855346e-01
6.262000000000000000e+03 2.624178365226000897e-01
6.263000000000000000e+03 2.625292207746522388e-01
6.264000000000000000e+03 2.626406213327705519e-01
6.265000000000000000e+03 2.627527280388420872e-01
6.266000000000000000e+03 2.628648515873919234e-01
6.267000000000000000e+03 2.629762126144293832e-01
6.268000000000000000e+03 2.630883473585016730e-01
6.269000000000000000e+03 2.631996967681458632e-01
6.270000000000000000e+03 2.633114191907902635e-01
6.271000000000000000e+03 2.632008279938522488e-01
6.272000000000000000e+03 2.630898072905717977e-01
6.273000000000000000e+03 2.629792035568481179e-01
6.274000000000000000e+03 2.628681707353633379e-01
6.275000000000000000e+03 2.627571764362836015e-01
6.276000000000000000e+03 2.626465317677295075e-01
6.277000000000000000e+03 2.625351476420418328e-01
6.278000000000000000e+03 2.624245128578215347e-01
6.279000000000000000e+03 2.623130949306914372e-01
6.280000000000000000e+03 2.622024478122473301e-01
6.281000000000000000e+03 2.620354246218026262e-01
6.282000000000000000e+03 2.618699633076886357e-01
6.283000000000000000e+03 2.617029393566203677e-01
6.284000000000000000e+03 2.615366787021239925e-01
6.285000000000000000e+03 2.613696323644116859e-01
6.286000000000000000e+03 2.612033482368063542e-01
6.287000000000000000e+03 2.610370521038330449e-01
6.288000000000000000e+03 2.608703689799626857e-01
6.289000000000000000e+03 2.607040491096919155e-01
6.290000000000000000e+03 2.605369462991288798e-01
6.291000000000000000e+03 2.595229352096329323e-01
6.292000000000000000e+03 2.585092301910094092e-01
6.293000000000000000e+03 2.574959143984377197e-01
6.294000000000000000e+03 2.564817905837532552e-01
6.295000000000000000e+03 2.554680340923914939e-01
6.296000000000000000e+03 2.544542531672038810e-01
6.297000000000000000e+03 2.534397410787025406e-01
6.298000000000000000e+03 2.524255729461045150e-01
6.299000000000000000e+03 2.514113407387490451e-01
6.300000000000000000e+03 2.503978488942694702e-01
6.301000000000000000e+03 2.495286441429746815e-01
6.302000000000000000e+03 2.486584138563757429e-01
6.303000000000000000e+03 2.477888223417058500e-01
6.304000000000000000e+03 2.469195915268223018e-01
6.305000000000000000e+03 2.460493043004496061e-01
6.306000000000000000e+03 2.451796904892791507e-01
6.307000000000000000e+03 2.443100825079791705e-01
6.308000000000000000e+03 2.434407884885267659e-01
6.309000000000000000e+03 2.425704530970019535e-01
6.310000000000000000e+03 2.417007813017374440e-01
6.311000000000000000e+03 2.412961431958875747e-01
6.312000000000000000e+03 2.408907441758524892e-01
6.313000000000000000e+03 2.404854001816347508e-01
6.314000000000000000e+03 2.400803338034373235e-01
6.315000000000000000e+03 2.396756446955858322e-01
6.316000000000000000e+03 2.392706038984940831e-01
6.317000000000000000e+03 2.388648907200818794e-01
6.318000000000000000e+03 2.384601787818434737e-01
6.319000000000000000e+03 2.380550768201332157e-01
6.320000000000000000e+03 2.376500279800345394e-01
6.321000000000000000e+03 2.380889830840264842e-01
6.322000000000000000e+03 2.385283307213439952e-01
6.323000000000000000e+03 2.389676697684079698e-01
6.324000000000000000e+03 2.394066972139291261e-01
6.325000000000000000e+03 2.398467059797442236e-01
6.326000000000000000e+03 2.402860800388911255e-01
6.327000000000000000e+03 2.407251407621626704e-01
6.328000000000000000e+03 2.411652285878280733e-01
6.329000000000000000e+03 2.416043117194577039e-01
6.330000000000000000e+03 2.420437112576600824e-01
6.331000000000000000e+03 2.433263023429112215e-01
6.332000000000000000e+03 2.446095742751016600e-01
6.333000000000000000e+03 2.458922104181278934e-01
6.334000000000000000e+03 2.471752627132651481e-01
6.335000000000000000e+03 2.484587159599365713e-01
6.336000000000000000e+03 2.497415021662879597e-01
6.337000000000000000e+03 2.510253662058651858e-01
6.338000000000000000e+03 2.523086016275374877e-01
6.339000000000000000e+03 2.535918819216258502e-01
6.340000000000000000e+03 2.548752070659112690e-01
6.341000000000000000e+03 2.552892509453054681e-01
6.342000000000000000e+03 2.557036824790989704e-01
6.343000000000000000e+03 2.561177914189600169e-01
6.344000000000000000e+03 2.565315545480823523e-01
6.345000000000000000e+03 2.569460738403998579e-01
6.346000000000000000e+03 2.573606157705067288e-01
6.347000000000000000e+03 2.577751803315946888e-01
6.348000000000000000e+03 2.581893761792182218e-01
6.349000000000000000e+03 2.586036369915102884e-01
6.350000000000000000e+03 2.590185953859557300e-01
6.351000000000000000e+03 2.597177069003063221e-01
6.352000000000000000e+03 2.604175259776780882e-01
6.353000000000000000e+03 2.611170250604070708e-01
6.354000000000000000e+03 2.618164880377168990e-01
6.355000000000000000e+03 2.625163564431504115e-01
6.356000000000000000e+03 2.632159023486925764e-01
6.357000000000000000e+03 2.639157894370491864e-01
6.358000000000000000e+03 2.646153300128413211e-01
6.359000000000000000e+03 2.653148338453443222e-01
6.360000000000000000e+03 2.660147705818853847e-01
6.361000000000000000e+03 2.660160449689732420e-01
6.362000000000000000e+03 2.660181456909154196e-01
6.363000000000000000e+03 2.660197971090059732e-01
6.364000000000000000e+03 2.660211111867188394e-01
6.365000000000000000e+03 2.660224459720881285e-01
6.366000000000000000e+03 2.660240923034589700e-01
6.367000000000000000e+03 2.660261619757867124e-01
6.368000000000000000e+03 2.660270890335436622e-01
6.369000000000000000e+03 2.660283723654167098e-01
6.370000000000000000e+03 2.660304145037757917e-01
6.371000000000000000e+03 2.655434590813605666e-01
6.372000000000000000e+03 2.650567869054810677e-01
6.373000000000000000e+03 2.645697735002438544e-01
6.374000000000000000e+03 2.640838412537455659e-01
6.375000000000000000e+03 2.635963474378187898e-01
6.376000000000000000e+03 2.631092466964518040e-01
6.377000000000000000e+03 2.626228235190939397e-01
6.378000000000000000e+03 2.621360385720468145e-01
6.379000000000000000e+03 2.616491795727423075e-01
6.380000000000000000e+03 2.611623126104422044e-01
6.381000000000000000e+03 2.614533873531807995e-01
6.382000000000000000e+03 2.617444609167957070e-01
6.383000000000000000e+03 2.620351591137402014e-01
6.384000000000000000e+03 2.623266265177822687e-01
6.385000000000000000e+03 2.626176965332173707e-01
6.386000000000000000e+03 2.629080146484423230e-01
6.387000000000000000e+03 2.631991035793101452e-01
6.388000000000000000e+03 2.634905453453789681e-01
6.389000000000000000e+03 2.637812336385671474e-01
6.390000000000000000e+03 2.640726737401261626e-01
6.391000000000000000e+03 2.642799849595142136e-01
6.392000000000000000e+03 2.644883438496666850e-01
6.393000000000000000e+03 2.646952863925707278e-01
6.394000000000000000e+03 2.649037000031481681e-01
6.395000000000000000e+03 2.651109845447767732e-01
6.396000000000000000e+03 2.653186962113239789e-01
6.397000000000000000e+03 2.655267467753189004e-01
6.398000000000000000e+03 2.657340666537361673e-01
6.399000000000000000e+03 2.659421046585901394e-01
6.400000000000000000e+03 2.661498351523834960e-01
6.401000000000000000e+03 2.660410699633549703e-01
6.402000000000000000e+03 2.659319178313663268e-01
6.403000000000000000e+03 2.658238955723807861e-01
6.404000000000000000e+03 2.657143493360746289e-01
6.405000000000000000e+03 2.656059322692774782e-01
6.406000000000000000e+03 2.654971063509926066e-01
6.407000000000000000e+03 2.653883172787168121e-01
6.408000000000000000e+03 2.652794982523701828e-01
6.409000000000000000e+03 2.651710717884984692e-01
6.410000000000000000e+03 2.650614593089080095e-01
6.411000000000000000e+03 2.650307370242143690e-01
6.412000000000000000e+03 2.649988362738411873e-01
6.413000000000000000e+03 2.649673570806819201e-01
6.414000000000000000e+03 2.649358772325318134e-01
6.415000000000000000e+03 2.649043967298915780e-01
6.416000000000000000e+03 2.648732930113622541e-01
6.417000000000000000e+03 2.648417667383370921e-01
6.418000000000000000e+03 2.648099069111284343e-01
6.419000000000000000e+03 2.647791560917264198e-01
6.420000000000000000e+03 2.647476722034346475e-01
6.421000000000000000e+03 2.641987557773224360e-01
6.422000000000000000e+03 2.636509267535562251e-01
6.423000000000000000e+03 2.631016428806528529e-01
6.424000000000000000e+03 2.625537510882251513e-01
6.425000000000000000e+03 2.620047838528096196e-01
6.426000000000000000e+03 2.614568726078724814e-01
6.427000000000000000e+03 2.609074751037929740e-01
6.428000000000000000e+03 2.603595014306915312e-01
6.429000000000000000e+03 2.598104614055712358e-01
6.430000000000000000e+03 2.592621207148012585e-01
6.431000000000000000e+03 2.589427184836656237e-01
6.432000000000000000e+03 2.586222954188421852e-01
6.433000000000000000e+03 2.583024993963399241e-01
6.434000000000000000e+03 2.579823990750142459e-01
6.435000000000000000e+03 2.576622545298625777e-01
6.436000000000000000e+03 2.573425184084870421e-01
6.437000000000000000e+03 2.570223714182000019e-01
6.438000000000000000e+03 2.567029971324563120e-01
6.439000000000000000e+03 2.563825253023214734e-01
6.440000000000000000e+03 2.560627821401063042e-01
6.441000000000000000e+03 2.560885627745202453e-01
6.442000000000000000e+03 2.561147702391564640e-01
6.443000000000000000e+03 2.561406328504887697e-01
6.444000000000000000e+03 2.561668151461942711e-01
6.445000000000000000e+03 2.561929955817991433e-01
6.446000000000000000e+03 2.562188311157791998e-01
6.447000000000000000e+03 2.562453937536216531e-01
6.448000000000000000e+03 2.562708395819668361e-01
6.449000000000000000e+03 2.562973985165982738e-01
6.450000000000000000e+03 2.563232050883484936e-01
6.451000000000000000e+03 2.563598581620064043e-01
6.452000000000000000e+03 2.563968764623033580e-01
6.453000000000000000e+03 2.564338954430207540e-01
6.454000000000000000e+03 2.564709151037543600e-01
6.455000000000000000e+03 2.565075492876238150e-01
6.456000000000000000e+03 2.565445702738253231e-01
6.457000000000000000e+03 2.565815919388312882e-01
6.458000000000000000e+03 2.566186142822368677e-01
6.459000000000000000e+03 2.566556158430898793e-01
6.460000000000000000e+03 2.566926610026280531e-01
6.461000000000000000e+03 2.572982528124284629e-01
6.462000000000000000e+03 2.579048303118112173e-01
6.463000000000000000e+03 2.585103474488952835e-01
6.464000000000000000e+03 2.591158151225902984e-01
6.465000000000000000e+03 2.597219930053867865e-01
6.466000000000000000e+03 2.603274065290574479e-01
6.467000000000000000e+03 2.609328139339837649e-01
6.468000000000000000e+03 2.615392645199394184e-01
6.469000000000000000e+03 2.621450129855732447e-01
6.470000000000000000e+03 2.627499229954499693e-01
6.471000000000000000e+03 2.631310094441037806e-01
6.472000000000000000e+03 2.635113100819089782e-01
6.473000000000000000e+03 2.638912405156947361e-01
6.474000000000000000e+03 2.642719472510787759e-01
6.475000000000000000e+03 2.646522617243401987e-01
6.476000000000000000e+03 2.650322265620218554e-01
6.477000000000000000e+03 2.654129487787409980e-01
6.478000000000000000e+03 2.657936544736153039e-01
6.479000000000000000e+03 2.661732320184874157e-01
6.480000000000000000e+03 2.665543480774886786e-01
6.481000000000000000e+03 2.661478348039311714e-01
6.482000000000000000e+03 2.657404964729926933e-01
6.483000000000000000e+03 2.653339100312239185e-01
6.484000000000000000e+03 2.649269658858454113e-01
6.485000000000000000e+03 2.645196878200262169e-01
6.486000000000000000e+03 2.641130476050473908e-01
6.487000000000000000e+03 2.637061395946240783e-01
6.488000000000000000e+03 2.632991628748597712e-01
6.489000000000000000e+03 2.628922274877191212e-01
6.490000000000000000e+03 2.624856399472499935e-01
6.491000000000000000e+03 2.617260639872610595e-01
6.492000000000000000e+03 2.609673098169103533e-01
6.493000000000000000e+03 2.602085016873292855e-01
6.494000000000000000e+03 2.594490123392047543e-01
6.495000000000000000e+03 2.586905964088132004e-01
6.496000000000000000e+03 2.579315227410328148e-01
6.497000000000000000e+03 2.571727628874618810e-01
6.498000000000000000e+03 2.564140574462023259e-01
6.499000000000000000e+03 2.556546169356130882e-01
6.500000000000000000e+03 2.548955750642536988e-01
6.501000000000000000e+03 2.538505370921850801e-01
6.502000000000000000e+03 2.528040224278217951e-01
6.503000000000000000e+03 2.517578971532963283e-01
6.504000000000000000e+03 2.507120516972812796e-01
6.505000000000000000e+03 2.496658993926494374e-01
6.506000000000000000e+03 2.486200244604685194e-01
6.507000000000000000e+03 2.475738451870781454e-01
6.508000000000000000e+03 2.465283108296747461e-01
6.509000000000000000e+03 2.454821030573413332e-01
6.510000000000000000e+03 2.444362085232825166e-01
6.511000000000000000e+03 2.440872115746980098e-01
6.512000000000000000e+03 2.437375626789591021e-01
6.513000000000000000e+03 2.433892528980964309e-01
6.514000000000000000e+03 2.430399466916494666e-01
6.515000000000000000e+03 2.426902553170817156e-01
6.516000000000000000e+03 2.423419577860196628e-01
6.517000000000000000e+03 2.419926279050581275e-01
6.518000000000000000e+03 2.416429750656063913e-01
6.519000000000000000e+03 2.412946694853873586e-01
6.520000000000000000e+03 2.409456774833367565e-01
6.521000000000000000e+03 2.410599949909596196e-01
6.522000000000000000e+03 2.411749522538635948e-01
6.523000000000000000e+03 2.412889219451177791e-01
6.524000000000000000e+03 2.414038935957070475e-01
6.525000000000000000e+03 2.415185407318634625e-01
6.526000000000000000e+03 2.416328227000597573e-01
6.527000000000000000e+03 2.417471014552627639e-01
6.528000000000000000e+03 2.418624042435538191e-01
6.529000000000000000e+03 2.419770598526136962e-01
6.530000000000000000e+03 2.420913295436888657e-01
6.531000000000000000e+03 2.423497702184556624e-01
6.532000000000000000e+03 2.426068689842036941e-01
6.533000000000000000e+03 2.428646033461635267e-01
6.534000000000000000e+03 2.431227121273496217e-01
6.535000000000000000e+03 2.433800619121569420e-01
6.536000000000000000e+03 2.436378064294295043e-01
6.537000000000000000e+03 2.438958453873184273e-01
6.538000000000000000e+03 2.441528791583563451e-01
6.539000000000000000e+03 2.444112643300979104e-01
6.540000000000000000e+03 2.446686023296501811e-01
6.541000000000000000e+03 2.457761475656265182e-01
6.542000000000000000e+03 2.468833605045315238e-01
6.543000000000000000e+03 2.479912888340815580e-01
6.544000000000000000e+03 2.490988848320176419e-01
6.545000000000000000e+03 2.502058107874109427e-01
6.546000000000000000e+03 2.513134375402882870e-01
6.547000000000000000e+03 2.524210811450497416e-01
6.548000000000000000e+03 2.535284252536250671e-01
6.549000000000000000e+03 2.546357199143053918e-01
6.550000000000000000e+03 2.557437725703920472e-01
6.551000000000000000e+03 2.560925536188558005e-01
6.552000000000000000e+03 2.564416949464830009e-01
6.553000000000000000e+03 2.567908135960686455e-01
6.554000000000000000e+03 2.571392466509548336e-01
6.555000000000000000e+03 2.574876337200588949e-01
6.556000000000000000e+03 2.578374966634428556e-01
6.557000000000000000e+03 2.581862439779876173e-01
6.558000000000000000e+03 2.585350104351194500e-01
6.559000000000000000e+03 2.588837961128940823e-01
6.560000000000000000e+03 2.592329027621637083e-01
6.561000000000000000e+03 2.592588133994823130e-01
6.562000000000000000e+03 2.592850237309537453e-01
6.563000000000000000e+03 2.593109519234567673e-01
6.564000000000000000e+03 2.593371582849028356e-01
6.565000000000000000e+03 2.593627160895334849e-01
6.566000000000000000e+03 2.593885736087443994e-01
6.567000000000000000e+03 2.594148170976258716e-01
6.568000000000000000e+03 2.594410801648185938e-01
6.569000000000000000e+03 2.594669316891040078e-01
6.570000000000000000e+03 2.594931907878791910e-01
6.571000000000000000e+03 2.592581279382080162e-01
6.572000000000000000e+03 2.590237780242192756e-01
6.573000000000000000e+03 2.587887203359295896e-01
6.574000000000000000e+03 2.585540091617211655e-01
6.575000000000000000e+03 2.583196864165578921e-01
6.576000000000000000e+03 2.580850008419504626e-01
6.577000000000000000e+03 2.578503175014660309e-01
6.578000000000000000e+03 2.576156363987529008e-01
6.579000000000000000e+03 2.573809361669982532e-01
6.580000000000000000e+03 2.571462595714940069e-01
6.581000000000000000e+03 2.575221001672468035e-01
6.582000000000000000e+03 2.578979112308041888e-01
6.583000000000000000e+03 2.582733710722734388e-01
6.584000000000000000e+03 2.586492082137823445e-01
6.585000000000000000e+03 2.590253597685172604e-01
6.586000000000000000e+03 2.594004061333672340e-01
6.587000000000000000e+03 2.597766064594891899e-01
6.588000000000000000e+03 2.601527565879827586e-01
6.589000000000000000e+03 2.605281645164445048e-01
6.590000000000000000e+03 2.609035849085118430e-01
6.591000000000000000e+03 2.606966193680698152e-01
6.592000000000000000e+03 2.604903926164468531e-01
6.593000000000000000e+03 2.602838014855805571e-01
6.594000000000000000e+03 2.600765017064684548e-01
6.595000000000000000e+03 2.598702843543874152e-01
6.596000000000000000e+03 2.596633589488280269e-01
6.597000000000000000e+03 2.594571691854331563e-01
6.598000000000000000e+03 2.592502080452265267e-01
6.599000000000000000e+03 2.590436806051179541e-01
6.600000000000000000e+03 2.588367486169002030e-01
6.601000000000000000e+03 2.594224981528716611e-01
6.602000000000000000e+03 2.600091667249207483e-01
6.603000000000000000e+03 2.605954214537151703e-01
6.604000000000000000e+03 2.611815418850150228e-01
6.605000000000000000e+03 2.617668115238486748e-01
6.606000000000000000e+03 2.623520086655637407e-01
6.607000000000000000e+03 2.629384855124607401e-01
6.608000000000000000e+03 2.635234541589721036e-01
6.609000000000000000e+03 2.641089859781760030e-01
6.610000000000000000e+03 2.646940757784817522e-01
6.611000000000000000e+03 2.646831112716406809e-01
6.612000000000000000e+03 2.646729363731852303e-01
6.613000000000000000e+03 2.646627169822536318e-01
6.614000000000000000e+03 2.646518166605371092e-01
6.615000000000000000e+03 2.646416180568273990e-01
6.616000000000000000e+03 2.646314408018489717e-01
6.617000000000000000e+03 2.646205168710476507e-01
6.618000000000000000e+03 2.646103165110888500e-01
6.619000000000000000e+03 2.645997644906275537e-01
6.620000000000000000e+03 2.645891899648030732e-01
6.621000000000000000e+03 2.644496733079114148e-01
6.622000000000000000e+03 2.643108141418402113e-01
6.623000000000000000e+03 2.641713190149642676e-01
6.624000000000000000e+03 2.640321961009464702e-01
6.625000000000000000e+03 2.638934667228462483e-01
6.626000000000000000e+03 2.637543866761544731e-01
6.627000000000000000e+03 2.636146068029201484e-01
6.628000000000000000e+03 2.634755701970956654e-01
6.629000000000000000e+03 2.633368826583309952e-01
6.630000000000000000e+03 2.631975615620507636e-01
6.631000000000000000e+03 2.632600917718403988e-01
6.632000000000000000e+03 2.633219304336937849e-01
6.633000000000000000e+03 2.633844311372547375e-01
6.634000000000000000e+03 2.634462181367014932e-01
6.635000000000000000e+03 2.635079682911214971e-01
6.636000000000000000e+03 2.635704465078482772e-01
6.637000000000000000e+03 2.636325821677249492e-01
6.638000000000000000e+03 2.636942875842018252e-01
6.639000000000000000e+03 2.637559998717583509e-01
6.640000000000000000e+03 2.638176752969000338e-01
6.641000000000000000e+03 2.631344637386862639e-01
6.642000000000000000e+03 2.624509222286303678e-01
6.643000000000000000e+03 2.617671625234583299e-01
6.644000000000000000e+03 2.610838147993816971e-01
6.645000000000000000e+03 2.603998832959510956e-01
6.646000000000000000e+03 2.597167299702927146e-01
6.647000000000000000e+03 2.590332754762953438e-01
6.648000000000000000e+03 2.583506581994060025e-01
6.649000000000000000e+03 2.576673980295315358e-01
6.650000000000000000e+03 2.569838842884926700e-01
6.651000000000000000e+03 2.570225886599618037e-01
6.652000000000000000e+03 2.570613064455787300e-01
6.653000000000000000e+03 2.571000163380226522e-01
6.654000000000000000e+03 2.571383772121426103e-01
6.655000000000000000e+03 2.571770925932493346e-01
6.656000000000000000e+03 2.572153948834593473e-01
6.657000000000000000e+03 2.572537318295293196e-01
6.658000000000000000e+03 2.572920607850480157e-01
6.659000000000000000e+03 2.573307231262856876e-01
6.660000000000000000e+03 2.573693775780296900e-01
6.661000000000000000e+03 2.574552404322637544e-01
6.662000000000000000e+03 2.575407158141215791e-01
6.663000000000000000e+03 2.576265082564713760e-01
6.664000000000000000e+03 2.577126394688452060e-01
6.665000000000000000e+03 2.577980624680427657e-01
6.666000000000000000e+03 2.578841663754301572e-01
6.667000000000000000e+03 2.579702246827765277e-01
6.668000000000000000e+03 2.580555527135823812e-01
6.669000000000000000e+03 2.581412413069538170e-01
6.670000000000000000e+03 2.582268840629653450e-01
6.671000000000000000e+03 2.585873997927818357e-01
6.672000000000000000e+03 2.589482573038027202e-01
6.673000000000000000e+03 2.593079747641625077e-01
6.674000000000000000e+03 2.596687435691945600e-01
6.675000000000000000e+03 2.600291238412741901e-01
6.676000000000000000e+03 2.603890925607511564e-01
6.677000000000000000e+03 2.607493616168829464e-01
6.678000000000000000e+03 2.611092180482376679e-01
6.679000000000000000e+03 2.614697659174706756e-01
6.680000000000000000e+03 2.618299011630083606e-01
6.681000000000000000e+03 2.619253297105546552e-01
6.682000000000000000e+03 2.620203937224128699e-01
6.683000000000000000e+03 2.621162011270329883e-01
6.684000000000000000e+03 2.622116005666877969e-01
6.685000000000000000e+03 2.623069395730182607e-01
6.686000000000000000e+03 2.624019352848421249e-01
6.687000000000000000e+03 2.624972619988350520e-01
6.688000000000000000e+03 2.625926153029110033e-01
6.689000000000000000e+03 2.626871676600742167e-01
6.690000000000000000e+03 2.627828354275942302e-01
6.691000000000000000e+03 2.622949080009421285e-01
6.692000000000000000e+03 2.618074425430038654e-01
6.693000000000000000e+03 2.613197003710121535e-01
6.694000000000000000e+03 2.608327863905623434e-01
6.695000000000000000e+03 2.603445164733473316e-01
6.696000000000000000e+03 2.598570531042558862e-01
6.697000000000000000e+03 2.593707793284393825e-01
6.698000000000000000e+03 2.588831134157351110e-01
6.699000000000000000e+03 2.583959703160893517e-01
6.700000000000000000e+03 2.579088558097150097e-01
6.701000000000000000e+03 2.577431153592321111e-01
6.702000000000000000e+03 2.575769516112430546e-01
6.703000000000000000e+03 2.574108989476385223e-01
6.704000000000000000e+03 2.572455543511457665e-01
6.705000000000000000e+03 2.570791475166652185e-01
6.706000000000000000e+03 2.569135335837472445e-01
6.707000000000000000e+03 2.567475403628393105e-01
6.708000000000000000e+03 2.565815940706757114e-01
6.709000000000000000e+03 2.564159922740166242e-01
6.710000000000000000e+03 2.562501182724162274e-01
6.711000000000000000e+03 2.556500285816147300e-01
6.712000000000000000e+03 2.550493489881929254e-01
6.713000000000000000e+03 2.544491602407124575e-01
6.714000000000000000e+03 2.538486809784290532e-01
6.715000000000000000e+03 2.532487328388573489e-01
6.716000000000000000e+03 2.526491871533833034e-01
6.717000000000000000e+03 2.520497701789430889e-01
6.718000000000000000e+03 2.514500856842703524e-01
6.719000000000000000e+03 2.508505522685620104e-01
6.720000000000000000e+03 2.502507546941064587e-01
6.721000000000000000e+03 2.504018371940035514e-01
6.722000000000000000e+03 2.505525378152498872e-01
6.723000000000000000e+03 2.507039366882266029e-01
6.724000000000000000e+03 2.508549537123627160e-01
6.725000000000000000e+03 2.510059211958100556e-01
6.726000000000000000e+03 2.511568599249274225e-01
6.727000000000000000e+03 2.513074157258314845e-01
6.728000000000000000e+03 2.514583384340897121e-01
6.729000000000000000e+03 2.516091907274924377e-01
6.730000000000000000e+03 2.517596803348149392e-01
6.731000000000000000e+03 2.518519265521054762e-01
6.732000000000000000e+03 2.519438608220479492e-01
6.733000000000000000e+03 2.520357544511520054e-01
6.734000000000000000e+03 2.521268967605598266e-01
6.735000000000000000e+03 2.522187715152188203e-01
6.736000000000000000e+03 2.523105846950680631e-01
6.737000000000000000e+03 2.524020642384804392e-01
6.738000000000000000e+03 2.524934819226993810e-01
6.739000000000000000e+03 2.525856124702678951e-01
6.740000000000000000e+03 2.526773464771961963e-01
6.741000000000000000e+03 2.529438862783650044e-01
6.742000000000000000e+03 2.532103795438664373e-01
6.743000000000000000e+03 2.534768052636415803e-01
6.744000000000000000e+03 2.537435420150256360e-01
6.745000000000000000e+03 2.540102540052472380e-01
6.746000000000000000e+03 2.542765407890368312e-01
6.747000000000000000e+03 2.545427810099951671e-01
6.748000000000000000e+03 2.548093337772715516e-01
6.749000000000000000e+03 2.550758407388108995e-01
6.750000000000000000e+03 2.553412858341870262e-01
6.751000000000000000e+03 2.556912634075659829e-01
6.752000000000000000e+03 2.560419593673702865e-01
6.753000000000000000e+03 2.563911451672083452e-01
6.754000000000000000e+03 2.567406027510589772e-01
6.755000000000000000e+03 2.570900351355610569e-01
6.756000000000000000e+03 2.574393571334286368e-01
6.757000000000000000e+03 2.577890173639434401e-01
6.758000000000000000e+03 2.581378404975034901e-01
6.759000000000000000e+03 2.584873662798475302e-01
6.760000000000000000e+03 2.588360528936727301e-01
6.761000000000000000e+03 2.586672621232649072e-01
6.762000000000000000e+03 2.584988868548007135e-01
6.763000000000000000e+03 2.583301339507376726e-01
6.764000000000000000e+03 2.581610898121857178e-01
6.765000000000000000e+03 2.579927816745525848e-01
6.766000000000000000e+03 2.578237761123154392e-01
6.767000000000000000e+03 2.576555056504075125e-01
6.768000000000000000e+03 2.574873071838467697e-01
6.769000000000000000e+03 2.573183913501144726e-01
6.770000000000000000e+03 2.571498894573625571e-01
6.771000000000000000e+03 2.568693872358674413e-01
6.772000000000000000e+03 2.565888888683490743e-01
6.773000000000000000e+03 2.563081395139185648e-01
6.774000000000000000e+03 2.560277556646468611e-01
6.775000000000000000e+03 2.557474182472619928e-01
6.776000000000000000e+03 2.554671484363855716e-01
6.777000000000000000e+03 2.551869250035029846e-01
6.778000000000000000e+03 2.549063675711649157e-01
6.779000000000000000e+03 2.546262373012077584e-01
6.780000000000000000e+03 2.543461323126391949e-01
6.781000000000000000e+03 2.542376637969889219e-01
6.782000000000000000e+03 2.541288746850803859e-01
6.783000000000000000e+03 2.540207762128779412e-01
6.784000000000000000e+03 2.539119993009668064e-01
6.785000000000000000e+03 2.538032391735969839e-01
6.786000000000000000e+03 2.536952108999498967e-01
6.787000000000000000e+03 2.535861476720325802e-01
6.788000000000000000e+03 2.534778159716700729e-01
6.789000000000000000e+03 2.533691016408767260e-01
6.790000000000000000e+03 2.532611389501346899e-01
6.791000000000000000e+03 2.530939198826627767e-01
6.792000000000000000e+03 2.529267086649591434e-01
6.793000000000000000e+03 2.527595472439617685e-01
6.794000000000000000e+03 2.525927496788252236e-01
6.795000000000000000e+03 2.524256456586037589e-01
6.796000000000000000e+03 2.522585495328706351e-01
6.797000000000000000e+03 2.520918375178688997e-01
6.798000000000000000e+03 2.519251538623674125e-01
6.799000000000000000e+03 2.517578098172393863e-01
6.800000000000000000e+03 2.515908913269074842e-01
6.801000000000000000e+03 2.519220128528781300e-01
6.802000000000000000e+03 2.522527058707557668e-01
6.803000000000000000e+03 2.525829272237571921e-01
6.804000000000000000e+03 2.529134094923807807e-01
6.805000000000000000e+03 2.532430202069532732e-01
6.806000000000000000e+03 2.535736489388208947e-01
6.807000000000000000e+03 2.539037209981779841e-01
6.808000000000000000e+03 2.542333822075298344e-01
6.809000000000000000e+03 2.545632648461458314e-01
6.810000000000000000e+03 2.548926937016963712e-01
6.811000000000000000e+03 2.543991331498068886e-01
6.812000000000000000e+03 2.539060455604461586e-01
6.813000000000000000e+03 2.534127562071937234e-01
6.814000000000000000e+03 2.529199385100485697e-01
6.815000000000000000e+03 2.524269412236834209e-01
6.816000000000000000e+03 2.519343933018523551e-01
6.817000000000000000e+03 2.514416460731399572e-01
6.818000000000000000e+03 2.509493678889291868e-01
6.819000000000000000e+03 2.504569124133788627e-01
6.820000000000000000e+03 2.499645718807873562e-01
6.821000000000000000e+03 2.498097020936961843e-01
6.822000000000000000e+03 2.496552268361496851e-01
6.823000000000000000e+03 2.495000684148466208e-01
6.824000000000000000e+03 2.493453252337798076e-01
6.825000000000000000e+03 2.491909759716814943e-01
6.826000000000000000e+03 2.490363376336990064e-01
6.827000000000000000e+03 2.488817207750905480e-01
6.828000000000000000e+03 2.487274765695758894e-01
6.829000000000000000e+03 2.485733154383598376e-01
6.830000000000000000e+03 2.484188246536367384e-01
6.831000000000000000e+03 2.480982969075552214e-01
6.832000000000000000e+03 2.477775258483285725e-01
6.833000000000000000e+03 2.474571910467872338e-01
6.834000000000000000e+03 2.471369011050152664e-01
6.835000000000000000e+03 2.468170867876863794e-01
6.836000000000000000e+03 2.464966611658198359e-01
6.837000000000000000e+03 2.461766700307612132e-01
6.838000000000000000e+03 2.458567443390686502e-01
6.839000000000000000e+03 2.455365780835540579e-01
6.840000000000000000e+03 2.452171914376069795e-01
6.841000000000000000e+03 2.448973638301016331e-01
6.842000000000000000e+03 2.445776428442648642e-01
6.843000000000000000e+03 2.442576426249103427e-01
6.844000000000000000e+03 2.439384392715121530e-01
6.845000000000000000e+03 2.436186124104861572e-01
6.846000000000000000e+03 2.432996008478044148e-01
6.847000000000000000e+03 2.429802907101893950e-01
6.848000000000000000e+03 2.426607641346865407e-01
6.849000000000000000e+03 2.423413043716382553e-01
6.850000000000000000e+03 2.420222536355211562e-01
6.851000000000000000e+03 2.421539104087949701e-01
6.852000000000000000e+03 2.422844897419296761e-01
6.853000000000000000e+03 2.424156834794787552e-01
6.854000000000000000e+03 2.425471498567176309e-01
6.855000000000000000e+03 2.426775772855148117e-01
6.856000000000000000e+03 2.428082769589295364e-01
6.857000000000000000e+03 2.429399770926424507e-01
6.858000000000000000e+03 2.430702527258278289e-01
6.859000000000000000e+03 2.432014690052291261e-01
6.860000000000000000e+03 2.433316636513267739e-01
6.861000000000000000e+03 2.432068725211096460e-01
6.862000000000000000e+03 2.430828220075720025e-01
6.863000000000000000e+03 2.429580956855056373e-01
6.864000000000000000e+03 2.428334221303861118e-01
6.865000000000000000e+03 2.427087609040573246e-01
6.866000000000000000e+03 2.425844755148569565e-01
6.867000000000000000e+03 2.424598994021638088e-01
6.868000000000000000e+03 2.423360417731347805e-01
6.869000000000000000e+03 2.422112077142081488e-01
6.870000000000000000e+03 2.420867088112772791e-01
6.871000000000000000e+03 2.421660674378197098e-01
6.872000000000000000e+03 2.422446712995662554e-01
6.873000000000000000e+03 2.423236295051113265e-01
6.874000000000000000e+03 2.424032049618342899e-01
6.875000000000000000e+03 2.424821058395924822e-01
6.876000000000000000e+03 2.425609375247535227e-01
6.877000000000000000e+03 2.426397808240222387e-01
6.878000000000000000e+03 2.427189188726339986e-01
6.879000000000000000e+03 2.427973608731981148e-01
6.880000000000000000e+03 2.428760976157312568e-01
6.881000000000000000e+03 2.426964875227850260e-01
6.882000000000000000e+03 2.425173306130844475e-01
6.883000000000000000e+03 2.423378384542844433e-01
6.884000000000000000e+03 2.421580723613752928e-01
6.885000000000000000e+03 2.419783556648471001e-01
6.886000000000000000e+03 2.417996759032381149e-01
6.887000000000000000e+03 2.416200975871517498e-01
6.888000000000000000e+03 2.414408101094521475e-01
6.889000000000000000e+03 2.412616520663443120e-01
6.890000000000000000e+03 2.410821810992862524e-01
6.891000000000000000e+03 2.407310340453462372e-01
6.892000000000000000e+03 2.403799977436994750e-01
6.893000000000000000e+03 2.400287719421576871e-01
6.894000000000000000e+03 2.396782972904518694e-01
6.895000000000000000e+03 2.393276329860932194e-01
6.896000000000000000e+03 2.389767204725959659e-01
6.897000000000000000e+03 2.386259195038164527e-01
6.898000000000000000e+03 2.382759058307402922e-01
6.899000000000000000e+03 2.379256445022213395e-01
6.900000000000000000e+03 2.375755334019367948e-01
6.901000000000000000e+03 2.373430733351888089e-01
6.902000000000000000e+03 2.371110119427815022e-01
6.903000000000000000e+03 2.368786762670564983e-01
6.904000000000000000e+03 2.366467583799139185e-01
6.905000000000000000e+03 2.364148627097937272e-01
6.906000000000000000e+03 2.361827528218039540e-01
6.907000000000000000e+03 2.359506657839584853e-01
6.908000000000000000e+03 2.357189558465857537e-01
6.909000000000000000e+03 2.354870324238041712e-01
6.910000000000000000e+03 2.352554461549958564e-01
6.911000000000000000e+03 2.352207765819919194e-01
6.912000000000000000e+03 2.351851090855434090e-01
6.913000000000000000e+03 2.351500931682291573e-01
6.914000000000000000e+03 2.351147666852780316e-01
6.915000000000000000e+03 2.350797971558625243e-01
6.916000000000000000e+03 2.350444582203246591e-01
6.917000000000000000e+03 2.350094761812590582e-01
6.918000000000000000e+03 2.349738304186856364e-01
6.919000000000000000e+03 2.349385022976813453e-01
6.920000000000000000e+03 2.349038841829226565e-01
6.921000000000000000e+03 2.351782300394997249e-01
6.922000000000000000e+03 2.354521743203719097e-01
6.923000000000000000e+03 2.357263461107786950e-01
6.924000000000000000e+03 2.359997803567362162e-01
6.925000000000000000e+03 2.362737974658468687e-01
6.926000000000000000e+03 2.365474115536840283e-01
6.927000000000000000e+03 2.368209381362091082e-01
6.928000000000000000e+03 2.370946744596325595e-01
6.929000000000000000e+03 2.373676891589404647e-01
6.930000000000000000e+03 2.376409135290736552e-01
6.931000000000000000e+03 2.376290032678722852e-01
6.932000000000000000e+03 2.376163933334425049e-01
6.933000000000000000e+03 2.376034611277691722e-01
6.934000000000000000e+03 2.375911800154286713e-01
6.935000000000000000e+03 2.375789143407638915e-01
6.936000000000000000e+03 2.375662866654364991e-01
6.937000000000000000e+03 2.375539724056137114e-01
6.938000000000000000e+03 2.375410577487791774e-01
6.939000000000000000e+03 2.375284167791242018e-01
6.940000000000000000e+03 2.375161091070349395e-01
6.941000000000000000e+03 2.372263850726849255e-01
6.942000000000000000e+03 2.369361116727870253e-01
6.943000000000000000e+03 2.366465581294859566e-01
6.944000000000000000e+03 2.363570894429695979e-01
6.945000000000000000e+03 2.360670933026842444e-01
6.946000000000000000e+03 2.357774398842455432e-01
6.947000000000000000e+03 2.354875962268561662e-01
6.948000000000000000e+03 2.351988032883225721e-01
6.949000000000000000e+03 2.349091113677376774e-01
6.950000000000000000e+03 2.346195057312925880e-01
6.951000000000000000e+03 2.341088145052540870e-01
6.952000000000000000e+03 2.335985658446569635e-01
6.953000000000000000e+03 2.330878407750980041e-01
6.954000000000000000e+03 2.325778699264682559e-01
6.955000000000000000e+03 2.320677945197089642e-01
6.956000000000000000e+03 2.315574998184435906e-01
6.957000000000000000e+03 2.310480135377507849e-01
6.958000000000000000e+03 2.305383661632305625e-01
6.959000000000000000e+03 2.300285211315116485e-01
6.960000000000000000e+03 2.295194802262326694e-01
6.961000000000000000e+03 2.288184510941727312e-01
6.962000000000000000e+03 2.281176292697272290e-01
6.963000000000000000e+03 2.274169574062507027e-01
6.964000000000000000e+03 2.267162079115856710e-01
6.965000000000000000e+03 2.260156293329713406e-01
6.966000000000000000e+03 2.253158636674590654e-01
6.967000000000000000e+03 2.246159830029035576e-01
6.968000000000000000e+03 2.239162715176676310e-01
6.969000000000000000e+03 2.232170847687185433e-01
6.970000000000000000e+03 2.225177482937367168e-01
6.971000000000000000e+03 2.217821588057606597e-01
6.972000000000000000e+03 2.210468400907829589e-01
6.973000000000000000e+03 2.203114595103022599e-01
6.974000000000000000e+03 2.195763514149216000e-01
6.975000000000000000e+03 2.188417724215696858e-01
6.976000000000000000e+03 2.181077929073930999e-01
6.977000000000000000e+03 2.173736985840416802e-01
6.978000000000000000e+03 2.166399289891821345e-01
6.979000000000000000e+03 2.159057410462828785e-01
6.980000000000000000e+03 2.151724406140513302e-01
6.981000000000000000e+03 2.141074821204574652e-01
6.982000000000000000e+03 2.130423235328298692e-01
6.983000000000000000e+03 2.119777730898456392e-01
6.984000000000000000e+03 2.109135970254369385e-01
6.985000000000000000e+03 2.098495133433072035e-01
6.986000000000000000e+03 2.087860339022139800e-01
6.987000000000000000e+03 2.077226495261436656e-01
6.988000000000000000e+03 2.066598843058862767e-01
6.989000000000000000e+03 2.055978032203088779e-01
6.990000000000000000e+03 2.045354743360921768e-01
6.991000000000000000e+03 2.029303075915706855e-01
6.992000000000000000e+03 2.013255046541391480e-01
6.993000000000000000e+03 1.997210822650635764e-01
6.994000000000000000e+03 1.981164745940552918e-01
6.995000000000000000e+03 1.965130475196773252e-01
6.996000000000000000e+03 1.949097014606410716e-01
6.997000000000000000e+03 1.933061673100491540e-01
6.998000000000000000e+03 1.917033117285049659e-01
6.999000000000000000e+03 1.901010632359529662e-01
7.000000000000000000e+03 1.884991942028393097e-01
7.001000000000000000e+03 1.852912529656866314e-01
7.002000000000000000e+03 1.820849353370214696e-01
7.003000000000000000e+03 1.788800162770581292e-01
7.004000000000000000e+03 1.756772313550187536e-01
7.005000000000000000e+03 1.724756117033391933e-01
7.006000000000000000e+03 1.692760786685267860e-01
7.007000000000000000e+03 1.660777416005708440e-01
7.008000000000000000e+03 1.628812683349813717e-01
7.009000000000000000e+03 1.596862026338423945e-01
7.010000000000000000e+03 1.564932023302074982e-01
7.011000000000000000e+03 1.522829641683081658e-01
7.012000000000000000e+03 1.480746382947701889e-01
7.013000000000000000e+03 1.438682626802479103e-01
7.014000000000000000e+03 1.396638358263104784e-01
7.015000000000000000e+03 1.354611397285492014e-01
7.016000000000000000e+03 1.312605905055693745e-01
7.017000000000000000e+03 1.270621259411729986e-01
7.018000000000000000e+03 1.228650897867332586e-01
7.019000000000000000e+03 1.186701614686087730e-01
7.020000000000000000e+03 1.144775270576265380e-01
7.021000000000000000e+03 1.110875347276206737e-01
7.022000000000000000e+03 1.076990467444184085e-01
7.023000000000000000e+03 1.043119038485439548e-01
7.024000000000000000e+03 1.009263921846797474e-01
7.025000000000000000e+03 9.754239186317699428e-02
7.026000000000000000e+03 9.415975017803437930e-02
7.027000000000000000e+03 9.077861129860344269e-02
7.028000000000000000e+03 8.739921053919166849e-02
7.029000000000000000e+03 8.402118760192528457e-02
7.030000000000000000e+03 8.064464329204200366e-02
7.031000000000000000e+03 7.828565139353441116e-02
7.032000000000000000e+03 7.592794142550791936e-02
7.033000000000000000e+03 7.357137835992016983e-02
7.034000000000000000e+03 7.121577695606776115e-02
7.035000000000000000e+03 6.886163262425287757e-02
7.036000000000000000e+03 6.650846729991198580e-02
7.037000000000000000e+03 6.415654797825533218e-02
7.038000000000000000e+03 6.180579769234861159e-02
7.039000000000000000e+03 5.945610461341589714e-02
7.040000000000000000e+03 5.710759111516324621e-02
7.041000000000000000e+03 5.558578852344881610e-02
7.042000000000000000e+03 5.406477594114057067e-02
7.043000000000000000e+03 5.254425234220223839e-02
7.044000000000000000e+03 5.102436339380624769e-02
7.045000000000000000e+03 4.950525145655165771e-02
7.046000000000000000e+03 4.798656749335377530e-02
7.047000000000000000e+03 4.646866014533657802e-02
7.048000000000000000e+03 4.495132266810780708e-02
7.049000000000000000e+03 4.343462748926998213e-02
7.050000000000000000e+03 4.191862722249606321e-02
7.051000000000000000e+03 4.053917331558298115e-02
7.052000000000000000e+03 3.916036047675206661e-02
7.053000000000000000e+03 3.778214774539534471e-02
7.054000000000000000e+03 3.640453096027743141e-02
7.055000000000000000e+03 3.502771755017047850e-02
7.056000000000000000e+03 3.365145955049082122e-02
7.057000000000000000e+03 3.227584672364030433e-02
7.058000000000000000e+03 3.090093186503884565e-02
7.059000000000000000e+03 2.952661617999736282e-02
7.060000000000000000e+03 2.815295611994752395e-02
7.061000000000000000e+03 2.692562303968402612e-02
7.062000000000000000e+03 2.569871801316622392e-02
7.063000000000000000e+03 2.447232635282957716e-02
7.064000000000000000e+03 2.324644569083018919e-02
7.065000000000000000e+03 2.202110575208679824e-02
7.066000000000000000e+03 2.079624340040720637e-02
7.067000000000000000e+03 1.957189363949700389e-02
7.068000000000000000e+03 1.834808091985646109e-02
7.069000000000000000e+03 1.712475058477827897e-02
7.070000000000000000e+03 1.590195090282502458e-02
7.071000000000000000e+03 1.513692393533555905e-02
7.072000000000000000e+03 1.437229981316717232e-02
7.073000000000000000e+03 1.360809955614953985e-02
7.074000000000000000e+03 1.284426663429556574e-02
7.075000000000000000e+03 1.208085747617236409e-02
7.076000000000000000e+03 1.131787174520019340e-02
7.077000000000000000e+03 1.055527165858695729e-02
7.078000000000000000e+03 9.793077378049465723e-03
7.079000000000000000e+03 9.031313857192196579e-03
7.080000000000000000e+03 8.269915516809627290e-03
7.081000000000000000e+03 7.865622800187514405e-03
7.082000000000000000e+03 7.461469806861497842e-03
7.083000000000000000e+03 7.057532956144354705e-03
7.084000000000000000e+03 6.653737523016883988e-03
7.085000000000000000e+03 6.250126977167892554e-03
7.086000000000000000e+03 5.846704691595393244e-03
7.087000000000000000e+03 5.443430509282800797e-03
7.088000000000000000e+03 5.040351332095039175e-03
7.089000000000000000e+03 4.637423933066495488e-03
7.090000000000000000e+03 4.234676198249289966e-03
7.091000000000000000e+03 4.040188095736642684e-03
7.092000000000000000e+03 3.845812202833325758e-03
7.093000000000000000e+03 3.651514187855312270e-03
7.094000000000000000e+03 3.457310926408962027e-03
7.095000000000000000e+03 3.263190652884090121e-03
7.096000000000000000e+03 3.069160330130202285e-03
7.097000000000000000e+03 2.875214172769615956e-03
7.098000000000000000e+03 2.681370004516405239e-03
7.099000000000000000e+03 2.487602526754818799e-03
7.100000000000000000e+03 2.293924859056945074e-03
7.101000000000000000e+03 2.204041116400877118e-03
7.102000000000000000e+03 2.114192694002506485e-03
7.103000000000000000e+03 2.024389479522795739e-03
7.104000000000000000e+03 1.934619187099954722e-03
7.105000000000000000e+03 1.844899645040698477e-03
7.106000000000000000e+03 1.755218887142298437e-03
7.107000000000000000e+03 1.665580170458382274e-03
7.108000000000000000e+03 1.575980915535577735e-03
7.109000000000000000e+03 1.486428225024577022e-03
7.110000000000000000e+03 1.396915348696209586e-03
7.111000000000000000e+03 1.351206721485218552e-03
7.112000000000000000e+03 1.305519454704239532e-03
7.113000000000000000e+03 1.259855140255232604e-03
7.114000000000000000e+03 1.214210280079507402e-03
7.115000000000000000e+03 1.168584856221371220e-03
7.116000000000000000e+03 1.122982706069226323e-03
7.117000000000000000e+03 1.077401482464685140e-03
7.118000000000000000e+03 1.031843148573414375e-03
7.119000000000000000e+03 9.863044548765252488e-04
7.120000000000000000e+03 9.407867958492575769e-04
7.121000000000000000e+03 9.188801219521316186e-04
7.122000000000000000e+03 8.969843777174443204e-04
7.123000000000000000e+03 8.750947051411920533e-04
7.124000000000000000e+03 8.532185735711361046e-04
7.125000000000000000e+03 8.313498213781941914e-04
7.126000000000000000e+03 8.094942884414312338e-04
7.127000000000000000e+03 7.876451194333651193e-04
7.128000000000000000e+03 7.658067637683074486e-04
7.129000000000000000e+03 7.439783746435789206e-04
7.130000000000000000e+03 7.221596253650963996e-04
7.131000000000000000e+03 7.003413985934908367e-04
7.132000000000000000e+03 6.785346132731195218e-04
7.133000000000000000e+03 6.567389372486505698e-04
7.134000000000000000e+03 6.349525510730684051e-04
7.135000000000000000e+03 6.131755467920746005e-04
7.136000000000000000e+03 5.914089754262250075e-04
7.137000000000000000e+03 5.696551087508302472e-04
7.138000000000000000e+03 5.479090417580493450e-04
7.139000000000000000e+03 5.261741043650196856e-04
7.140000000000000000e+03 5.044492897120772664e-04
7.141000000000000000e+03 4.956301613227290974e-04
7.142000000000000000e+03 4.868119207280645084e-04
7.143000000000000000e+03 4.779995377021942411e-04
7.144000000000000000e+03 4.691895725351759089e-04
7.145000000000000000e+03 4.603847339490315304e-04
7.146000000000000000e+03 4.515823210402741318e-04
7.147000000000000000e+03 4.427849824497759323e-04
7.148000000000000000e+03 4.339895254230694411e-04
7.149000000000000000e+03 4.251990416806220269e-04
7.150000000000000000e+03 4.164123552146633579e-04
7.151000000000000000e+03 4.076219197442043467e-04
7.152000000000000000e+03 3.988356689064606023e-04
7.153000000000000000e+03 3.900539619819717971e-04
7.154000000000000000e+03 3.812758209428419561e-04
7.155000000000000000e+03 3.725011510004812331e-04
7.156000000000000000e+03 3.637306161329232073e-04
7.157000000000000000e+03 3.549652154329247552e-04
7.158000000000000000e+03 3.462023832793717721e-04
7.159000000000000000e+03 3.374451475114830824e-04
7.160000000000000000e+03 3.286914236825423793e-04
7.161000000000000000e+03 3.199362590627270481e-04
7.162000000000000000e+03 3.111863479167700178e-04
7.163000000000000000e+03 3.024407866012881856e-04
7.164000000000000000e+03 2.936977860355643728e-04
7.165000000000000000e+03 2.849609184394335105e-04
7.166000000000000000e+03 2.762279203828205045e-04
7.167000000000000000e+03 2.674993373634621798e-04
7.168000000000000000e+03 2.587746959618397800e-04
7.169000000000000000e+03 2.500551280232933050e-04
7.170000000000000000e+03 2.413391936929286407e-04
7.171000000000000000e+03 2.326361017603152215e-04
7.172000000000000000e+03 2.239354334223666850e-04
7.173000000000000000e+03 2.152401812431598092e-04
7.174000000000000000e+03 2.065474078122344888e-04
7.175000000000000000e+03 1.978593191455345617e-04
7.176000000000000000e+03 1.891741275832549570e-04
7.177000000000000000e+03 1.804937882851491188e-04
7.178000000000000000e+03 1.718166456986070325e-04
7.179000000000000000e+03 1.631429987708124649e-04
7.180000000000000000e+03 1.544731386832557394e-04
7.181000000000000000e+03 1.518224326844130900e-04
7.182000000000000000e+03 1.491728158581005748e-04
7.183000000000000000e+03 1.465243138394112547e-04
7.184000000000000000e+03 1.438771110205800904e-04
7.185000000000000000e+03 1.412310144924759485e-04
7.186000000000000000e+03 1.385864041735235654e-04
7.187000000000000000e+03 1.359430707490079935e-04
7.188000000000000000e+03 1.333006247253180139e-04
7.189000000000000000e+03 1.306596266639498008e-04
7.190000000000000000e+03 1.280196801383836236e-04
7.191000000000000000e+03 1.253783473594158803e-04
7.192000000000000000e+03 1.227378113200807937e-04
7.193000000000000000e+03 1.200986424322581897e-04
7.194000000000000000e+03 1.174603033175706217e-04
7.195000000000000000e+03 1.148231424040723885e-04
7.196000000000000000e+03 1.121878351711887595e-04
7.197000000000000000e+03 1.095532138939838503e-04
7.198000000000000000e+03 1.069197441949292838e-04
7.199000000000000000e+03 1.042873381591162411e-04
7.200000000000000000e+03 1.016562403542181539e-04
7.201000000000000000e+03 9.901861559655984507e-05
7.202000000000000000e+03 9.638242911555442338e-05
7.203000000000000000e+03 9.374785391425492071e-05
7.204000000000000000e+03 9.111499007602262687e-05
7.205000000000000000e+03 8.848320250154316220e-05
7.206000000000000000e+03 8.585378492080125408e-05
7.207000000000000000e+03 8.322557167354092023e-05
7.208000000000000000e+03 8.059883267397717629e-05
7.209000000000000000e+03 7.797392137150434071e-05
7.210000000000000000e+03 7.535048332971764067e-05
7.211000000000000000e+03 7.273263009063862155e-05
7.212000000000000000e+03 7.011629100286006458e-05
7.213000000000000000e+03 6.750113977291058811e-05
7.214000000000000000e+03 6.488718758947065385e-05
7.215000000000000000e+03 6.227462814877715450e-05
7.216000000000000000e+03 5.966345489617513214e-05
7.217000000000000000e+03 5.705339965383836808e-05
7.218000000000000000e+03 5.444479022680693268e-05
7.219000000000000000e+03 5.183740431053575343e-05
7.220000000000000000e+03 4.923131052043382567e-05
7.221000000000000000e+03 4.876946246530066711e-05
7.222000000000000000e+03 4.830766678451856689e-05
7.223000000000000000e+03 4.784642078989608693e-05
7.224000000000000000e+03 4.738522967924085774e-05
7.225000000000000000e+03 4.692437888897461781e-05
7.226000000000000000e+03 4.646386221534027494e-05
7.227000000000000000e+03 4.600347100162901538e-05
7.228000000000000000e+03 4.554354757162672066e-05
7.229000000000000000e+03 4.508362241505731481e-05
7.230000000000000000e+03 4.462410054067337346e-05
7.231000000000000000e+03 4.416738140016368856e-05
7.232000000000000000e+03 4.371081090914365983e-05
7.233000000000000000e+03 4.325451439383452379e-05
7.234000000000000000e+03 4.279825685554354754e-05
7.235000000000000000e+03 4.234239154001611641e-05
7.236000000000000000e+03 4.188673894811353990e-05
7.237000000000000000e+03 4.143118079073081900e-05
7.238000000000000000e+03 4.097595836273862108e-05
7.239000000000000000e+03 4.052088887327414394e-05
7.240000000000000000e+03 4.006602626972365929e-05
7.241000000000000000e+03 3.960926574181643017e-05
7.242000000000000000e+03 3.915282530807660024e-05
7.243000000000000000e+03 3.869658900602705417e-05
7.244000000000000000e+03 3.824060841330864544e-05
7.245000000000000000e+03 3.778489677657880712e-05
7.246000000000000000e+03 3.732939559054588381e-05
7.247000000000000000e+03 3.687425996993107328e-05
7.248000000000000000e+03 3.641939144434279901e-05
7.249000000000000000e+03 3.596467128374020671e-05
7.250000000000000000e+03 3.551037443141580828e-05
7.251000000000000000e+03 3.505787135174853335e-05
7.252000000000000000e+03 3.460554566712057670e-05
7.253000000000000000e+03 3.415353814126660469e-05
7.254000000000000000e+03 3.370169584986343580e-05
7.255000000000000000e+03 3.325007851854352298e-05
7.256000000000000000e+03 3.279867449306909715e-05
7.257000000000000000e+03 3.234754289828839128e-05
7.258000000000000000e+03 3.189657631456523096e-05
7.259000000000000000e+03 3.144587787913349052e-05
7.260000000000000000e+03 3.099530556488376348e-05
7.261000000000000000e+03 3.056239134487121888e-05
7.262000000000000000e+03 3.012971061962107526e-05
7.263000000000000000e+03 2.969726590933885314e-05
7.264000000000000000e+03 2.926509262790581196e-05
7.265000000000000000e+03 2.883311140389106266e-05
7.266000000000000000e+03 2.840140785448801421e-05
7.267000000000000000e+03 2.796989242459407515e-05
7.268000000000000000e+03 2.753861013802680203e-05
7.269000000000000000e+03 2.710759863449320971e-05
7.270000000000000000e+03 2.667674476049591286e-05
