t = 0
b = 5 5 5
E = 0 0 0
-0.25532054901123047 1.3453702926635742 0.9313879013061523 0.38813376192002885 -0.1764393925927075 -0.9045558709108702 0.634115481975673 0.7633626415279251 0.12318698404567115 0 0 0 0 0 0
-0.5356454849243164 1.0012102127075195 0.47837257385253906 0.7928462585942551 -0.33852320811388115 -0.5067512681793481 0.5052310482381873 0.8301766877399547 0.23568677313175743 0 0 0 0 0 0
-0.5720729827880859 0.5787925720214844 0.0711050033569336 0.8842386697447815 -0.46702570346221667 0.002994533953843041 0.46455597384628444 0.8800975346287876 0.09806159647925566 0 0 0 0 0 0
-0.5160741806030273 0.08339214324951172 -0.08337020874023438 0.7263587814139015 -0.28809543096311657 0.624022390079946 0.48478423774965534 0.858168622654815 -0.16891079870814407 0 0 0 0 0 0
-0.4629478454589844 -0.4192190170288086 0.02666950225830078 0.3489963432294649 -0.050370581660123676 0.9357693930214229 0.530205090000097 0.8338314087143044 -0.1536481186982382 0 0 0 0 0 0
-0.582000732421875 -1.0825319290161133 -0.4401588439941406 0.3732560085471382 -0.07113929790188439 -0.9249968391175645 -0.8039114077226474 0.4729189530980493 -0.360657888218234 0 0 0 0 0 0
-0.08263874053955078 -1.1684751510620117 -0.47383785247802734 0.3395153579352951 0.9405831642851297 -0.005712511657851077 -0.8704867298052185 0.3114696107134483 -0.38110305015183144 0 0 0 0 0 0
0.4511404037475586 -1.1919708251953125 -0.4523801803588867 0.055794631341349175 0.9530124529381299 0.2977485913624644 -0.7656974396091241 0.23207870497795596 -0.5998724078266865 0 0 0 0 0 0
0.7740716934204102 -0.9395112991333008 -0.14789295196533203 -0.14145622977862168 0.7773667252456453 0.6129364645195122 -0.5368598570250158 0.45996436874571645 -0.707258279131064 0 0 0 0 0 0
