t = 0
b = 1000 1000 1000
E = 0 0 0
-0.8333446383476257 -0.32227516174316406 -0.33577728271484375 0.247752897131582 -0.968814215450415 0.0041854395354330096 -0.7498779412147283 -0.19456547913620473 -0.6323190236012669
-0.5439488887786865 -0.6085782051086426 0.10236835479736328 0.5003337190009024 -0.7539116775623755 -0.42577382736120667 -0.8197890884501838 -0.25423776136415516 -0.5131364449681582
-0.06630776077508926 -0.8864035606384277 0.33130979537963867 0.5380064365264728 -0.3376043500212082 -0.7723809792471874 -0.8304043317070267 -0.36958184446470493 -0.41693873185909813
0.5163730978965759 -1.0210351943969727 0.34171104431152344 0.3493622508813177 0.14813544755073962 -0.9252037109945471 -0.7780006166334392 -0.5043508067207099 -0.37462688675288297
1.0875468254089355 -0.9230680465698242 0.19380617141723633 -0.005942588738078814 0.5489223457641751 -0.8358522261499609 -0.6794893055895905 -0.6154337949379105 -0.39941898757782957
1.5344042778015137 -0.5770468711853027 -0.001972675323486328 -0.41508561606787764 0.7375508982511512 -0.5326561778694304 -0.5659385692238023 -0.667803286576219 -0.4834793752611538
1.7835612297058105 -0.046219825744628906 -0.11993694305419922 -0.7481509859796966 0.6540012720382942 -0.11203766487168992 -0.47364993942849504 -0.6446226291447832 -0.6000978260865895
