t = 0
b = 100 100 100
E = 0 0 0
0.15738773345947266 1.322701334953308 2.3921594619750977 0.6912097513098494 -0.7093671382023002 0.1379396351048333 -0.22555590641981516 -0.03046929181305868 0.9737536420140086
0.6369876861572266 1.257555603981018 2.0651960372924805 0.23694045837525327 -0.9632995771841638 0.12614730984740039 -0.1489023471454896 0.09227829273468537 0.9845368493380712
0.9630031585693359 0.9761885404586792 1.7178869247436523 -0.3190256861040873 -0.9372567152486055 0.14061458433324261 -0.08549655771267159 0.17617324149403754 0.9806392443711232
1.1689510345458984 0.4938785135746002 1.391005516052246 -0.7813505769786058 -0.611581551640109 0.12433535920516257 0.015328829851253157 0.18032774043504293 0.983487129048969
1.133864402770996 0.11279406398534775 1.016779899597168 -0.9746974157664795 -0.12731156191417548 0.18373000272443102 0.15020030293958878 0.23488906640340054 0.9603473306470919
0.8327407836914062 -0.23389586806297302 0.6886892318725586 -0.9898899770647909 0.02795487299147813 0.13905523500644731 0.14187337763093893 0.15746921150049017 0.9772795875024727
0.41913414001464844 -0.46549805998802185 0.02994060516357422 -0.9079139234595283 0.32114599684121686 0.269365098520924 0.26630221899060114 -0.05450890974737573 0.9623470823558589
-0.030394554138183594 -0.7430936694145203 -0.3231821060180664 -0.6356948899825065 0.7617090548303952 0.12526500963762852 0.2309928527964563 0.03304360792592996 0.9723941700422685
-0.13461589813232422 -1.6241625547409058 0.07533550262451172 0.11056434922960329 -0.39581162027083916 0.9116516253141916 -0.944003171808201 -0.3287516360880568 -0.027935163960173114
-0.33144664764404297 -0.8729904294013977 0.5081777572631836 -0.29495011804303894 0.9417973234703935 -0.1613140705902629 0.15660315303897926 0.21468713637308132 0.9640461015605924
-0.8121747970581055 -0.5489131808280945 0.1916494369506836 0.39282571446134784 0.919097847118345 0.03077507888462263 0.2956675778653181 -0.1578505378654384 0.9421591644169511
-1.0473346710205078 -0.05458281189203262 -0.0952920913696289 0.7879161220817639 0.603263051743733 -0.12353896132181663 0.24062136415697463 -0.11682671441305913 0.963562596778583
-1.01837158203125 0.4134434759616852 -0.4595346450805664 0.9705645256654749 0.0547427298362833 -0.2345372785930277 0.23373410753760257 0.021468864836190215 0.9720635034894818
-0.8836965560913086 0.5843762159347534 -0.9071893692016602 0.8922144531658913 -0.4356179304742054 -0.11912341588143026 0.19133679750806465 0.12414439933768473 0.9736418222490464
-0.5803117752075195 0.4947735369205475 -1.387791633605957 0.5784678826976617 -0.8142737071888143 0.04830360719728071 0.2666190411155014 0.2446210491391021 0.9322418298020829
-0.40157127380371094 0.12958112359046936 -1.8235177993774414 -0.061707500690940366 -0.9665394463373951 0.24898530686022272 0.4680927018259129 0.19171161274035944 0.8626331085912524
-0.49491119384765625 -0.38898107409477234 -2.1416406631469727 -0.693400128752943 -0.3961766292887306 0.6018640542936768 0.6092730867685832 0.12343130478410054 0.7832949755607889
-0.8785953521728516 -0.8323027491569519 -2.3232011795043945 -0.7291504770330747 0.09942974596955713 0.6770918013525706 0.6776136735966831 -0.03351263360961447 0.734654076925566
