t = 0
b = 1000 1000 1000
E = 0 0 0
-1.1023876667022705 -0.72174072265625 -0.6665301322937012 0.06038547683251859 -0.2940398221994434 0.95388373355909 -0.294036374762311 -0.9184617375496369 -0.2645196532848548
-0.30351391434669495 -0.39997968077659607 -0.8976995944976807 0.5337003425690654 -0.4331887961660313 0.7262998080805797 -0.42661975132238045 -0.8794619570345353 -0.21105035870762046
0.4173334836959839 0.57061767578125 -0.9948304891586304 0.4570806929472615 0.1506033449424297 0.8765819257930217 0.15061281738470741 0.9582223001348316 -0.24315797902547545
0.6921769380569458 0.1533203125 -0.6661386489868164 -0.06086644274217332 0.29419073716166344 0.9538066294150983 0.29415917097138566 0.918433801695681 -0.26448012030442913
0.7381823062896729 -0.2005615234375 -0.18613611161708832 -0.5368142261706179 0.4261810886308391 0.7281484507119914 0.4261460652825693 0.881833150171777 -0.2019153939210783
0.5128472447395325 -0.47918701171875 0.29275500774383545 -0.8196219444963979 0.5046122606746264 0.2712680122623864 0.5046674912004142 0.860029115448369 -0.0752372507909209
0.05983224883675575 -0.69464111328125 0.6184654235839844 -0.8194692479127931 0.5046025083848821 -0.2717470519746747 0.5046027336844732 0.8600561850953091 0.07536205701452371
-0.5049039125442505 -0.879150390625 0.6875678300857544 -0.536423301739393 0.4261625698735834 -0.7284473250618408 0.42612228902243743 0.8818244477360525 0.20200355980349596
-1.02992582321167 -1.07464599609375 0.478118896484375 -0.06038547790542649 0.2940398274238395 -0.9538837318807213 0.29403640298183525 0.9184618085476216 0.2645193753979774
