t = 0
b = 4 4 4
E = 0 0 0
-1.0185966491699219 -0.1059170588850975 -1.2965221405029297 -0.3454206479920516 -0.4500669939520525 0.8234830155478097 -0.06947565422741407 -0.8628128868333056 -0.5007265279412009 0 0 0 0 0 0
-1.0879249572753906 0.26973095536231995 -0.9435920715332031 -0.016374585050997797 -0.5890982184480716 0.8078955142750305 -0.33552241513981546 -0.7580908148246318 -0.559216438793846 0 0 0 0 0 0
-1.1270179748535156 0.40150490403175354 -0.3312244415283203 0.5274830132664154 -0.6502771544049281 0.5467186599837359 -0.5375523490076096 -0.7539210676075804 -0.37767776727502417 0 0 0 0 0 0
-0.87945556640625 0.4681989252567291 0.18481826782226562 0.7847916535517627 -0.6095399711605806 0.112085164375347 -0.5455743211942106 -0.7654551867543267 -0.3412140341843745 0 0 0 0 0 0
-0.3485145568847656 0.564616858959198 0.39897727966308594 0.4553618402282616 -0.4696873399720677 -0.7563328613341447 -0.521943280837094 -0.8291229565540653 0.20032557126851386 0 0 0 0 0 0
0.09258079528808594 0.23476210236549377 0.6924667358398438 0.8921616166279112 -0.11515369834717125 -0.4367920278265629 -0.34427020816692433 0.4540783502004379 -0.8217608384730626 0 0 0 0 0 0
0.49276161193847656 -0.21850308775901794 0.7630386352539062 0.8600373176961661 0.5005315237912108 -0.09901517995354307 -0.32051674084849674 0.37815724664835654 -0.8684849541835437 0 0 0 0 0 0
0.9682388305664062 -0.3603881299495697 0.9248905181884766 0.75832341626534 0.651874343232827 -0.0023317329251581523 -0.24261824397866855 0.2789510141304731 -0.9291516127114497 0 0 0 0 0 0
