t = 0
b = 6 6 6
E = 0 0 0
1.8782176971435547 0.42185893654823303 0.9220905303955078 -0.7583219522514778 -0.6518760463278785 0.002331728423530941 0.24262308692144197 -0.2789375309354256 0.9291543959581523 0 0 0 0 0 0
1.5939674377441406 0.24577584862709045 0.40069007873535156 -0.8922991959037061 -0.42629768770336224 0.1485679186377941 0.3097788730514582 -0.3399572998773732 0.8879561273345965 0 0 0 0 0 0
1.1757984161376953 0.1814533770084381 0.048248291015625 -0.8606920855093055 0.1700582125461634 0.47988471353778944 0.3699419998857973 -0.4378730072630482 0.8193962083332528 0 0 0 0 0 0
0.6178665161132812 0.4477626383304596 -0.5747089385986328 0.41938760252228524 0.8875121844749558 -0.19088258500738584 0.37325082872746135 0.023138137505213773 0.927441882517203 0 0 0 0 0 0
0.13185882568359375 -0.18406972289085388 -0.8911914825439453 -0.9038777687428091 0.4000584449227772 0.15151970109028684 0.4235817673526832 0.8859668328012733 0.18878892325149196 0 0 0 0 0 0
0.44021034240722656 -0.22092410922050476 -0.3280372619628906 -0.5696675735372063 0.5362088312717329 0.6228635042498747 0.537011079677439 0.816434766592054 -0.2122577965669326 0 0 0 0 0 0
0.0677947998046875 -0.40013179183006287 0.1546192169189453 -0.7327383081380394 0.6272965498627204 -0.2638060088726777 0.5411199510059852 0.7720374363455456 0.3333877554804287 0 0 0 0 0 0
-0.47537803649902344 -0.5403178334236145 0.17588424682617188 -0.4592423672103997 0.6424153141905077 -0.6135136610153842 0.5708331186643276 0.7425646132499812 0.3503531729339178 0 0 0 0 0 0
-1.0451126098632812 -0.5610156655311584 -0.005771636962890625 0.0860735810642356 0.48662250216930913 -0.8693617653343509 0.3418717651771085 0.8054601897431451 0.4841049255209293 0 0 0 0 0 0
-1.4331035614013672 -0.6459994912147522 -0.30834197998046875 0.3454163240381241 0.4500683739501211 -0.8234840750481359 0.06944620830325983 0.8628138050880958 0.5007290304163536 0 0 0 0 0 0
