t = 0
b = 1000 1000 1000
E = 0 0 0
1.757655382156372 0.5922863483428955 -1.3477262258529663 0.8559115048417558 0.04872710257069276 0.5148214888236371 0.3980291684987511 0.5733289472642853 -0.7161471212348892
1.7353914976119995 0.12124403566122055 -0.9725574254989624 0.7603885484566733 0.38613911014444197 0.5222124500553506 0.4124871991712327 0.33293313679958303 -0.8479444775105633
1.550248146057129 0.0014848479768261313 -0.5384304523468018 0.4088363170445769 0.9125182126549065 -0.012781918420999776 0.5084531010483975 -0.23873232327972338 -0.827334467948564
1.3711830377578735 -0.008834831416606903 0.033797722309827805 0.3426781152084518 0.932623313489117 0.11307282827347702 0.8392747273584826 -0.2524884522670084 -0.4815262334381742
1.037904143333435 0.22738447785377502 0.38875144720077515 0.17761199494229493 0.8801342711129632 -0.44024725333052483 0.9727688618922234 -0.22477463307832457 -0.056542954091673446
0.5502309799194336 0.5451139211654663 0.49800774455070496 0.12212678872933994 0.5173797940540209 -0.8469965738887484 0.9836245785103922 0.05077451394621079 0.1729295731903004
0.0495871938765049 0.616215705871582 0.40931132435798645 0.4953526580189161 -0.3084744492993869 -0.8120771258464523 0.8482236514136794 0.37489177195199425 0.3741293847122125
-0.5940043926239014 0.25802358984947205 0.2491564303636551 0.38465104108196024 -0.6632751957892948 -0.6419576241818744 0.8516824428550038 0.5231917795911657 -0.030122720673306874
-0.9832958579063416 0.7372102737426758 -0.02168869785964489 0.304380976636533 0.9520710244186775 -0.030215650318337756 -0.9157347730886075 0.30130772727864885 0.26578840990256125
-0.8588874340057373 -0.1521609127521515 -0.24365508556365967 0.6050547996467497 -0.7058972910898101 0.3682630905432957 0.7768654495172344 0.6237259863202399 -0.0862900187462555
-0.9652652144432068 -0.7197998762130737 -0.3434191644191742 0.37989392934174937 -0.42676508491316617 0.820702238785995 0.8451712510501933 0.5207821980356676 -0.1202973757294404
-1.172063946723938 -1.2513786554336548 -0.02324250154197216 0.21719933441733716 0.3097483642032361 0.9256783458643099 0.9617054467922815 0.09449002780510027 -0.2572824678353536
-1.6401385068893433 -1.3992557525634766 0.3494941294193268 0.3112662495295204 0.7296587576243174 0.6088607552847891 0.9229154797275099 -0.3848527113263294 -0.010742805225512434
-2.12345814704895 -1.217245101928711 0.5024991631507874 0.3866934756187587 0.7807475287825354 0.49081712705838665 0.749974470759224 -0.5761648802152282 0.32491894991827364
-2.456188917160034 -0.6854974031448364 0.5042149424552917 0.7987105163268862 0.36613014189126125 -0.47750416784309213 0.6015613472435298 -0.47593985930255645 0.6415646466488095
-2.709312677383423 -0.04049399122595787 0.5233318209648132 0.030961630956624197 0.5013221494791217 0.8647065859874891 -0.9714227055687892 -0.1885744980127505 0.14414432283184922
-2.171487331390381 0.11239425837993622 0.567789614200592 -0.28309581391115324 -0.4530283258731427 0.8453532374709163 -0.9235988303235724 0.36631899723225164 -0.11302916832254674
-1.6673481464385986 0.09516525268554688 0.7024641036987305 -0.7116919425570062 -0.6124032004513726 0.3441756803964375 -0.702236644165478 0.607579836792332 -0.371093569756485
-1.4976857900619507 -0.19299708306789398 1.016956090927124 -0.3197762373663849 -0.7596324020126726 -0.5663053697681621 -0.7133251115919839 0.5863890096926481 -0.38381664174962415
-1.2164604663848877 -0.6074093580245972 1.281986951828003 -0.3555750622698782 -0.6630461990063772 -0.6587382735768189 -0.8670674745253768 0.49710642270921146 -0.03285116621120188
-0.8501659035682678 -0.9824784994125366 1.1771010160446167 -0.17126885201680775 -0.22823866403957677 -0.9584227107942894 -0.9852116052010569 0.04993638860834015 0.16390378296401104
-0.4226435422897339 -1.1791664361953735 0.7727288007736206 -0.47708994440804764 0.4715358338685332 -0.7416462379885932 -0.8543758017581452 -0.44720463501888846 0.2646696125129391
-0.06763114780187607 -0.9546816945075989 0.47137442231178284 -0.6241119881644008 0.7023593831086542 -0.34230910474118187 -0.775314736495644 -0.6110374030755634 0.1597509042708716
0.5976693034172058 -0.6178862452507019 -0.018080422654747963 0.014166832452584988 0.9992348370441596 0.036456018647026425 0.8325594524272238 -0.03152205845061562 0.5530380800678351
0.448669970035553 -1.2479794025421143 -0.40777698159217834 -0.2904805292268359 0.27388689556568485 -0.9168462415135316 -0.06686157089152649 0.9500958547751961 0.3047087085675547
-0.2701358497142792 -1.4641281366348267 -0.6450815796852112 -0.6011150054630717 0.6969666506930574 0.39102204289379006 -0.7059135597439776 -0.692485172299142 0.14882987709265
-0.16267001628875732 -1.0219842195510864 -0.6919804811477661 -0.279768084739053 0.5329361089682512 0.7985667927726663 -0.787719920137541 -0.6028880655248401 0.1265832053086919
-0.06306608766317368 -0.44862988591194153 -0.6890761852264404 -0.3845040540973555 0.5785494823939985 0.719331028667841 -0.9024460567053318 -0.3999379849827847 -0.1601272085090688
0.44948485493659973 0.2329624742269516 -0.6203137636184692 -0.3387007786164413 0.3341494052966441 0.879560093174148 0.9331702527166283 0.21932538688044267 0.284762452079849
-0.15181243419647217 0.5503581762313843 -0.8915613889694214 0.36273450928923634 0.31456756024992977 0.8771949189371219 -0.7536808624698744 0.6526389208904748 0.07763759711366043
0.2590857148170471 1.0985840559005737 -0.8751789927482605 0.1105730123177953 -0.7649356839335907 0.6345447252889417 0.8769676522253815 0.3756446522271996 0.29969790156657516
0.48899632692337036 1.46426522731781 -1.4354008436203003 0.04503101169799854 0.9507569795967121 -0.30664861606338895 -0.8318160204964166 -0.13398408542429016 -0.5386375153092491
0.7926957607269287 1.1024775505065918 -0.6450814008712769 -0.19517853896872817 -0.639773012544502 0.7433678970373723 -0.9485242795168916 -0.06885167092138794 -0.30912964687699357
1.2639504671096802 1.261459231376648 -0.3004720211029053 -0.24645656273782823 -0.9319782229289013 0.265849120122189 -0.9691099975990253 0.23936401705180088 -0.05941952452218412
1.777211308479309 1.243588924407959 -0.15012259781360626 -0.5468070211561725 -0.8294139354250741 -0.11434424050648181 -0.8375189437973337 0.5436752374691192 0.054582551639653254
2.301452398300171 0.9767877459526062 -0.10693171620368958 -0.5206555212619809 -0.8375287191932134 -0.16572106898638644 -0.7509721407843571 0.3573594364704996 0.5552792783196998
2.656275987625122 0.6544989943504333 -0.3841128647327423 -0.6572501967282732 -0.4476815604901224 -0.6063030589546576 -0.5978625992470139 -0.1796672716253959 0.7812041883709345
2.933257818222046 0.4790004789829254 -0.900687575340271 -0.8912774048930728 0.009340267317210065 -0.45336226897869714 -0.3884050911399795 -0.5306806693366944 0.753338909368753
