t = 0
b = 1000 1000 1000
E = 0 0 0
-0.7161328871881306 1.8244206627102555 -2.345397426091007 -0.5637874121101291 -0.04677642321839726 -0.8245942761001055 -0.34879723542007296 0.9184795048964953 0.186375662704128
-0.9151742988941525 1.3244820957784973 -2.6065157759233486 -0.10486599842160052 0.20227299112832847 -0.9736984951385311 -0.4760674072305407 0.84941198961442 0.2277259222663577
-0.9229984659053011 0.922718488397957 -3.0495322915229686 0.3460470822751318 0.4611384541885357 -0.8170696071434036 -0.6011166717453791 0.7776222430984091 0.18428888731650947
-0.6864383816719055 0.6557644605636597 -3.5295016765594482 0.6454524287717345 0.6479521727366054 -0.4044120968005053 -0.6842363162072783 0.7259067161982613 0.06985773372612436
-0.22560831904411316 0.46361204981803894 -3.758897304534912 0.6205302612796915 0.668890451508264 0.4093015498593043 -0.7246887783692525 0.6884793895638495 -0.028675854851589945
-0.07147923111915588 -0.4193187355995178 -4.1138811111450195 -0.6960165597920378 -0.5797985277149755 0.4235500156472707 0.0473533823024621 -0.624926410949604 -0.779246198631834
0.41839364171028137 0.4792974889278412 -3.842913866043091 0.3262313736292655 0.4415922465319654 0.8358046294815639 -0.5682442702102534 0.7980623556448964 -0.20048672244249902
0.9861887097358704 0.4405151903629303 -3.532466411590576 -0.2337830125525281 0.15672594162241807 0.9595741150450188 -0.4383299163716254 0.8637593035856885 -0.24856940657049986
1.299974799156189 0.32095855474472046 -3.1260905265808105 -0.5944739964264709 -0.07315180201489187 0.8007805451150235 -0.45391625568361493 0.8520724076654741 -0.2606389167436996
1.9743653535842896 0.4067319929599762 -2.8393185138702393 0.6538656163993691 0.7504447331567179 0.09639739710186894 0.7548884278708967 -0.6395058476665072 -0.14551883818581138
1.3693817853927612 0.16263125836849213 -2.4509997367858887 -0.6926643199370254 -0.56056673878119 -0.4538513757370348 -0.37093221160838047 0.8166567004282352 -0.442132477925998
0.6451422572135925 0.40342026948928833 -1.8179621696472168 -0.7870274103684857 -0.5591066228945635 0.2607443950770788 -0.2263806706890694 -0.1329016637705822 -0.9649294998627508
0.8823954463005066 0.9817730784416199 -2.3984696865081787 0.015574991315453682 -0.11367916777964283 -0.9933954230106213 0.5387633240171252 -0.8361555930933836 0.10284894181599458
0.806831955909729 1.2692348957061768 -2.8825974464416504 -0.29688267354251807 -0.6018179341749481 -0.7414012761356998 0.5677111236296889 -0.7359479680583513 0.3688965551721783
0.5378544926643372 1.402793288230896 -3.4520387649536133 -0.6969122911582363 -0.6210712550177168 -0.35858577024652816 0.5874394392585958 -0.781335820748249 0.21078244808144495
0.11985889822244644 1.458047866821289 -3.8447823524475098 -0.6426123272161912 -0.5418724703950081 0.5416859078264838 0.6816851965846972 -0.7270183007707937 0.08215645502107753
-0.476622262119363 1.4999680656416068 -3.8629568048624963 -0.3382377915287924 -0.2715660831528845 0.9010255594946938 0.5972000184799455 -0.8019012839908016 -0.0175062463554152
-1.0068635361880405 1.646690094865038 -3.6283173275500546 0.11497624888604352 0.012954565686742234 0.9932837668158896 0.4715126413603839 -0.8808058432058605 -0.043091711636543906
-1.353229628372732 1.9399687343248195 -3.238757297875299 0.5728449874982758 0.22162856771252235 0.7891320537602031 0.34453440218549325 -0.9386762656748018 0.013524569105659356
-0.5072675943374634 -1.1229463815689087 0.45142456889152527 0.03540867620071726 0.8503412266031505 -0.5250390690117854 0.0 -0.5250390690117854 -0.8503412266031505
-0.2559175491333008 -1.0136483907699585 0.08971993625164032 0.020632441011693158 0.8600036156535881 -0.5098706536374249 0.0 -0.5098706536374249 -0.8600036156535881
-0.17643877863883972 -1.1248247623443604 -0.3308013081550598 0.013804930646686465 0.8736715248993403 -0.48632035786084615 0.0 -0.48632035786084615 -0.8736715248993403
0.1704736351966858 -0.8445945978164673 -0.3235225975513458 -0.007912525039931256 0.8694835645972571 -0.4938984944730443 0.0 -0.4938984944730443 -0.8694835645972571
0.4521125257015228 -1.1770670413970947 -0.22948645055294037 -0.028541046293182788 0.8715211896467512 -0.489526531122882 0.0 -0.489526531122882 -0.8715211896467512
0.7895156741142273 -1.3808706998825073 -0.4177935719490051 -0.04895591851403378 0.8796239643234451 -0.4731437407705545 0.0 -0.4731437407705545 -0.8796239643234451
0.7270596623420715 -1.6908026933670044 -0.728782057762146 -0.04632355540245793 0.8921075320180276 -0.4494421870848122 0.0 -0.4494421870848122 -0.8921075320180276
0.9556344747543335 -1.936517596244812 -1.0188735723495483 -0.060254938142873436 0.9023023126024357 -0.42687220464876274 0.0 -0.42687220464876274 -0.9023023126024357
0.9780575633049011 -1.7241438627243042 -1.4096931219100952 -0.06307868379703017 0.9096947737527415 -0.410458887414297 0.0 -0.410458887414297 -0.9096947737527415
1.2258857488632202 -2.03806734085083 -1.6066876649856567 -0.07814363493863337 0.9168407799766709 -0.3915310415412131 0.0 -0.3915310415412131 -0.9168407799766709
1.176343560218811 -2.455770969390869 -1.47367525100708 -0.07439332915874788 0.9183431145277825 -0.3887306992972002 0.0 -0.3887306992972002 -0.9183431145277825
1.544622540473938 -2.692328929901123 -1.561371922492981 -0.09533575094529628 0.920862910161099 -0.3780510485124041 0.0 -0.3780510485124041 -0.920862910161099
1.4375550746917725 -3.0668299198150635 -1.3579204082489014 -0.024840766515036836 0.92379349972316 -0.38208442285466343 0.0 -0.38208442285466343 -0.92379349972316
1.510811686515808 -2.9497835636138916 -0.9317640066146851 -0.029301250411599214 0.9129106926592921 -0.4071062563418156 0.0 -0.4071062563418156 -0.9129106926592921
1.9212367534637451 -2.7844865322113037 -1.0063120126724243 -0.11722401314658713 0.9069821505022093 -0.404526772182258 0.0 -0.404526772182258 -0.9069821505022093
2.049787998199463 -2.4340522289276123 -1.2433394193649292 -0.06514823659425505 0.9133096680751056 -0.40202133956943076 0.0 -0.40202133956943076 -0.9133096680751056
1.627623200416565 -2.298339605331421 -1.175600528717041 -0.1035185163219594 0.9072943982756444 -0.40755464864989166 0.0 -0.40755464864989166 -0.9072943982756444
1.5938124656677246 -1.859856367111206 -1.2139898538589478 -0.10297432881881848 0.9031257892304928 -0.4168454107113493 0.0 -0.4168454107113493 -0.9031257892304928
1.3659420013427734 -1.6845805644989014 -0.8761171102523804 -0.08851167564256458 0.89400545793649 -0.43922650700374677 0.0 -0.43922650700374677 -0.89400545793649
1.2250639200210571 -1.2666420936584473 -0.8880917429924011 -0.08158433801531396 0.8886298170727348 -0.45131036327551893 0.0 -0.45131036327551893 -0.8886298170727348
1.139832615852356 -1.0579075813293457 -0.4949243366718292 -0.07473456635569545 0.8754363766245472 -0.4775205703151539 0.0 -0.4775205703151539 -0.8754363766245472
0.9006919860839844 -0.6909200549125671 -0.39595744013786316 -0.060749013978322414 0.8671589969984045 -0.4943124833800808 0.0 -0.4943124833800808 -0.8671589969984045
1.1364281177520752 -0.3143058121204376 -0.41791096329689026 -0.0776916464074029 0.8597180779764779 -0.5048255485600325 0.0 -0.5048255485600325 -0.8597180779764779
0.8826126456260681 0.044933442026376724 -0.4485519528388977 -0.06127535078844376 0.8553275333642597 -0.5144513019273685 0.0 -0.5144513019273685 -0.8553275333642597
0.44682958722114563 0.15963172912597656 -0.4810713231563568 -0.032321856258516336 0.8550242018834183 -0.5175798603130027 0.0 -0.5175798603130027 -0.8550242018834183
0.46678733825683594 0.5907188653945923 -0.567946195602417 -0.03158410981659701 0.849372218526198 -0.526848439689231 0.0 -0.526848439689231 -0.849372218526198
0.12609702348709106 0.7917050123214722 -0.779028594493866 -0.005714667528861342 0.8529707941696187 -0.5219273578465539 0.0 -0.5219273578465539 -0.8529707941696187
-0.10881727933883667 0.42436522245407104 -0.8542810082435608 0.08736298521185507 0.8594949782847029 -0.5036229652411129 0.0 -0.5036229652411129 -0.8594949782847029
0.217667818069458 0.22126591205596924 -1.0816818475723267 -0.012759384203317074 0.873645460285099 -0.48639573172262657 0.0 -0.48639573172262657 -0.873645460285099
0.34539732336997986 -0.15593530237674713 -0.8752953410148621 -0.02310589499803311 0.8738176768868303 -0.4857044216150833 0.0 -0.4857044216150833 -0.8738176768868303
0.7668577432632446 -0.278381884098053 -0.9608787894248962 -0.05117669994647327 0.8778570656405356 -0.476180551563771 0.0 -0.476180551563771 -0.8778570656405356
0.97981858253479 -0.665679395198822 -0.8979532122612 -0.06923831608140034 0.8810073698600587 -0.4680086215428878 0.0 -0.4680086215428878 -0.8810073698600587
1.4211193323135376 -0.7259047627449036 -0.9608787894248962 -0.09711392451605902 0.8820455782258905 -0.4610471598407735 0.0 -0.4610471598407735 -0.8820455782258905
1.6837396621704102 -1.085378885269165 -0.936577320098877 -0.1130490628023882 0.8844934923263633 -0.45264905990382337 0.0 -0.45264905990382337 -0.8844934923263633
2.0301826000213623 -1.0931271314620972 -0.6532948613166809 -0.13568838180110243 0.8748928253538736 -0.46492064611986716 0.0 -0.46492064611986716 -0.8748928253538736
2.457630157470703 -0.9677456021308899 -0.7071807384490967 -0.16500073894841225 0.8700532847248265 -0.4645234524607105 0.0 -0.4645234524607105 -0.8700532847248265
2.5894687175750732 -0.6182504296302795 -0.9531304836273193 -0.17863668085551704 0.8696797752510027 -0.46005869520447995 0.0 -0.46005869520447995 -0.8696797752510027
2.241617202758789 -0.36877870559692383 -1.0693550109863281 -0.1604356562012214 0.872138870550797 -0.46220578825201203 0.0 -0.46220578825201203 -0.872138870550797
2.466552495956421 -0.33590713143348694 -1.4572393894195557 -0.17595220217035204 0.880868102108709 -0.43944534272057584 0.0 -0.43944534272057584 -0.880868102108709
2.4163060188293457 -0.7711032032966614 -1.5532714128494263 -0.16765203222043232 0.8907655385192166 -0.42240922276736464 0.0 -0.42240922276736464 -0.8907655385192166
2.0110466480255127 -0.8201757669448853 -1.370951533317566 -0.1401409431280128 0.8907117937992798 -0.4324268914464738 0.0 -0.4324268914464738 -0.8907117937992798
1.6230446100234985 -0.9476704597473145 -1.5435272455215454 -0.11223900946620699 0.8992571026887144 -0.42277543450151334 0.0 -0.42277543450151334 -0.8992571026887144
1.2947986125946045 -0.6582832932472229 -1.4889370203018188 -0.09076583123872749 0.8969511877727381 -0.4327125265492291 0.0 -0.4327125265492291 -0.8969511877727381
0.84844970703125 -0.6871632933616638 -1.4836541414260864 -0.05917663174650305 0.8988246928719248 -0.43429517351546626 0.0 -0.43429517351546626 -0.8988246928719248
0.5645802617073059 -0.3482339680194855 -1.4270679950714111 -0.03818269922896647 0.8934208877896169 -0.44759490473060876 0.0 -0.44759490473060876 -0.8934208877896169
0.12093149125576019 -0.3422466516494751 -1.4213155508041382 -0.00692948787579443 0.893708373664655 -0.4485948339420065 0.0 -0.4485948339420065 -0.893708373664655
-0.1979227066040039 -0.03689327836036682 -1.3691905736923218 0.018311105882129648 0.8873421343145607 -0.4607479138004353 0.0 -0.4607479138004353 -0.8873421343145607
-0.6401626467704773 -0.0034347185865044594 -1.4322335720062256 0.050767832448630014 0.887834202949795 -0.4573544088133075 0.0 -0.4573544088133075 -0.887834202949795
-0.8757813572883606 0.3603830933570862 -1.5218086242675781 0.0727991350642635 0.882494558954145 -0.4646543224271395 0.0 -0.4646543224271395 -0.882494558954145
-1.2880847454071045 0.4530104696750641 -1.657755970954895 0.1019806405772508 0.8841601829268687 -0.4559174485300817 0.0 -0.4559174485300817 -0.8841601829268687
-1.1763213872909546 0.5498641729354858 -2.079685926437378 0.09761506610418222 0.895586429962248 -0.4340463631191388 0.0 -0.4340463631191388 -0.895586429962248
-1.5853376388549805 0.691329300403595 -2.174778699874878 0.13098607246611013 0.8929637526515839 -0.43064879573766845 0.0 -0.43064879573766845 -0.8929637526515839
-1.9983453750610352 0.6763023138046265 -2.0141777992248535 0.1620528958588285 0.8845493189974414 -0.437391542219246 0.0 -0.437391542219246 -0.8845493189974414
-2.05645751953125 0.24568478763103485 -2.1064529418945312 0.16107086078423521 0.8935192726343638 -0.4191413690357738 0.0 -0.4191413690357738 -0.8935192726343638
-1.6422758102416992 0.09576696902513504 -2.1117358207702637 0.13025070708286138 0.8995647827986617 -0.41691480526938746 0.0 -0.41691480526938746 -0.8995647827986617
-1.3284697532653809 -0.004373906180262566 -1.8288055658340454 0.10457889022877379 0.8966514389355308 -0.43020861541043093 0.0 -0.43020861541043093 -0.8966514389355308
-0.9219189286231995 -0.05966857448220253 -2.006664276123047 0.07449185812328064 0.9039350006449983 -0.42113237548574667 0.0 -0.42113237548574667 -0.9039350006449983
-0.5615056753158569 -0.28119945526123047 -1.860737919807434 0.04406931570223704 0.9052585872274899 -0.42256926729759414 0.0 -0.42256926729759414 -0.9052585872274899
-0.14990673959255219 -0.16591417789459229 -1.9948070049285889 0.014818890305155957 0.9081810320064634 -0.41831520841800474 0.0 -0.41831520841800474 -0.9081810320064634
0.14523297548294067 -0.4941602349281311 -1.918967604637146 -0.008589190525312925 0.91019382354496 -0.4140935031930905 0.0 -0.4140935031930905 -0.91019382354496
0.5801942348480225 -0.4673933982849121 -2.03249192237854 -0.040236990067900685 0.9126504119149339 -0.40675571325032095 0.0 -0.40675571325032095 -0.9126504119149339
0.9152494072914124 -0.7652332782745361 -2.007603406906128 -0.0644711701386848 0.9139746337467124 -0.400616820775803 0.0 -0.400616820775803 -0.9139746337467124
1.3537325859069824 -0.7263743877410889 -2.0876691341400146 -0.09575580672785403 0.9140787091003356 -0.39406971343578473 0.0 -0.39406971343578473 -0.9140787091003356
1.6145919561386108 -1.084557056427002 -2.151298999786377 -0.11333427381100593 0.9171371183998835 -0.38211889305933305 0.0 -0.38211889305933305 -0.9171371183998835
2.05237078666687 -0.9787810444831848 -2.1471900939941406 -0.14481465377457503 0.9128276393098943 -0.3818041604855496 0.0 -0.3818041604855496 -0.9128276393098943
2.3923566341400146 -1.1564048528671265 -2.3601508140563965 -0.16664294207943203 0.9158260231021034 -0.36536669971974284 0.0 -0.36536669971974284 -0.9158260231021034
2.6748173236846924 -1.1774191856384277 -2.018756151199341 -0.1851261375106931 0.9053769859350178 -0.3821267153047462 0.0 -0.3821267153047462 -0.9053769859350178
3.0948691368103027 -1.0553247928619385 -2.113144636154175 -0.21512695180148966 0.9002584980058738 -0.3784904640500311 0.0 -0.3784904640500311 -0.9002584980058738
3.4643218517303467 -0.858917236328125 -1.9577090740203857 -0.24117141755697105 0.8889151154756578 -0.3894435322770927 0.0 -0.3894435322770927 -0.8889151154756578
3.6022651195526123 -0.4709153473377228 -2.114788055419922 -0.25849861173430866 0.8846080141374271 -0.3881328755146527 0.0 -0.3881328755146527 -0.8846080141374271
4.036287307739258 -0.3863884508609772 -2.115962266921997 -0.28834581973702916 0.8754835897222893 -0.3877952712026732 0.0 -0.3877952712026732 -0.8754835897222893
4.167421340942383 0.027675870805978775 -2.1817052364349365 -0.3066260336911416 0.8672007623062791 -0.3923561052389109 0.0 -0.3923561052389109 -0.8672007623062791
4.578198432922363 0.1723107546567917 -2.0971784591674805 -0.2675463758294037 0.8735113990416936 -0.4066900201932359 0.0 -0.4066900201932359 -0.8735113990416936
4.63619327545166 -0.1980813443660736 -1.8612074851989746 -0.2632667004989495 0.8727917619629435 -0.41100509079331005 0.0 -0.41100509079331005 -0.8727917619629435
4.2957377433776855 -0.10052323341369629 -1.5886082649230957 -0.3066632872307527 0.8525083494830282 -0.42330502279863375 0.0 -0.42330502279863375 -0.8525083494830282
3.978057622909546 -0.4083419740200043 -1.6215972900390625 -0.28036371794998854 0.8642697424632927 -0.4176529634992346 0.0 -0.4176529634992346 -0.8642697424632927
3.549553155899048 -0.3528124988079071 -1.520399808883667 -0.25185892347490246 0.8683424551621461 -0.4272569054199585 0.0 -0.4272569054199585 -0.8683424551621461
3.205223560333252 -0.6413779258728027 -1.5145299434661865 -0.22456002791644308 0.8782730033745496 -0.4221484637015923 0.0 -0.4221484637015923 -0.8782730033745496
2.9280457496643066 -0.5132961869239807 -1.8387844562530518 -0.20862250328797813 0.8880983386366953 -0.40958270475277536 0.0 -0.40958270475277536 -0.8880983386366953
2.607900381088257 -0.660044252872467 -2.106218099594116 -0.18779786044511024 0.9012474170040369 -0.39049335071904945 0.0 -0.39049335071904945 -0.9012474170040369
2.7737841606140137 -0.6953811645507812 -2.52122163772583 -0.20015012739293866 0.9097621162636651 -0.3636933025449433 0.0 -0.3636933025449433 -0.9097621162636651
2.3523237705230713 -0.6105021238327026 -2.6598691940307617 -0.1725715522602583 0.9168087546557246 -0.3601121585521713 0.0 -0.3601121585521713 -0.9168087546557246
1.9244065284729004 -0.6728406548500061 -2.542588233947754 -0.1398006899961252 0.9211542925126197 -0.3632224338641304 0.0 -0.3632224338641304 -0.9211542925126197
1.5368741750717163 -0.8134840130805969 -2.723029613494873 -0.11108549656914848 0.9290850529058206 -0.3527902732771618 0.0 -0.3527902732771618 -0.9290850529058206
1.1851484775543213 -0.5614295601844788 -2.62664532661438 -0.08431504497587618 0.927235845299649 -0.36486252257824636 0.0 -0.36486252257824636 -0.927235845299649
0.7784802317619324 -0.7408143877983093 -2.5848515033721924 -0.056287433155604305 0.9294160240803758 -0.36471575103274556 0.0 -0.36471575103274556 -0.9294160240803758
0.4519951343536377 -0.43546101450920105 -2.5650112628936768 -0.030264624036202 0.9269703336220982 -0.373911825323141 0.0 -0.373911825323141 -0.9269703336220982
0.031708668917417526 -0.5742259621620178 -2.5175821781158447 0.0004198897110207899 0.927524420667151 -0.3737623212132231 0.0 -0.3737623212132231 -0.927524420667151
-0.3571150004863739 -0.3602086007595062 -2.461583137512207 0.030651952233133814 0.9233617680968654 -0.38270550432588246 0.0 -0.38270550432588246 -0.9233617680968654
-0.7310290336608887 -0.5694126486778259 -2.354046106338501 0.05742003676535841 0.9215656876500938 -0.3839526308333808 0.0 -0.3839526308333808 -0.9215656876500938
-1.1200875043869019 -0.3496427536010742 -2.3949007987976074 0.08776213763513081 0.9179901018634624 -0.3867712244705158 0.0 -0.3867712244705158 -0.9179901018634624
-1.4651216268539429 -0.5239794254302979 -2.1663260459899902 0.1127518256660466 0.9117974083253311 -0.39485758442783286 0.0 -0.39485758442783286 -0.9117974083253311
-1.8857601881027222 -0.3503471314907074 -2.1604561805725098 0.1444022205841352 0.9051343583922289 -0.39984971170210837 0.0 -0.39984971170210837 -0.9051343583922289
-2.0602142810821533 -0.2747425436973572 -1.7562532424926758 0.15529508478280685 0.892117599102873 -0.4242754129256449 0.0 -0.4242754129256449 -0.892117599102873
-2.3847036361694336 -0.564012348651886 -1.8565115928649902 0.17520305748389112 0.8951745005580884 -0.4098371654680349 0.0 -0.4098371654680349 -0.8951745005580884
-2.1086997985839844 -0.9123335480690002 -1.824813961982727 0.15425942328460968 0.9018411335688183 -0.40359212099743513 0.0 -0.40359212099743513 -0.9018411335688183
-2.196748733520508 -1.175188660621643 -1.4802495241165161 0.15455464868481653 0.8957146342482079 -0.4169030517560552 0.0 -0.4169030517560552 -0.8957146342482079
-1.8891648054122925 -1.419847011566162 -1.2752718925476074 0.1318774841450484 0.8971171976784301 -0.42165040353967775 0.0 -0.42165040353967775 -0.8971171976784301
-1.9893056154251099 -1.75818932056427 -1.544701337814331 0.13559874394785482 0.9068970221179764 -0.39893705257008966 0.0 -0.39893705257008966 -0.9068970221179764
-1.9159315824508667 -1.507308840751648 -1.9055840969085693 0.1335848680171956 0.9133579410073361 -0.38461975330924947 0.0 -0.38461975330924947 -0.9133579410073361
-1.5160725116729736 -1.3802837133407593 -1.7489745616912842 0.10804464523243469 0.9113721144187338 -0.3971488684316292 0.0 -0.3971488684316292 -0.9113721144187338
-1.3947999477386475 -1.799513578414917 -1.6667957305908203 0.09638152217762616 0.9149666451833763 -0.39185027802031935 0.0 -0.39185027802031935 -0.9149666451833763
-1.4743961095809937 -1.8983631134033203 -2.0889604091644287 0.10179596793723361 0.9247067058159222 -0.3668175147546629 0.0 -0.3668175147546629 -0.9247067058159222
-1.2324378490447998 -1.550394058227539 -2.2271385192871094 0.08824167978461542 0.9265607625079231 -0.36564813595795304 0.0 -0.36564813595795304 -0.9265607625079231
-0.8986740708351135 -1.71111261844635 -1.979897379875183 0.06483023286911277 0.9240148327096913 -0.3768204212069961 0.0 -0.3768204212069961 -0.9240148327096913
-0.9340109825134277 -2.1164894104003906 -2.1572864055633545 0.06449256923315622 0.9316155537862155 -0.35767746428494684 0.0 -0.35767746428494684 -0.9316155537862155
-0.9267323017120361 -1.9372220039367676 -2.5630154609680176 0.065813881318641 0.9389443487128856 -0.33771592062843425 0.0 -0.33771592062843425 -0.9389443487128856
-0.5375564098358154 -1.7423405647277832 -2.460878849029541 0.03987507981436881 0.9369236536423388 -0.3472521349902527 0.0 -0.3472521349902527 -0.9369236536423388
-0.3562932014465332 -2.1123805046081543 -2.293938159942627 0.026284229217740183 0.9367169164583011 -0.3490996386639225 0.0 -0.3490996386639225 -0.9367169164583011
-0.4951755702495575 -2.344594717025757 -2.652825355529785 0.10266028614328478 0.940964946253895 -0.32256136713869404 0.0 -0.32256136713869404 -0.940964946253895
-0.31708213686943054 -2.0541508197784424 -2.93739914894104 0.0247437473398577 0.9495170426416065 -0.3127381215981175 0.0 -0.3127381215981175 -0.9495170426416065
0.08477276563644409 -2.1180155277252197 -2.7506182193756104 -0.0026758769010894585 0.9466691114825614 -0.3221962647946557 0.0 -0.3221962647946557 -0.9466691114825614
0.0616452731192112 -2.548046112060547 -2.665269613265991 -0.002480741907250083 0.9475553596095261 -0.31958204955042663 0.0 -0.31958204955042663 -0.9475553596095261
0.3983440399169922 -2.802096366882324 -2.804386615753174 -0.022465786418665208 0.9519514477400748 -0.30542385235303193 0.0 -0.30542385235303193 -0.9519514477400748
0.3361228406429291 -2.9607017040252686 -3.211994171142578 0.045968155352476295 0.9593264132793813 -0.2785314371449093 0.0 -0.2785314371449093 -0.9593264132793813
0.04333111643791199 -2.654526472091675 -3.3393714427948 -0.0013239023423306875 0.9612441047550565 -0.2756955174757794 0.0 -0.2756955174757794 -0.9612441047550565
0.14112402498722076 -2.396836996078491 -3.6937973499298096 -0.007956113650499799 0.9658482762429986 -0.2589861145583072 0.0 -0.2589861145583072 -0.9658482762429986
0.2728450894355774 -2.0183444023132324 -3.4878804683685303 -0.017144496286863643 0.9603560571239892 -0.27824864742229166 0.0 -0.27824864742229166 -0.9603560571239892
0.545561671257019 -2.170727491378784 -3.1667957305908203 -0.03566416293546996 0.9545846173664885 -0.2957976939892992 0.0 -0.2957976939892992 -0.9545846173664885
0.7255334854125977 -2.4378089904785156 -3.4779014587402344 -0.04717960500772805 0.9611968964279423 -0.2717988432068952 0.0 -0.2717988432068952 -0.9611968964279423
0.80360347032547 -2.1052191257476807 -3.7628276348114014 -0.05388536258315603 0.9643499818796349 -0.2590858547818264 0.0 -0.2590858547818264 -0.9643499818796349
0.9996588826179504 -1.852342963218689 -3.4454996585845947 -0.06840028488820933 0.9567446696147243 -0.28277382868827194 0.0 -0.28277382868827194 -0.9567446696147243
1.2412649393081665 -2.183289051055908 -3.269989013671875 -0.08280934143008312 0.9539520024985166 -0.2883022544153723 0.0 -0.2883022544153723 -0.9539520024985166
1.4112578630447388 -2.262180805206299 -3.6727828979492188 -0.09460477311261992 0.9604760057592441 -0.26179339041518657 0.0 -0.26179339041518657 -0.9604760057592441
1.496841311454773 -1.8490557670593262 -3.8141307830810547 -0.10159871297831585 0.9606082542698299 -0.25866867485225165 0.0 -0.25866867485225165 -0.9606082542698299
1.1636645793914795 -1.8926105499267578 -4.107978820800781 -0.07978554171233257 0.9675419820839346 -0.23978486240536698 0.0 -0.23978486240536698 -0.9675419820839346
0.7878720760345459 -1.7321269512176514 -4.268110752105713 0.018208507527651574 0.9725854538045613 -0.2318318039040185 0.0 -0.2318318039040185 -0.9725854538045613
0.4280458390712738 -1.943326711654663 -4.412158489227295 -0.02880912214572288 0.9755433415753669 -0.2179110442110715 0.0 -0.2179110442110715 -0.9755433415753669
0.4620913863182068 -2.2091166973114014 -4.766349792480469 -0.028548766491581654 0.9813531499949348 -0.19008146392225594 0.0 -0.19008146392225594 -0.9813531499949348
