t = 0
b = 1000 1000 1000
E = 0 0 0
1.4985398054122925 0.5988184213638306 0.24293991923332214 -0.8836311362625641 0.22203282176897035 0.41218617284503667 0.2730571498422854 0.959538217207034 0.06874738278039867
1.1267125606536865 0.24594303965568542 0.5438064932823181 -0.950335458048204 0.30509681948816053 0.06146908096367716 0.3112438540110458 0.9319863386683621 0.18581907296047942
0.6310839056968689 -0.040837209671735764 0.7164305448532104 -0.7599911117420528 0.3624631010127462 -0.5394756810805308 0.26897818086793446 0.9310354560101646 0.24662464975934967
0.2653067111968994 -0.4159896969795227 0.6230425834655762 -0.46638890299934016 0.3498827885426926 -0.812442875186103 0.4220810351739382 0.8951760345953739 0.14320428356930834
-0.3203902542591095 -0.5199282765388489 0.3064107894897461 0.43429451768299965 0.14408498618395318 -0.8891725303150457 0.32969343977684484 0.893234846658794 0.3056693384730515
-0.6859678626060486 -0.810584306716919 -0.024567773565649986 0.617643773144037 0.39951952212776015 -0.6774218190575231 0.10247131686764743 0.8131709471440153 0.5729333643106458
-1.4952036142349243 -0.5188645720481873 -0.5979663729667664 -0.4265263084584706 0.7247794903581017 -0.5410822474901945 -0.8722923647420863 -0.48779083262170864 0.03414870455638455
-0.8760737180709839 -0.5799947381019592 -1.1474488973617554 0.1804397845715985 0.9735853508824498 0.13990371221255177 -0.5688692957917408 -0.012740405340777897 0.82232925667105
0.2068501114845276 -0.4860139787197113 -1.297533392906189 0.9893983159728345 0.13407222326589655 0.0558176611715218 0.004033755863911314 -0.4098309871787723 0.9121525589295374
-0.10163779556751251 -0.08631529659032822 -0.8064631819725037 -0.16641485679333748 -0.8606180343554317 0.48129273252423627 0.2765509091968991 -0.5092477388932343 -0.8149762788293269
-0.43095770478248596 0.23658569157123566 -0.18756861984729767 0.6087872079363699 -0.36167249475105584 0.7060957031405777 -0.312294471417011 -0.9274324537975164 -0.20576979070186024
-0.33348459005355835 0.5395472049713135 0.19317705929279327 0.8179207607661914 -0.40339506510447853 0.4102170773590591 -0.2979503422042653 -0.9068763166169117 -0.2979948656264135
-0.016445651650428772 0.7935156226158142 0.5788107514381409 0.8790806840533347 -0.3303387961084042 -0.34364724749366415 -0.399675163651781 -0.9036057081956748 -0.1541313974377556
0.5316681265830994 1.044118046760559 0.856930136680603 0.7879508704573 -0.3281782431223797 -0.5209918103835143 -0.3451745531158394 -0.9360939196641356 0.06769565310354349
