t = 0
b = 1000 1000 1000
E = 0 0 0
1.4934468269348145 0.5938636660575867 0.23230159282684326 -0.8722587817616774 0.24150250674641607 0.4252542261692784 0.30091104131882385 0.9504728305707788 0.07780709195949158
1.1166008710861206 0.24797655642032623 0.5383945107460022 -0.9520712800760309 0.29610410374965906 0.07669835328740106 0.3055930681953981 0.9311884241241029 0.1987485734494526
0.625450611114502 -0.036379750818014145 0.7154210209846497 -0.7620119333550166 0.3406928399990241 -0.5506961069391622 0.25199401460789167 0.9393821429507583 0.2325085076014181
0.2590104341506958 -0.39678332209587097 0.6149493455886841 -0.4595022819502077 0.32141448262882794 -0.8279796997746953 0.3702934837385482 0.916673767468101 0.15030615402107528
-0.31633055210113525 -0.5039862394332886 0.2848341763019562 0.4661238256276793 0.15883423601878885 -0.8703449113142127 0.284670262427097 0.9045330554219406 0.3174630582268371
-0.6836560964584351 -0.7949256896972656 -0.03042512945830822 0.5925553476671256 0.41912447422485527 -0.6879046700356313 0.0921083603496689 0.8131448103694499 0.5747273852209647
-1.4678246974945068 -0.5461281538009644 -0.5346344113349915 -0.5131733294185975 0.4285724358084787 -0.743625444184516 -0.8342575136790785 -0.45277021046480853 0.31466416603365416
-0.8875430822372437 -0.5753603577613831 -1.1388766765594482 0.24681257601768036 0.9673405254032822 0.05775690635775875 -0.5180009957560838 0.0813810783769653 0.851499905154374
0.20561762154102325 -0.48293814063072205 -1.3010754585266113 0.961048849472729 0.27437693960902165 0.033202468852952985 0.09560038196726939 -0.4429850191138121 0.8914173207922582
-0.09985250979661942 -0.08602091670036316 -0.7923581004142761 -0.20253644740535634 -0.8716076390574888 0.4464068895179011 0.2929452224805063 -0.48891612828718223 -0.8216715378583574
-0.4255659282207489 0.23403722047805786 -0.1874006688594818 0.6508370859957437 -0.36987053222143723 0.6630285641560246 -0.29363192156923823 -0.9279694645866746 -0.22946234425342432
-0.3292907476425171 0.5329037308692932 0.17512251436710358 0.8006211940299939 -0.40758249712135763 0.43918357404427766 -0.2872732633906357 -0.9042238905502594 -0.31599561373387314
-0.023105861619114876 0.7799013257026672 0.5667025446891785 0.8891886480445541 -0.2822270977095792 -0.3601269408238239 -0.35051924991585315 -0.9260465909701788 -0.139906993359653
0.5330431461334229 1.0338400602340698 0.8570448160171509 0.790558181229297 -0.31133950618224876 -0.5273381021523283 -0.3287477455531127 -0.9422912095656752 0.06334189900060277
