 22288696  1 0 newMesShrink
  3784444  1 1 PASS
 23324827  1 1 PASS
 23324827  2 0 SecondaryOfPN_01
  5092088  1 0 ses2MesFail
  5092088  2 0 SecondaryOfPN_01
 23226268  1 0 ChasesFail
  5506314  1 1 PASS
 23500817  1 1 PASS
  5696198  1 0 ses2MesFail
 23555025  1 1 PASS
 23555025  2 0 SecondaryOfPN_01
  5703872  1 1 PASS
 23559851  1 1 PASS
 23559851  2 0 SecondaryOfPN_01
  8001484  1 0 ses2MesFail
 24435416  1 0 ses2MesFail
 11561667  1 1 PASS
 24536661  1 1 PASS
 11932335  1 1 PASS
 11932335  2 0 SecondaryOfPN_01
 24615996  1 1 PASS
 11970587  1 0 AltDetFail
 11970587  2 0 AltDetFail
 24733359  1 1 PASS
 24733359  2 0 SecondaryOfPN_01
 14344831  1 0 ses2MesFail
 14344831  2 1 PASS
 24912242  1 0 ses2MesFail
 24912242  2 0 ChasesFail
 19271382  1 1 PASS
 24972851  1 0 ses2MesFail
 24972851  2 0 newMesShrink
 24972851  3 0 newMesShrink
 19438266  1 0 AltDetFail
 19438266  2 0 AltDetFail
 19438266  3 0 AltDetFail
 25281076  1 0 ses2MesFail
 20319492  1 0 AltDetFail
 20319492  2 0 AltDetFail
 20319492  3 0 AltDetFail
 20319492  4 0 AltDetFail
 25156123  1 1 PASS
 20445925  1 1 PASS
 25566631  1 0 AltDetFail
 20489905  1 0 ses2MesFail
 25671382  1 1 PASS
 21818238  1 1 PASS
 25719394  1 0 ses2MesFail
 22011809  1 1 PASS
 25776767  1 1 PASS
 25776767  2 0 SecondaryOfPN_01
 22079739  1 1 PASS
 25950248  1 1 PASS
 22120766  1 1 PASS
 22120766  2 0 SecondaryOfPN_01
 22120766  3 0 ses2MesFail
 28556052  1 1 PASS
 22146154  1 0 ses2MesFail
 28646511  1 0 ses2MesFail
 22221233  1 1 PASS
 22221233  2 0 SecondaryOfPN_01
 29052041  1 0 ses2MesFail
 22221375  1 1 PASS
 25078924  1 1 PASS
 25078924  2 0 SecondaryOfPN_01
 25078924  3 0 AltDetFail
 25155310  1 1 PASS
 29658306  1 0 ChasesFail
 29658499  1 0 ses2MesFail
 29684896  1 1 PASS
 29697290  1 1 PASS
 29777922  1 0 AltDetFail
 29777922  2 0 AltDetFail
 29778064  1 0 ses2MesFail
 29778064  2 0 AltDetFail
 29781292  1 0 ses2MesFail
 29831208  1 1 PASS
 29914747  1 1 PASS
 29914747  2 0 AltDetFail
 29984014  1 1 PASS
 29986808  1 1 PASS
 30034081  1 0 ses2MesFail
 30034081  2 0 newMesBelowThresh
 30034081  3 0 newMesBelowThresh
 30122338  1 0 ses2MesFail
 30122338  2 0 AltDetFail
 30122649  1 1 PASS
 30310995  1 1 PASS
 30562668  1 0 ses2MesFail
 30562668  2 0 SecondaryOfPN_01
 30631330  1 0 ses2MesFail
 30631330  2 0 ChasesFail
 30828562  1 1 PASS
 30848598  1 0 AltDetFail
 31273263  1 0 ses2MesFail
 31273263  2 1 PASS
 31415131  1 0 AltDetFail
 31415158  1 1 PASS
 31486920  1 0 newMesShrink
 31810287  1 1 PASS
 31810287  2 0 newMesShrink
 31810287  3 0 SecondaryOfPN_01
 32000625  1 0 AltDetFail
 32050581  1 1 PASS
 32090583  1 0 ses2MesFail
 32150630  1 1 PASS
 32150630  2 0 SecondaryOfPN_01
 33153766  1 1 PASS
 33715938  1 0 ses2MesFail
 33715938  2 0 newMesShrink
 33715938  3 0 SecondaryOfPN_01
 33833498  1 0 ses2MesFail
 34068865  1 1 PASS
 34504326  1 0 ses2MesFail
 34945400  1 0 ses2MesFail
 34945703  1 0 ses2MesFail
 34986864  1 0 ses2MesFail
 35009898  1 1 PASS
 35516889  1 1 PASS
 35521281  1 1 PASS
 35655828  1 1 PASS
 35655828  2 1 PASS
 35975843  1 0 AltDetFail
 35975843  2 0 AltDetFail
 36124955  1 0 ses2MesFail
 36724087  1 1 PASS
 36724087  2 1 PASS
 36734222  1 1 PASS
 36840938  1 0 ses2MesFail
 36947286  1 0 AltDetFail
 37001119  1 0 ses2MesFail
 37001119  2 1 PASS
 37001119  3 1 PASS
 38141956  1 0 ses2MesFail
 38144175  1 0 ses2MesFail
 38462492  1 1 PASS
 38586438  1 1 PASS
 38603673  1 1 PASS
 38699658  1 0 ChasesFail
 38699658  2 0 ChasesFail
 38707340  1 0 AltDetFail
 38707340  2 0 AltDetFail
 38811794  1 1 PASS
 38813141  1 0 ChasesFail
 38813141  2 0 ChasesFail
 38813141  3 0 ses2MesFail
 38827910  1 0 ses2MesFail
 38827910  2 0 ChasesFail
 38842861  1 0 AltDetFail
 38846515  1 1 PASS
 40340867  1 1 PASS
 40343782  1 1 PASS
 40343782  2 0 SecondaryOfPN_01
 40534599  1 0 AltDetFail
 40717334  1 0 AltDetFail
 44988465  1 1 PASS
 44988465  2 0 SecondaryOfPN_01
 45302816  1 0 ses2MesFail
 45302816  2 0 ChasesFail
 45599777  1 1 PASS
 45599777  2 0 SecondaryOfPN_01
 45696212  1 0 ses2MesFail
 46029665  1 0 ses2MesFail
 46029665  2 0 ses2MesFail
 46029665  3 0 ses2MesFail
 47378449  1 0 ses2MesFail
 47380518  1 1 PASS
 47380518  2 0 AltDetFail
 47384844  1 0 newMesShrink
 47428143  1 0 ses2MesFail
 47428257  1 1 PASS
 48063032  1 0 AltDetFail
 48063032  2 0 AltDetFail
 48063032  3 0 AltDetFail
 48063034  1 0 AltDetFail
 48063034  2 0 AltDetFail
 48063034  3 0 AltDetFail
 48103627  1 1 PASS
 48206636  1 1 PASS
 48335665  1 1 PASS
 48335665  2 0 SecondaryOfPN_01
 48338645  1 1 PASS
 48372732  1 0 AltDetFail
 48372732  2 0 AltDetFail
 48476907  1 1 PASS
 48476908  1 1 PASS
 48769148  1 1 PASS
 48829073  1 1 PASS
 49003142  1 1 PASS
 49418981  1 1 PASS
 49418981  2 0 SecondaryOfPN_01
 52107454  1 1 PASS
 52107454  2 0 SecondaryOfPN_01
 53178352  1 0 ses2MesFail
 53178352  2 0 AltDetFail
 53189332  1 1 PASS
 53208435  1 1 PASS
 53735810  1 1 PASS
 53837557  1 0 AltDetFail
 53837557  2 0 AltDetFail
 53855835  1 1 PASS
 53855835  2 0 AltDetFail
 53931697  1 0 ses2MesFail
 53931697  2 1 PASS
 53931697  3 1 PASS
 53997651  1 1 PASS
 53997651  2 0 SecondaryOfPN_01
 53997651  3 0 newMesBelowThresh
 54082465  1 0 AltDetFail
 54085154  1 1 PASS
 54416077  1 0 ses2MesFail
 54958691  1 0 ses2MesFail
 54962195  1 1 PASS
 54962195  2 1 PASS
 55092869  1 1 PASS
 55169081  1 1 PASS
 55222619  1 1 PASS
 55222619  2 0 SecondaryOfPN_01
 55222620  1 1 PASS
 55222620  2 0 SecondaryOfPN_01
 55269690  1 1 PASS
 55293744  1 1 PASS
 55298910  1 1 PASS
 55298910  2 0 ses2MesFail
 55369125  1 1 PASS
 55404385  1 1 PASS
 55404385  2 0 ses2MesFail
 55497281  1 1 PASS
 55497281  2 0 ses2MesFail
 55523561  1 1 PASS
 55524055  1 1 PASS
 55524055  2 0 SecondaryOfPN_01
 55602946  1 1 PASS
 55602946  2 0 SecondaryOfPN_01
 55652785  1 0 ses2MesFail
 55652785  2 0 newMesShrink
 55652896  1 1 PASS
 55659311  1 0 ses2MesFail
 55663720  1 1 PASS
 55756813  1 0 AltDetFail
 55780604  1 1 PASS
 55848940  1 1 PASS
 56649881  1 0 ses2MesFail
 56649881  2 0 ses2MesFail
 56719135  1 0 ses2MesFail
 62904924  1 0 ses2MesFail
 70717462  1 1 PASS
 70826190  1 0 ses2MesFail
 71029363  1 0 ses2MesFail
 71124276  1 1 PASS
 71222521  1 0 ses2MesFail
 71298174  1 1 PASS
 71298511  1 0 ses2MesFail
 71298511  2 0 newMesBelowThresh
 71298511  3 0 newMesShrink
 71546916  1 1 PASS
 72596842  1 1 PASS
 72596842  2 0 AltDetFail
 72596993  1 1 PASS
 72596993  2 0 AltDetFail
 72598223  1 1 PASS
 72598223  2 0 AltDetFail
 72605231  1 1 PASS
 72605231  2 0 SecondaryOfPN_01
 73008764  1 0 ses2MesFail
 73010588  1 1 PASS
 73010588  2 0 AltDetFail
 73113363  1 1 PASS
 73113363  2 0 SecondaryOfPN_01
 73201833  1 1 PASS
 73201833  2 0 AltDetFail
 73384793  1 1 PASS
 73386477  1 0 AltDetFail
 73386477  2 0 newMesBelowThresh
 73632590  1 1 PASS
 73632590  2 0 SecondaryOfPN_01
 73723286  1 1 PASS
 73764350  1 0 AltDetFail
 73764693  1 0 AltDetFail
 73764693  2 0 AltDetFail
 74528318  1 0 ses2MesFail
 74528318  2 0 ses2MesFail
 74627376  1 0 ses2MesFail
 74627376  2 0 SecondaryOfPN_01
 75818403  1 0 ses2MesFail
 75818403  2 0 AltDetFail
 76847753  1 0 AltDetFail
 78349675  1 0 AltDetFail
 80719034  1 0 AltDetFail
 80719034  2 0 AltDetFail
 80719034  3 0 AltDetFail
 81604794  1 1 PASS
 82071577  1 1 PASS
 82121827  1 1 PASS
 82128636  1 1 PASS
 83092282  1 1 PASS
 89328813  1 0 ses2MesFail
 89463560  1 1 PASS
 89463560  2 0 AltDetFail
 89463560  3 0 AltDetFail
 89463560  4 0 AltDetFail
 89463560  5 0 AltDetFail
 89614511  1 1 PASS
 89614511  2 0 SecondaryOfPN_01
 89787778  1 0 ses2MesFail
 89787778  2 0 AltDetFail
 90296786  1 1 PASS
 90359467  1 1 PASS
 92743594  1 0 newMesShrink
 92743594  2 0 SecondaryOfPN_01
 97815168  1 1 PASS
 97854196  1 1 PASS
101184036  1 0 ChasesFail
101184036  2 0 ses2MesFail
101185294  1 0 AltDetFail
101185294  2 0 AltDetFail
101185294  3 0 AltDetFail
101363142  1 0 newMesShrink
101365484  1 0 ChasesFail
101387994  1 0 AltDetFail
101387994  2 0 AltDetFail
101395259  1 1 PASS
101395750  1 0 AltDetFail
101395750  2 0 AltDetFail
101395750  3 0 AltDetFail
101417386  1 1 PASS
101497151  1 1 PASS
101497151  2 0 AltDetFail
101531285  1 0 ses2MesFail
101582930  1 0 AltDetFail
101955023  1 1 PASS
102195674  1 1 PASS
102195674  2 0 AltDetFail
102195674  3 0 AltDetFail
102691227  1 0 ses2MesFail
102764828  1 1 PASS
102833322  1 1 PASS
102978235  1 1 PASS
105706808  1 0 newMesShrink
105706808  2 0 AltDetFail
105710145  1 1 PASS
105710145  2 0 ChasesFail
105710145  3 0 ChasesFail
105802318  1 0 AltDetFail
105802318  2 0 AltDetFail
105992935  1 1 PASS
106055469  1 0 ses2MesFail
106055469  2 0 AltDetFail
106149491  1 1 PASS
106149491  2 1 PASS
106258722  1 0 ses2MesFail
106309554  1 0 AltDetFail
106402532  1 1 PASS
106403786  1 0 ses2MesFail
106403786  2 0 SecondaryOfPN_01
106470229  1 1 PASS
106498211  1 1 PASS
106498702  1 0 ses2MesFail
106504049  1 0 ChasesFail
106504049  2 0 ses2MesFail
106504049  3 0 ses2MesFail
118170779  1 1 PASS
118313102  1 0 ses2MesFail
118313102  2 0 ses2MesFail
118414770  1 1 PASS
122330743  1 1 PASS
122330743  2 0 SecondaryOfPN_01
124573851  1 1 PASS
124600144  1 1 PASS
126430122  1 0 SesStatFail
126737992  1 1 PASS
131625230  1 1 PASS
132298139  1 0 ses2MesFail
132965136  1 1 PASS
132965136  2 1 PASS
132965136  3 0 ses2MesFail
139748464  1 1 PASS
139748464  2 0 AltDetFail
139871765  1 0 ses2MesFail
140055734  1 1 PASS
140055734  2 0 AltDetFail
140084919  1 1 PASS
140084919  2 0 SecondaryOfPN_01
140084919  3 0 AltDetFail
140084919  4 0 AltDetFail
140659980  1 1 PASS
140659980  2 0 SecondaryOfPN_01
140691463  1 1 PASS
140757571  1 1 PASS
140757590  1 0 AltDetFail
140940493  1 0 AltDetFail
140940493  2 0 AltDetFail
140968117  1 0 ses2MesFail
141096071  1 1 PASS
141122677  1 0 AltDetFail
141268467  1 1 PASS
141268467  2 0 newMesBelowThresh
141333573  1 0 newMesShrink
141484981  1 1 PASS
141606986  1 0 ses2MesFail
141606986  2 0 ses2MesFail
141607553  1 1 PASS
141608198  1 1 PASS
141622065  1 0 AltDetFail
141685465  1 1 PASS
141685465  2 0 SecondaryOfPN_01
141708335  1 1 PASS
141770299  1 0 AltDetFail
141770299  2 0 AltDetFail
141856710  1 0 newMesBelowThresh
141856710  2 0 ChasesFail
141865875  1 0 AltDetFail
141865875  2 0 AltDetFail
141914082  1 0 ses2MesFail
141914082  2 0 ses2MesFail
141975926  1 0 ses2MesFail
141975926  2 0 ses2MesFail
142013583  1 1 PASS
142105466  1 0 AltDetFail
142148228  1 1 PASS
143779404  1 1 PASS
144105679  1 0 ses2MesFail
144107759  1 0 ChasesFail
144138509  1 1 PASS
144144069  1 0 ses2MesFail
144167304  1 1 PASS
144189704  1 0 ses2MesFail
144189704  2 0 SecondaryOfPN_01
144198610  1 0 ses2MesFail
145116411  1 1 PASS
145151809  1 1 PASS
145372195  1 0 AltDetFail
145372195  2 0 AltDetFail
146197581  1 1 PASS
146197581  2 0 SecondaryOfPN_01
146530594  1 0 ses2MesFail
146530594  2 1 PASS
146846569  1 1 PASS
146886115  1 0 ChasesFail
147026702  1 1 PASS
147208702  1 0 ses2MesFail
147214032  1 0 ses2MesFail
147214032  2 0 AltDetFail
147660201  1 1 PASS
148544875  1 1 PASS
148611095  1 1 PASS
148611095  2 0 SecondaryOfPN_01
148612685  1 0 ses2MesFail
148612685  2 0 SecondaryOfPN_01
149059954  1 0 AltDetFail
149059954  2 0 AltDetFail
149102762  1 0 AltDetFail
149248196  1 0 ChasesFail
149248196  2 0 ChasesFail
149308175  1 0 AltDetFail
149473467  1 0 ses2MesFail
149473467  2 0 SecondaryOfPN_01
149473467  3 0 SecondaryOfPN_01
149473467  4 0 ses2MesFail
149573659  1 1 PASS
149573659  2 0 SecondaryOfPN_01
149573659  3 0 ses2MesFail
149573659  4 1 PASS
149603524  1 1 PASS
149629043  1 0 ses2MesFail
149629043  2 0 newMesBelowThresh
149629043  3 0 AltDetFail
149990841  1 1 PASS
149992242  1 1 PASS
150098860  1 1 PASS
150100106  1 1 PASS
150100106  2 0 AltDetFail
150100421  1 0 newMesShrink
150101472  1 1 PASS
150101472  2 0 SecondaryOfPN_01
150101476  1 1 PASS
150101476  2 0 SecondaryOfPN_01
150166721  1 1 PASS
150166721  2 0 SecondaryOfPN_01
150187916  1 1 PASS
150187916  2 0 SecondaryOfPN_01
150271680  1 1 PASS
150320620  1 1 PASS
150357290  1 1 PASS
150361803  1 0 AltDetFail
150361803  2 0 AltDetFail
150361911  1 0 ses2MesFail
150428135  1 1 PASS
150429807  1 0 ses2MesFail
150442264  1 1 PASS
150442264  2 0 SecondaryOfPN_01
151681127  1 1 PASS
151737954  1 1 PASS
151737954  2 0 ChasesFail
151764983  1 0 ses2MesFail
151764983  2 0 ses2MesFail
151825527  1 1 PASS
151826930  1 0 newMesShrink
151826930  2 0 SecondaryOfPN_01
151959065  1 1 PASS
152702318  1 0 ChasesFail
152739579  1 0 ses2MesFail
157702686  1 0 ses2MesFail
157733188  1 0 ses2MesFail
157733188  2 1 PASS
157733188  3 0 ChasesFail
157754133  1 0 ses2MesFail
157774304  1 1 PASS
157791259  1 0 ses2MesFail
157793183  1 0 ses2MesFail
158150633  1 1 PASS
158294090  1 0 AltDetFail
158329676  1 0 ses2MesFail
158329676  2 0 newMesShrink
158329676  3 0 newMesBelowThresh
158450472  1 1 PASS
158451876  1 0 AltDetFail
158499577  1 0 ses2MesFail
158499577  2 0 ses2MesFail
158499577  3 0 ChasesFail
158588995  1 1 PASS
158673914  1 0 AltDetFail
158673914  2 0 AltDetFail
158713903  1 0 ses2MesFail
158713903  2 0 ses2MesFail
158713903  3 0 SecondaryOfPN_01
158713903  4 0 newMesBelowThresh
158713903  5 0 newMesShrink
158747617  1 0 ChasesFail
167005326  1 1 PASS
167005326  2 0 AltDetFail
167007869  1 1 PASS
167123841  1 0 AltDetFail
167123841  2 0 AltDetFail
167163906  1 0 ses2MesFail
167164631  1 1 PASS
167303776  1 1 PASS
167303776  2 0 ses2MesFail
167303776  3 1 PASS
167303776  4 1 PASS
167303776  5 1 PASS
167303776  6 0 ses2MesFail
167304040  1 1 PASS
167304040  2 0 ses2MesFail
167304735  1 1 PASS
167338355  1 0 AltDetFail
167338355  2 0 AltDetFail
167344043  1 0 ses2MesFail
167344043  2 1 PASS
167344043  3 0 newMesShrink
167526485  1 1 PASS
167551757  1 0 ses2MesFail
167551757  2 0 ses2MesFail
167551757  3 0 ses2MesFail
167554898  1 1 PASS
167602025  1 0 ses2MesFail
167602738  1 1 PASS
167602738  2 0 AltDetFail
167656297  1 1 PASS
167692429  1 1 PASS
167692429  2 0 SecondaryOfPN_01
167694820  1 0 AltDetFail
167696018  1 0 ses2MesFail
167719897  1 1 PASS
167719897  2 0 AltDetFail
167722431  1 0 ses2MesFail
167722431  2 0 ses2MesFail
167722431  3 0 AltDetFail
167795859  1 1 PASS
167814740  1 0 newMesShrink
167837191  1 1 PASS
167977531  1 0 ChasesFail
167977531  2 0 ses2MesFail
167983141  1 1 PASS
168077515  1 0 ses2MesFail
168163317  1 1 PASS
168276785  1 0 ChasesFail
168279917  1 0 ses2MesFail
168312820  1 1 PASS
168312820  2 0 SecondaryOfPN_01
168383282  1 1 PASS
168383678  1 0 ses2MesFail
168383678  2 1 PASS
168383678  3 0 ChasesFail
168384614  1 0 ses2MesFail
168384614  2 0 ses2MesFail
168384614  3 0 AltDetFail
168384614  4 0 AltDetFail
169225390  1 1 PASS
169225390  2 0 AltDetFail
169226822  1 1 PASS
169228466  1 0 ses2MesFail
169249471  1 1 PASS
173163715  1 0 ses2MesFail
176984236  1 1 PASS
177075293  1 1 PASS
177077475  1 0 ses2MesFail
177078973  1 0 newMesBelowThresh
177118376  1 0 AltDetFail
177175199  1 1 PASS
177258700  1 0 ses2MesFail
177258700  2 0 SecondaryOfPN_01
177283727  1 1 PASS
177308817  1 0 ses2MesFail
177309964  1 1 PASS
177312861  1 1 PASS
178723395  1 1 PASS
178723395  2 0 SecondaryOfPN_01
179226628  1 0 ChasesFail
179226628  2 0 ses2MesFail
179238861  1 0 ses2MesFail
179238861  2 0 newMesShrink
179295564  1 1 PASS
179295564  2 0 SecondaryOfPN_01
179304342  1 1 PASS
179304342  2 0 AltDetFail
179304899  1 0 ChasesFail
179305059  1 1 PASS
179305059  2 0 AltDetFail
179308923  1 0 AltDetFail
179317684  1 1 PASS
181739452  1 0 ses2MesFail
181804752  1 1 PASS
181804752  2 1 PASS
183637477  1 1 PASS
183640635  1 0 ses2MesFail
185222393  1 0 AltDetFail
185222393  2 0 AltDetFail
185223400  1 0 ses2MesFail
185240200  1 0 AltDetFail
185240200  2 0 AltDetFail
185247277  1 1 PASS
185247277  2 0 ChasesFail
185259483  1 0 AltDetFail
187930369  1 1 PASS
187930369  2 0 SecondaryOfPN_01
189349514  1 1 PASS
189617334  1 1 PASS
189617334  2 0 AltDetFail
189639080  1 1 PASS
190257497  1 1 PASS
190650849  1 0 ses2MesFail
190990336  1 1 PASS
190990336  2 1 PASS
191672086  1 1 PASS
191951868  1 1 PASS
192087959  1 1 PASS
192087959  2 0 SecondaryOfPN_01
192087959  3 0 AltDetFail
192167317  1 1 PASS
192167317  2 0 AltDetFail
192561568  1 0 ses2MesFail
192561568  2 0 newMesBelowThresh
192561568  3 1 PASS
192942178  1 0 ChasesFail
192986433  1 0 ses2MesFail
192990023  1 1 PASS
192990023  2 0 AltDetFail
193070745  1 0 newMesBelowThresh
193092806  1 0 AltDetFail
193092806  2 0 AltDetFail
193131593  1 0 AltDetFail
193136669  1 1 PASS
193271278  1 1 PASS
193274465  1 0 ses2MesFail
219187649  1 1 PASS
219189765  1 1 PASS
219310882  1 1 PASS
219579262  1 0 ses2MesFail
219912046  1 0 ses2MesFail
219912046  2 0 SecondaryOfPN_01
220359766  1 1 PASS
220395316  1 1 PASS
220397127  1 0 AltDetFail
220397947  1 0 ses2MesFail
220399756  1 1 PASS
220399766  1 1 PASS
220401237  1 1 PASS
220402294  1 0 ses2MesFail
220405105  1 0 ChasesFail
220432563  1 0 ses2MesFail
220433363  1 0 ChasesFail
220433364  1 0 ses2MesFail
220440079  1 1 PASS
220474209  1 1 PASS
220474209  2 0 newMesShrink
220478846  1 1 PASS
220478846  2 0 AltDetFail
231081369  1 1 PASS
231093356  1 0 ses2MesFail
231093356  2 0 newMesBelowThresh
231093356  3 0 newMesBelowThresh
231799463  1 0 newMesBelowThresh
237949640  1 1 PASS
238183068  1 0 ChasesFail
238194430  1 0 ses2MesFail
238196979  1 1 PASS
238196979  2 0 ses2MesFail
238337224  1 1 PASS
259648079  1 0 ses2MesFail
259648079  2 0 ChasesFail
259999047  1 0 ses2MesFail
260043723  1 1 PASS
260124760  1 0 ses2MesFail
260124760  2 0 AltDetFail
260124760  3 0 AltDetFail
260128333  1 1 PASS
260160482  1 0 AltDetFail
260161144  1 0 ses2MesFail
260161144  2 0 AltDetFail
260162199  1 0 AltDetFail
260162199  2 0 AltDetFail
260244471  1 1 PASS
260271203  1 1 PASS
260304277  1 1 PASS
260304296  1 0 newMesShrink
260304800  1 1 PASS
260351540  1 1 PASS
260352096  1 1 PASS
260352702  1 0 ses2MesFail
260353507  1 1 PASS
260353507  2 0 AltDetFail
260412477  1 0 AltDetFail
260412477  2 0 AltDetFail
260502102  1 1 PASS
260502102  2 0 SecondaryOfPN_01
260503393  1 0 ses2MesFail
260504147  1 0 ses2MesFail
260536927  1 1 PASS
260609205  1 1 PASS
260654645  1 0 AltDetFail
260654645  2 0 AltDetFail
260654645  3 0 AltDetFail
260657291  1 1 PASS
260848905  1 0 ses2MesFail
262575578  1 0 ses2MesFail
264766922  1 1 PASS
264766922  2 0 AltDetFail
264767454  1 1 PASS
264874339  1 1 PASS
267461454  1 0 ChasesFail
268502495  1 1 PASS
268644785  1 1 PASS
269342892  1 0 AltDetFail
269342892  2 0 AltDetFail
269342892  3 0 AltDetFail
269408869  1 0 AltDetFail
271058763  1 0 AltDetFail
271596290  1 0 ses2MesFail
271893367  1 1 PASS
271999940  1 0 AltDetFail
271999940  2 0 AltDetFail
272349442  1 1 PASS
272357134  1 1 PASS
272357134  2 0 SecondaryOfPN_01
272431317  1 1 PASS
272431317  2 0 SecondaryOfPN_01
275083922  1 1 PASS
275083922  2 1 PASS
276935987  1 1 PASS
277108449  1 1 PASS
277298771  1 0 ses2MesFail
277298771  2 1 PASS
277300045  1 1 PASS
277301964  1 1 PASS
278683641  1 1 PASS
278683641  2 0 SecondaryOfPN_01
278683844  1 1 PASS
278731274  1 0 ses2MesFail
278731274  2 0 newMesShrink
278825715  1 0 ChasesFail
278825715  2 0 ses2MesFail
278826516  1 1 PASS
278861826  1 0 ses2MesFail
278861826  2 0 AltDetFail
278863150  1 1 PASS
278863150  2 0 SecondaryOfPN_01
278866211  1 1 PASS
278956474  1 1 PASS
278956474  2 1 PASS
278956474  3 0 SecondaryOfPN_01
278986868  1 0 ses2MesFail
278988794  1 1 PASS
279089927  1 1 PASS
279089927  2 0 ses2MesFail
279156705  1 1 PASS
279156705  2 0 AltDetFail
279159752  1 1 PASS
279251651  1 1 PASS
279322914  1 1 PASS
279323859  1 0 AltDetFail
279425357  1 1 PASS
279569707  1 0 ses2MesFail
279569707  2 0 SecondaryOfPN_01
279569718  1 1 PASS
279614617  1 0 ses2MesFail
279615956  1 1 PASS
279615979  1 0 AltDetFail
279955276  1 0 ses2MesFail
279955276  2 0 AltDetFail
280206394  1 1 PASS
280278364  1 1 PASS
280738935  1 0 AltDetFail
280965566  1 0 ses2MesFail
281494100  1 0 ses2MesFail
281579907  1 0 ses2MesFail
281582156  1 0 ses2MesFail
281926183  1 0 ses2MesFail
281926183  2 1 PASS
285930469  1 0 ChasesFail
286310830  1 0 ses2MesFail
286310830  2 0 ses2MesFail
286310836  1 1 PASS
286310836  2 0 SecondaryOfPN_01
286363768  1 0 ses2MesFail
286396160  1 1 PASS
286935502  1 1 PASS
287326187  1 1 PASS
287326187  2 0 SecondaryOfPN_01
287328866  1 1 PASS
287328866  2 1 PASS
287428184  1 1 PASS
287428184  2 0 AltDetFail
287428978  1 0 ChasesFail
287773752  1 0 AltDetFail
287773752  2 0 AltDetFail
289799806  1 0 ses2MesFail
289801742  1 1 PASS
289801742  2 0 AltDetFail
290374453  1 1 PASS
291466214  1 0 ChasesFail
291466214  2 0 SecondaryOfPN_01
291466214  3 0 ses2MesFail
291466214  4 0 newMesBelowThresh
291466214  5 0 ses2MesFail
293166952  1 0 ses2MesFail
293271581  1 0 AltDetFail
293271581  2 0 AltDetFail
293345927  1 0 AltDetFail
293354074  1 1 PASS
293968698  1 0 ses2MesFail
294092960  1 1 PASS
294092960  2 0 SecondaryOfPN_01
294092966  1 1 PASS
294092966  2 0 SecondaryOfPN_01
294092966  3 0 AltDetFail
294157702  1 0 ses2MesFail
294191640  1 1 PASS
294191640  2 0 SecondaryOfPN_01
294206967  1 1 PASS
294206967  2 0 SecondaryOfPN_01
294257082  1 0 ses2MesFail
294273900  1 0 AltDetFail
294273900  2 0 AltDetFail
294327312  1 0 ses2MesFail
294327312  2 0 AltDetFail
294394054  1 1 PASS
294394054  2 0 AltDetFail
294395926  1 1 PASS
294733959  1 1 PASS
294784522  1 0 AltDetFail
294784522  2 0 AltDetFail
296862849  1 0 ses2MesFail
296881302  1 0 ses2MesFail
296881302  2 1 PASS
296972860  1 0 ses2MesFail
296979160  1 0 ses2MesFail
297967252  1 1 PASS
297978269  1 1 PASS
298690606  1 0 ses2MesFail
298700310  1 0 AltDetFail
298801915  1 0 AltDetFail
298801915  2 0 AltDetFail
299140423  1 0 AltDetFail
299486246  1 0 ses2MesFail
299702740  1 1 PASS
299702740  2 0 SecondaryOfPN_01
299897992  1 0 AltDetFail
300013489  1 1 PASS
300033585  1 0 AltDetFail
300033585  2 0 AltDetFail
300038935  1 1 PASS
300142103  1 0 ses2MesFail
300293197  1 1 PASS
300324638  1 0 ses2MesFail
300324638  2 0 AltDetFail
300560295  1 1 PASS
300871376  1 0 AltDetFail
300871376  2 0 AltDetFail
300871376  3 0 AltDetFail
300871545  1 1 PASS
300871545  2 0 SecondaryOfPN_01
300969581  1 0 ses2MesFail
300971133  1 0 AltDetFail
300971133  2 0 AltDetFail
301860677  1 1 PASS
302037442  1 0 AltDetFail
302038263  1 0 newMesShrink
302038263  2 0 AltDetFail
302043038  1 1 PASS
302043038  2 0 ses2MesFail
302136704  1 1 PASS
302798336  1 1 PASS
302849952  1 1 PASS
302959043  1 0 ses2MesFail
302995864  1 0 ses2MesFail
303300175  1 0 AltDetFail
303300175  2 0 AltDetFail
303300175  3 0 AltDetFail
303443210  1 1 PASS
303443210  2 0 ses2MesFail
303443210  3 0 ChasesFail
303443247  1 0 ses2MesFail
305687191  1 0 ChasesFail
306470921  1 0 AltDetFail
306577678  1 0 ses2MesFail
306580215  1 1 PASS
306773798  1 0 ses2MesFail
306933992  1 1 PASS
307210830  1 1 PASS
307210830  2 1 PASS
307210830  3 1 PASS
307291308  1 1 PASS
307291318  1 1 PASS
307365291  1 0 ses2MesFail
307433122  1 0 ses2MesFail
307488184  1 1 PASS
307488184  2 0 SecondaryOfPN_01
307490251  1 0 ses2MesFail
307490261  1 0 ChasesFail
307927495  1 1 PASS
307990280  1 1 PASS
307990280  2 0 SecondaryOfPN_01
308000282  1 1 PASS
308018120  1 0 ses2MesFail
308018120  2 0 AltDetFail
308018376  1 1 PASS
308050066  1 1 PASS
308097793  1 0 ChasesFail
308097796  1 0 ses2MesFail
308097796  2 1 PASS
308307606  1 1 PASS
308307606  2 0 SecondaryOfPN_01
308451526  1 1 PASS
308452910  1 1 PASS
308614133  1 0 ses2MesFail
308667775  1 1 PASS
308667775  2 1 PASS
308851582  1 1 PASS
308851582  2 0 SecondaryOfPN_01
308852608  1 1 PASS
308852608  2 0 AltDetFail
308991822  1 1 PASS
308991822  2 0 SecondaryOfPN_01
308994098  1 0 ses2MesFail
309025566  1 0 ses2MesFail
309089515  1 0 ses2MesFail
309142947  1 1 PASS
309146836  1 0 ses2MesFail
309146836  2 0 SecondaryOfPN_01
309299238  1 0 ses2MesFail
309402106  1 0 ses2MesFail
309402205  1 0 ses2MesFail
309619055  1 1 PASS
309619055  2 0 SecondaryOfPN_01
309626032  1 0 ses2MesFail
309658221  1 1 PASS
309659126  1 0 AltDetFail
309791057  1 1 PASS
309791156  1 1 PASS
310009611  1 1 PASS
310539654  1 0 ChasesFail
314864866  1 1 PASS
315002523  1 1 PASS
315095307  1 0 ses2MesFail
315120782  1 1 PASS
315120782  2 0 newMesShrink
318120987  1 0 ses2MesFail
318184988  1 0 newMesBelowThresh
318185328  1 0 AltDetFail
318185328  2 0 AltDetFail
318185375  1 0 ses2MesFail
333734230  1 1 PASS
334693417  1 1 PASS
334852042  1 0 ses2MesFail
334852042  2 0 newMesBelowThresh
334886280  1 0 ses2MesFail
334896184  1 1 PASS
334896184  2 1 PASS
335499997  1 1 PASS
339633702  1 1 PASS
339668420  1 0 ses2MesFail
339668420  2 0 ses2MesFail
339668420  3 0 ses2MesFail
339672028  1 1 PASS
339890862  1 1 PASS
339890862  2 0 AltDetFail
339960875  1 0 ses2MesFail
340176267  1 0 AltDetFail
340356526  1 0 AltDetFail
340356526  2 0 AltDetFail
340460410  1 1 PASS
340632776  1 0 AltDetFail
340632776  2 0 AltDetFail
340633943  1 1 PASS
340633943  2 0 SecondaryOfPN_01
340633943  3 0 AltDetFail
340638718  1 0 ses2MesFail
341111486  1 1 PASS
341550561  1 0 AltDetFail
342169848  1 0 ses2MesFail
343088838  1 0 ChasesFail
343963409  1 1 PASS
344175457  1 1 PASS
347624278  1 1 PASS
347624278  2 0 ses2MesFail
348897766  1 0 AltDetFail
348897766  2 0 AltDetFail
348900258  1 0 AltDetFail
348900258  2 0 AltDetFail
348900258  3 0 AltDetFail
349152140  1 0 ses2MesFail
349154435  1 1 PASS
349154435  2 0 SecondaryOfPN_01
349157164  1 1 PASS
349157164  2 0 AltDetFail
349273478  1 1 PASS
349308842  1 1 PASS
349308842  2 0 SecondaryOfPN_01
349310205  1 0 AltDetFail
349480507  1 0 ses2MesFail
349484636  1 0 AltDetFail
349518145  1 1 PASS
349518800  1 1 PASS
349642881  1 1 PASS
349642881  2 0 SecondaryOfPN_01
349644606  1 1 PASS
349644606  2 0 AltDetFail
349647610  1 0 ChasesFail
349648510  1 1 PASS
349762699  1 0 ses2MesFail
349790953  1 1 PASS
349832824  1 0 ses2MesFail
349832824  2 0 AltDetFail
349832824  3 0 AltDetFail
349911034  1 1 PASS
349970685  1 1 PASS
349970685  2 0 SecondaryOfPN_01
350025490  1 1 PASS
350030740  1 0 ses2MesFail
350030939  1 0 AltDetFail
350030939  2 0 AltDetFail
350030939  3 0 AltDetFail
350094542  1 1 PASS
350094542  2 0 AltDetFail
350099092  1 0 AltDetFail
350141132  1 1 PASS
350141132  2 0 SecondaryOfPN_01
350298314  1 1 PASS
350431335  1 1 PASS
350443417  1 1 PASS
350443417  2 0 newMesShrink
350443417  3 0 AltDetFail
350443417  4 0 AltDetFail
350445771  1 1 PASS
350478924  1 0 ses2MesFail
350478924  2 0 AltDetFail
350479101  1 1 PASS
350479471  1 1 PASS
350480660  1 1 PASS
350518984  1 0 ses2MesFail
350520348  1 0 ses2MesFail
350716073  1 0 ses2MesFail
350716073  2 0 AltDetFail
350743714  1 1 PASS
355085368  1 0 ses2MesFail
355152640  1 0 ses2MesFail
355152971  1 0 ses2MesFail
355152971  2 0 newMesShrink
355462802  1 1 PASS
355462802  2 0 AltDetFail
355462802  3 0 AltDetFail
356460403  1 0 ChasesFail
356524567  1 1 PASS
356524567  2 0 SecondaryOfPN_01
356837591  1 1 PASS
356837591  2 1 PASS
356837591  3 0 ChasesFail
357023705  1 0 ses2MesFail
357023705  2 1 PASS
357633579  1 0 ses2MesFail
357639411  1 0 ChasesFail
358111274  1 0 ses2MesFail
358174980  1 0 ses2MesFail
358176584  1 0 ses2MesFail
358179405  1 0 AltDetFail
358465355  1 1 PASS
359271092  1 1 PASS
359740883  1 0 ChasesFail
359740883  2 0 ses2MesFail
360205899  1 0 AltDetFail
360205899  2 0 AltDetFail
360709162  1 0 ses2MesFail
360779428  1 0 ChasesFail
362413145  1 0 ses2MesFail
362511390  1 0 ChasesFail
362520882  1 0 ses2MesFail
363149298  1 0 AltDetFail
363326796  1 1 PASS
363326796  2 0 SecondaryOfPN_01
364051259  1 0 ses2MesFail
364051259  2 0 ses2MesFail
364302118  1 0 ses2MesFail
364325969  1 0 ses2MesFail
364395234  1 1 PASS
364397429  1 0 ses2MesFail
364588501  1 0 ses2MesFail
370101325  1 1 PASS
370101325  2 0 AltDetFail
370101492  1 1 PASS
370101492  2 0 ses2MesFail
370236000  1 0 AltDetFail
370236000  2 0 AltDetFail
370236000  3 0 AltDetFail
372909935  1 1 PASS
372911002  1 1 PASS
373424049  1 1 PASS
373432787  1 0 ChasesFail
373844472  1 1 PASS
373846934  1 1 PASS
374095457  1 1 PASS
374312771  1 0 ChasesFail
374366829  1 1 PASS
374366829  2 0 SecondaryOfPN_01
374753420  1 0 AltDetFail
375034557  1 0 ses2MesFail
375035936  1 1 PASS
375035936  2 0 AltDetFail
375054817  1 0 AltDetFail
375477302  1 1 PASS
377014890  1 0 AltDetFail
377014890  2 0 AltDetFail
377014890  3 0 AltDetFail
381948745  1 0 ses2MesFail
381949031  1 0 ses2MesFail
382028425  1 1 PASS
382028425  2 1 PASS
382069441  1 0 ses2MesFail
382069441  2 0 ChasesFail
382188882  1 1 PASS
382256863  1 1 PASS
382266319  1 0 ses2MesFail
382266319  2 0 AltDetFail
382512638  1 0 ses2MesFail
382517745  1 1 PASS
382517745  2 0 SecondaryOfPN_01
382529132  1 1 PASS
382529583  1 0 AltDetFail
382575703  1 1 PASS
382575967  1 0 ses2MesFail
382577618  1 1 PASS
382626661  1 1 PASS
382631664  1 0 AltDetFail
382631678  1 1 PASS
382631678  2 0 AltDetFail
383134735  1 0 ses2MesFail
384031569  1 1 PASS
385012516  1 0 ses2MesFail
385231167  1 1 PASS
385231167  2 0 SecondaryOfPN_01
385626253  1 0 ChasesFail
386072709  1 0 ses2MesFail
386166904  1 1 PASS
386166904  2 0 SecondaryOfPN_01
386242030  1 1 PASS
386627000  1 0 ses2MesFail
386627236  1 0 ses2MesFail
386674743  1 0 ses2MesFail
387103691  1 1 PASS
387178621  1 1 PASS
388129029  1 0 AltDetFail
388179896  1 0 AltDetFail
388179896  2 0 AltDetFail
388684102  1 1 PASS
389669796  1 1 PASS
389922504  1 1 PASS
389922504  2 0 AltDetFail
391554433  1 0 ses2MesFail
391873726  1 0 ses2MesFail
391873730  1 0 ses2MesFail
391895483  1 0 AltDetFail
391895483  2 0 AltDetFail
391927558  1 0 ses2MesFail
391927558  2 0 SecondaryOfPN_01
393420032  1 0 ses2MesFail
393420032  2 0 AltDetFail
393491149  1 0 AltDetFail
393837491  1 1 PASS
393837491  2 0 SecondaryOfPN_01
396902326  1 1 PASS
400525177  1 1 PASS
401309413  1 1 PASS
404768019  1 0 ses2MesFail
404804908  1 1 PASS
404927661  1 0 ses2MesFail
407661994  1 1 PASS
407661994  2 0 SecondaryOfPN_01
410062743  1 0 ses2MesFail
410450228  1 1 PASS
410450507  1 1 PASS
410487677  1 0 AltDetFail
410903516  1 1 PASS
415745128  1 0 ses2MesFail
422280868  1 1 PASS
423524230  1 1 PASS
423524230  2 0 SecondaryOfPN_01
429150549  1 1 PASS
429152610  1 0 ses2MesFail
429152610  2 0 ses2MesFail
429152614  1 0 newMesBelowThresh
429152614  2 1 PASS
429285270  1 1 PASS
429304876  1 1 PASS
432166381  1 0 ses2MesFail
432166381  2 1 PASS
432166381  3 0 ses2MesFail
432168104  1 1 PASS
432829812  1 1 PASS
432829812  2 1 PASS
434479378  1 1 PASS
434479378  2 0 ses2MesFail
434479525  1 1 PASS
434486077  1 1 PASS
436811829  1 1 PASS
437230158  1 0 ses2MesFail
437230910  1 1 PASS
437241830  1 1 PASS
437241830  2 0 AltDetFail
437242640  1 1 PASS
437243044  1 1 PASS
437248515  1 1 PASS
437261155  1 0 ses2MesFail
437261155  2 0 ses2MesFail
437261156  1 0 ChasesFail
437263458  1 0 ses2MesFail
437676607  1 1 PASS
438942374  1 1 PASS
439139241  1 1 PASS
439519959  1 1 PASS
439519959  2 0 SecondaryOfPN_01
439820695  1 1 PASS
440537642  1 0 AltDetFail
440537642  2 0 ses2MesFail
440538436  1 1 PASS
440647279  1 0 ChasesFail
440932562  1 1 PASS
440932562  2 0 AltDetFail
442456453  1 1 PASS
442456453  2 0 SecondaryOfPN_01
442456453  3 0 AltDetFail
443494351  1 1 PASS
443494351  2 0 AltDetFail
443494454  1 1 PASS
443494454  2 0 SecondaryOfPN_01
443494454  3 0 AltDetFail
443494454  4 0 AltDetFail
444842193  1 1 PASS
446764692  1 0 ChasesFail
446764692  2 0 newMesBelowThresh
446832107  1 1 PASS
446832107  2 0 SecondaryOfPN_01
447061717  1 0 ses2MesFail
448416124  1 1 PASS
453095485  1 0 AltDetFail
453095485  2 0 AltDetFail
453097744  1 0 ses2MesFail
453097744  2 0 AltDetFail
453450956  1 0 ses2MesFail
453465810  1 1 PASS
457573832  1 0 ses2MesFail
458161740  1 1 PASS
462067884  1 1 PASS
462162948  1 1 PASS
462267926  1 1 PASS
462267926  2 0 newMesShrink
462320070  1 0 ses2MesFail
462785373  1 1 PASS
462830232  1 1 PASS
462830232  2 0 SecondaryOfPN_01
463202584  1 1 PASS
463407668  1 0 ses2MesFail
463507016  1 1 PASS
463507016  2 0 SecondaryOfPN_01
463913492  1 1 PASS
464498986  1 0 newMesShrink
468997317  1 1 PASS
469034278  1 0 AltDetFail
469166137  1 1 PASS
