238932509  1 1 PASS
143848987  1 1 PASS
234509975  1 0 newMesShrink
 89465144  1 0 ses2MesFail
 70420766  1 1 PASS
220432563  1 0 ses2MesFail
206666063  1 0 ses2MesFail
382200986  1 0 ses2MesFail
441041386  1 0 ses2MesFail
147351822  1 0 AltDetFail
150167117  1 0 ses2MesFail
325178532  1 0 ChasesFail
303911896  1 1 PASS
140067837  1 0 ses2MesFail
281541555  1 1 PASS
147334367  1 0 AltDetFail
382266319  1 0 ses2MesFail
382266319  2 0 AltDetFail
 38467360  1 0 ses2MesFail
 38467360  2 0 newMesShrink
364302118  1 0 ses2MesFail
167754658  1 1 PASS
 30267198  1 1 PASS
308451526  1 1 PASS
308451526  2 0 AltDetFail
308451526  3 0 AltDetFail
309627556  1 1 PASS
309146836  1 0 newMesShrink
309146836  2 0 SecondaryOfPN_01
316787874  1 1 PASS
149990841  1 1 PASS
 29857954  1 1 PASS
350480660  1 1 PASS
372850169  1 0 AltDetFail
348762908  1 1 PASS
348762908  2 0 newMesBelowThresh
348762908  3 0 AltDetFail
150032294  1 0 ses2MesFail
197979666  1 1 PASS
300012172  1 0 ses2MesFail
300012172  2 0 AltDetFail
402104788  1 1 PASS
260504446  1 1 PASS
201233408  1 0 ses2MesFail
382188882  1 1 PASS
206669860  1 1 PASS
276793501  1 0 AltDetFail
293482088  1 0 ChasesFail
253933735  1 1 PASS
277649549  1 0 ses2MesFail
277649549  2 0 ses2MesFail
144307714  1 0 AltDetFail
201291279  1 0 ses2MesFail
201291279  2 0 SecondaryOfPN_01
201291279  3 0 AltDetFail
177077475  1 0 ses2MesFail
161315253  1 1 PASS
238171173  1 1 PASS
 25245922  1 0 newMesShrink
 25139786  1 1 PASS
267043786  1 0 AltDetFail
267043786  2 0 AltDetFail
279726914  1 0 ses2MesFail
306510653  1 1 PASS
161334416  1 1 PASS
197739769  1 1 PASS
 63280198  1 1 PASS
307210445  1 0 ses2MesFail
206498748  1 1 PASS
279855551  1 1 PASS
358049707  1 1 PASS
177309964  1 1 PASS
 31109182  1 0 ses2MesFail
 39080923  1 1 PASS
 52195943  1 1 PASS
220555048  1 1 PASS
220555048  2 0 SecondaryOfPN_01
 38827910  1 0 ses2MesFail
232073492  1 0 ChasesFail
231826813  1 1 PASS
220511367  1 0 AltDetFail
261646556  1 0 ses2MesFail
261646556  2 0 AltDetFail
238176110  1 1 PASS
231074850  1 1 PASS
176874136  1 1 PASS
220405105  1 0 ses2MesFail
267263253  1 1 PASS
281780792  1 0 ses2MesFail
261089147  1 0 ses2MesFail
261089147  2 0 ses2MesFail
149573659  1 1 PASS
149573659  2 0 SecondaryOfPN_01
 77427472  1 1 PASS
260161144  1 0 ses2MesFail
260161144  2 0 AltDetFail
260161144  3 0 newMesBelowThresh
314864553  1 0 ses2MesFail
314864553  2 0 AltDetFail
149473467  1 1 PASS
149473467  2 0 AltDetFail
139996019  1 0 ses2MesFail
206537793  1 0 ses2MesFail
238226533  1 1 PASS
309403898  1 0 newMesShrink
197573174  1 0 ses2MesFail
141811446  1 1 PASS
141811446  2 0 SecondaryOfPN_01
161290407  1 0 ses2MesFail
206686292  1 1 PASS
 39018208  1 1 PASS
 39018208  2 0 SecondaryOfPN_01
350479496  1 1 PASS
350479496  2 0 SecondaryOfPN_01
219138810  1 1 PASS
219138810  2 0 SecondaryOfPN_01
260502102  1 0 newMesShrink
260502102  2 0 newMesBelowThresh
260502102  3 0 newMesShrink
183978824  1 1 PASS
369705840  1 0 ses2MesFail
207080350  1 0 ses2MesFail
207080350  2 0 ses2MesFail
207080350  3 0 ses2MesFail
 31740375  1 0 ses2MesFail
 31740375  2 0 ses2MesFail
159638876  1 0 ses2MesFail
234994474  1 1 PASS
269762258  1 1 PASS
260164371  1 1 PASS
410186401  1 0 ses2MesFail
350025488  1 1 PASS
290028597  1 0 ses2MesFail
270219709  1 1 PASS
238870367  1 1 PASS
348897766  1 0 AltDetFail
348897766  2 0 AltDetFail
388106735  1 0 ses2MesFail
349647488  1 0 ses2MesFail
206617412  1 0 ses2MesFail
289840928  1 0 AltDetFail
289840928  2 0 AltDetFail
339578682  1 0 ses2MesFail
382300829  1 0 ses2MesFail
167208380  1 1 PASS
141871560  1 0 ses2MesFail
141871560  2 0 SecondaryOfPN_01
278666476  1 1 PASS
206544316  1 1 PASS
441183795  1 0 ses2MesFail
 53991904  1 0 ses2MesFail
374861595  1 1 PASS
237906138  1 1 PASS
204528074  1 0 ses2MesFail
204528074  2 0 SecondaryOfPN_01
261725358  1 1 PASS
235009317  1 0 ses2MesFail
206352378  1 1 PASS
469979014  1 0 AltDetFail
121420805  1 0 ses2MesFail
121420805  2 0 SecondaryOfPN_01
152926076  1 0 ses2MesFail
152926076  2 0 SecondaryOfPN_01
 31850842  1 1 PASS
 31850842  2 0 SecondaryOfPN_01
 31850842  3 0 newMesShrink
276934414  1 0 AltDetFail
204496071  1 0 ses2MesFail
143954210  1 1 PASS
350618622  1 0 ses2MesFail
140891597  1 0 AltDetFail
220567625  1 1 PASS
403151961  1 1 PASS
403151961  2 0 SecondaryOfPN_01
211380233  1 1 PASS
229067055  1 1 PASS
229067055  2 0 AltDetFail
 38680052  1 1 PASS
231828370  1 1 PASS
270368906  1 0 newMesBelowThresh
302333151  1 1 PASS
 38459686  1 0 ChasesFail
372909935  1 1 PASS
265566844  1 0 ses2MesFail
 38634085  1 0 ses2MesFail
 38634085  2 0 ses2MesFail
 38634085  3 0 AltDetFail
277298771  1 1 PASS
277298771  2 1 PASS
350153977  1 1 PASS
231848236  1 1 PASS
 25354620  1 1 PASS
471015240  1 0 AltDetFail
177255827  1 0 ses2MesFail
255594396  1 1 PASS
255594396  2 0 SecondaryOfPN_01
382101519  1 0 AltDetFail
382101519  2 0 AltDetFail
150105822  1 1 PASS
307210830  1 1 PASS
307210830  2 1 PASS
307210830  3 1 PASS
389869955  1 0 ses2MesFail
735229757  1 0 ses2MesFail
735229757  2 0 AltDetFail
149176080  1 0 AltDetFail
149176080  2 0 AltDetFail
304102832  1 0 ses2MesFail
229807000  1 0 newMesShrink
469933488  1 0 ses2MesFail
382028425  1 1 PASS
260820871  1 1 PASS
262823594  1 0 AltDetFail
262823594  2 0 AltDetFail
238228648  1 0 ChasesFail
425933644  1 1 PASS
425933644  2 0 AltDetFail
425933644  3 0 AltDetFail
425933644  4 0 AltDetFail
180412528  1 1 PASS
180412528  2 0 SecondaryOfPN_01
140659978  1 1 PASS
140659978  2 0 SecondaryOfPN_01
300141210  1 1 PASS
150068381  1 0 ses2MesFail
147203645  1 1 PASS
167602025  1 0 ChasesFail
 69812541  1 0 AltDetFail
270472265  1 1 PASS
325468685  1 1 PASS
300293197  1 1 PASS
300903537  1 1 PASS
300903537  2 0 SecondaryOfPN_01
206605715  1 0 ChasesFail
 51912829  1 1 PASS
 51912829  2 0 SecondaryOfPN_01
232062375  1 0 ses2MesFail
 55497265  1 0 ChasesFail
263078716  1 1 PASS
 89043241  1 1 PASS
167201539  1 1 PASS
322307342  1 1 PASS
147284470  1 1 PASS
321978218  1 0 AltDetFail
238173456  1 1 PASS
238173456  2 0 ses2MesFail
389049086  1 1 PASS
389049086  2 0 AltDetFail
 29778064  1 0 ses2MesFail
 29778064  2 0 AltDetFail
293525651  1 1 PASS
293525651  2 0 SecondaryOfPN_01
229066844  1 0 ses2MesFail
 52368472  1 0 AltDetFail
407584737  1 1 PASS
407584737  2 0 SecondaryOfPN_01
279639068  1 0 ses2MesFail
279639068  2 0 AltDetFail
183120439  1 1 PASS
167551757  1 1 PASS
300969581  1 0 ChasesFail
149060456  1 0 ses2MesFail
355493833  1 1 PASS
270507305  1 1 PASS
161223358  1 1 PASS
219205407  1 1 PASS
121469834  1 0 ses2MesFail
355446093  1 1 PASS
260003467  1 1 PASS
234494090  1 1 PASS
260298958  1 1 PASS
197570458  1 1 PASS
197570458  2 0 SecondaryOfPN_01
147085676  1 0 ses2MesFail
129637892  1 1 PASS
287438823  1 0 ses2MesFail
301795154  1 0 ses2MesFail
301795154  2 0 AltDetFail
281599144  1 1 PASS
141807839  1 0 ChasesFail
141807839  2 0 ses2MesFail
176874062  1 1 PASS
176874062  2 0 SecondaryOfPN_01
144276942  1 1 PASS
425935610  1 1 PASS
150429807  1 0 ses2MesFail
280097543  1 1 PASS
270222256  1 0 ses2MesFail
394698182  1 1 PASS
271891552  1 1 PASS
271795511  1 1 PASS
364395234  1 1 PASS
150442264  1 0 ses2MesFail
150442264  2 0 SecondaryOfPN_01
150442264  3 1 PASS
201252114  1 0 ses2MesFail
281666783  1 1 PASS
 61980227  1 1 PASS
260636730  1 0 ses2MesFail
302753992  1 1 PASS
 62483237  1 1 PASS
206537129  1 1 PASS
161382215  1 1 PASS
161382215  2 1 PASS
318568032  1 0 ChasesFail
279615956  1 1 PASS
269795198  1 0 ses2MesFail
177116487  1 0 ses2MesFail
 69819180  1 1 PASS
 69819180  2 0 SecondaryOfPN_01
 31743416  1 1 PASS
403135192  1 1 PASS
290131778  1 1 PASS
260654645  1 0 ChasesFail
176956893  1 1 PASS
441185178  1 1 PASS
231740019  1 1 PASS
301512695  1 0 ses2MesFail
161382479  1 1 PASS
161382479  2 0 SecondaryOfPN_01
234519192  1 1 PASS
 24293836  1 1 PASS
280794372  1 1 PASS
 99739368  1 0 ses2MesFail
272357134  1 1 PASS
272357134  2 0 SecondaryOfPN_01
255587619  1 1 PASS
317087106  1 0 ses2MesFail
317087106  2 1 PASS
394340319  1 1 PASS
149059954  1 1 PASS
149059954  2 0 AltDetFail
206592394  1 0 ses2MesFail
238197638  1 1 PASS
 89431590  1 0 ses2MesFail
 29860529  1 1 PASS
220504798  1 1 PASS
253934674  1 1 PASS
349156098  1 1 PASS
349156098  2 0 AltDetFail
167572975  1 0 ChasesFail
 31961007  1 0 newMesShrink
 31961007  2 0 SecondaryOfPN_01
 31869740  1 1 PASS
237915523  1 0 ses2MesFail
 30531417  1 0 AltDetFail
 30531417  2 0 AltDetFail
140760434  1 0 ses2MesFail
209394970  1 0 AltDetFail
220513299  1 0 ses2MesFail
220512467  1 1 PASS
220512467  2 0 SecondaryOfPN_01
140830390  1 1 PASS
355703913  1 1 PASS
253929719  1 1 PASS
300810086  1 1 PASS
167007869  1 1 PASS
142105158  1 1 PASS
370239669  1 0 AltDetFail
271725679  1 0 ses2MesFail
290496318  1 0 ses2MesFail
159746746  1 1 PASS
339770560  1 0 ses2MesFail
206460831  1 0 ses2MesFail
425937691  1 0 AltDetFail
425937691  2 0 AltDetFail
425937691  3 0 AltDetFail
139845816  1 0 AltDetFail
139845816  2 0 AltDetFail
266980320  1 1 PASS
214299966  1 1 PASS
177118939  1 0 AltDetFail
177118939  2 0 AltDetFail
220557792  1 0 ses2MesFail
206594870  1 1 PASS
206594870  2 0 SecondaryOfPN_01
284194837  1 0 AltDetFail
253926767  1 1 PASS
253926767  2 0 ses2MesFail
 29344935  1 1 PASS
150187916  1 1 PASS
150187916  2 0 SecondaryOfPN_01
 55746262  1 1 PASS
382528174  1 0 AltDetFail
369988687  1 1 PASS
281581467  1 0 ses2MesFail
231712555  1 0 ses2MesFail
141096229  1 0 ses2MesFail
161169240  1 0 ses2MesFail
382069435  1 0 ses2MesFail
382069435  2 0 SecondaryOfPN_01
382069435  3 0 AltDetFail
382069435  4 0 AltDetFail
201792346  1 0 ses2MesFail
220568520  1 0 ses2MesFail
232087348  1 0 ses2MesFail
232087348  2 0 SecondaryOfPN_01
260756218  1 1 PASS
220539110  1 1 PASS
220539110  2 0 ses2MesFail
267192440  1 1 PASS
 52079677  1 1 PASS
 52079677  2 0 SecondaryOfPN_01
231833061  1 0 ses2MesFail
147083431  1 1 PASS
237912030  1 0 ses2MesFail
237912030  2 0 ses2MesFail
 38586438  1 1 PASS
201248411  1 1 PASS
144000801  1 1 PASS
2026518709  1 0 AltDetFail
306773020  1 1 PASS
376985426  1 0 AltDetFail
376985426  2 0 AltDetFail
 33881250  1 0 ses2MesFail
238872494  1 1 PASS
389728831  1 0 AltDetFail
389728831  2 0 AltDetFail
260504147  1 1 PASS
310131956  1 1 PASS
350431335  1 1 PASS
220486712  1 0 AltDetFail
300560295  1 1 PASS
167251459  1 1 PASS
167251459  2 0 newMesBelowThresh
279737991  1 0 ses2MesFail
279737991  2 0 SecondaryOfPN_01
279737991  3 0 AltDetFail
394137224  1 0 ses2MesFail
350443417  1 0 ses2MesFail
350443417  2 0 newMesShrink
350443417  3 0 AltDetFail
350443417  4 0 AltDetFail
441025443  1 0 ses2MesFail
441025443  2 0 ses2MesFail
260797169  1 1 PASS
281781140  1 0 ses2MesFail
260269456  1 0 ses2MesFail
260269456  2 0 newMesBelowThresh
277683130  1 1 PASS
 38467100  1 1 PASS
404927661  1 0 ses2MesFail
317130019  1 0 ses2MesFail
 38679390  1 1 PASS
161264711  1 1 PASS
150432514  1 0 ses2MesFail
394346745  1 1 PASS
150428135  1 1 PASS
299798795  1 1 PASS
 25078924  1 1 PASS
 25078924  2 0 SecondaryOfPN_01
 25078924  3 0 AltDetFail
278825952  1 0 ses2MesFail
278825952  2 0 newMesBelowThresh
278825952  3 0 SesStatFail
260265964  1 1 PASS
139251123  1 1 PASS
206609630  1 1 PASS
410154584  1 1 PASS
 55404385  1 1 PASS
 55404385  2 0 ses2MesFail
299941037  1 1 PASS
 31109583  1 0 AltDetFail
220474209  1 1 PASS
220474209  2 0 newMesShrink
 92628706  1 1 PASS
 92628706  2 0 newMesShrink
144194304  1 0 ses2MesFail
144194304  2 0 AltDetFail
382302241  1 1 PASS
355426214  1 1 PASS
 31529035  1 0 newMesShrink
358576949  1 0 ses2MesFail
 40518041  1 1 PASS
167526485  1 1 PASS
301980639  1 1 PASS
425068409  1 0 AltDetFail
144301273  1 1 PASS
260505914  1 1 PASS
293506627  1 1 PASS
209313886  1 1 PASS
197757891  1 1 PASS
277890574  1 1 PASS
147425389  1 1 PASS
392813675  1 1 PASS
314829796  1 1 PASS
141768070  1 1 PASS
469936055  1 0 AltDetFail
271725674  1 0 ses2MesFail
349408306  1 1 PASS
349408306  2 0 AltDetFail
 38936062  1 1 PASS
 38937499  1 1 PASS
 38937499  2 0 SecondaryOfPN_01
237922465  1 1 PASS
373915220  1 1 PASS
373915220  2 0 SecondaryOfPN_01
141187075  1 1 PASS
 69818351  1 0 AltDetFail
139349813  1 1 PASS
309257814  1 1 PASS
237885807  1 0 ses2MesFail
129710422  1 1 PASS
314826949  1 1 PASS
281461138  1 1 PASS
369993181  1 0 AltDetFail
369993181  2 0 AltDetFail
220415088  1 1 PASS
 38833595  1 1 PASS
117516791  1 1 PASS
393491149  1 0 AltDetFail
260353841  1 1 PASS
260353841  2 0 AltDetFail
309402106  1 0 ses2MesFail
206541859  1 0 ses2MesFail
150322544  1 0 ses2MesFail
150437346  1 1 PASS
261335113  1 1 PASS
261335113  2 0 SecondaryOfPN_01
394230860  1 0 ses2MesFail
 47482754  1 1 PASS
149603524  1 1 PASS
126945917  1 0 ses2MesFail
441200647  1 1 PASS
441200647  2 0 SecondaryOfPN_01
402026209  1 1 PASS
206409997  1 0 ses2MesFail
230981685  1 0 ses2MesFail
271799457  1 1 PASS
382602147  1 1 PASS
231712886  1 0 AltDetFail
391949880  1 1 PASS
150101472  1 1 PASS
231914259  1 0 ChasesFail
 69818350  1 0 AltDetFail
 52368076  1 1 PASS
 52368076  2 1 PASS
 92595555  1 0 ChasesFail
144459490  1 0 AltDetFail
144459490  2 0 AltDetFail
300599466  1 0 ses2MesFail
144336221  1 1 PASS
144336221  2 0 SecondaryOfPN_01
206480502  1 0 ses2MesFail
197959526  1 1 PASS
260985861  1 1 PASS
183979262  1 1 PASS
183979262  2 0 SecondaryOfPN_01
370247078  1 0 ses2MesFail
370247078  2 0 AltDetFail
150323334  1 1 PASS
403224672  1 1 PASS
469979084  1 0 AltDetFail
139256217  1 1 PASS
425934411  1 1 PASS
 30531851  1 0 ChasesFail
394287035  1 1 PASS
 89020549  1 1 PASS
234489976  1 1 PASS
 25118964  1 0 newMesBelowThresh
206670480  1 0 AltDetFail
206670480  2 0 AltDetFail
389328965  1 0 ses2MesFail
 69816202  1 0 ses2MesFail
260476837  1 1 PASS
260476837  2 0 SesStatFail
260476837  3 0 newMesBelowThresh
260476837  4 0 newMesBelowThresh
214912448  1 0 ses2MesFail
214912448  2 0 SecondaryOfPN_01
214912448  3 0 AltDetFail
269797536  1 0 ChasesFail
269797536  2 0 ses2MesFail
281562429  1 0 ses2MesFail
206328160  1 0 AltDetFail
206328160  2 0 AltDetFail
358543427  1 1 PASS
358543427  2 0 SecondaryOfPN_01
259864042  1 1 PASS
281496939  1 1 PASS
281496939  2 0 SecondaryOfPN_01
299897516  1 1 PASS
231907973  1 0 ses2MesFail
231907973  2 1 PASS
280095254  1 1 PASS
 70440470  1 1 PASS
 89424946  1 0 AltDetFail
234290505  1 0 AltDetFail
150442268  1 1 PASS
425940082  1 0 ses2MesFail
183301671  1 1 PASS
182294086  1 0 AltDetFail
182294086  2 0 AltDetFail
402065454  1 1 PASS
238814798  1 1 PASS
267263809  1 1 PASS
267263809  2 0 SecondaryOfPN_01
 24695044  1 1 PASS
220490418  1 0 ses2MesFail
206605718  1 0 ses2MesFail
206605718  2 0 ses2MesFail
280053651  1 0 ses2MesFail
 30275662  1 1 PASS
 92731608  1 0 ChasesFail
406318573  1 1 PASS
441158994  1 1 PASS
374910314  1 0 ses2MesFail
167554898  1 1 PASS
 53896096  1 1 PASS
 53896096  2 0 AltDetFail
197760286  1 1 PASS
140580579  1 0 ses2MesFail
140580579  2 0 SecondaryOfPN_01
140580579  3 0 SecondaryOfPN_01
140580579  4 0 AltDetFail
389669796  1 1 PASS
279741942  1 1 PASS
279741942  2 0 ses2MesFail
 52118080  1 1 PASS
150320620  1 1 PASS
 25155310  1 1 PASS
280803917  1 1 PASS
277108449  1 1 PASS
369965258  1 1 PASS
260043723  1 1 PASS
425863844  1 0 ChasesFail
425863844  2 0 SecondaryOfPN_01
425863844  3 0 ses2MesFail
294273900  1 0 ses2MesFail
294273900  2 0 AltDetFail
 31273263  1 0 ses2MesFail
302028439  1 0 ChasesFail
306828113  1 1 PASS
220435095  1 1 PASS
140691463  1 1 PASS
267040070  1 1 PASS
388105497  1 0 AltDetFail
388105497  2 0 AltDetFail
238914789  1 0 AltDetFail
439366537  1 1 PASS
147406559  1 1 PASS
234507163  1 1 PASS
237332597  1 1 PASS
237332597  2 0 SecondaryOfPN_01
270219048  1 1 PASS
260891473  1 1 PASS
299799658  1 1 PASS
 55601705  1 1 PASS
382068562  1 1 PASS
306576958  1 0 AltDetFail
 40340867  1 1 PASS
301976951  1 0 ses2MesFail
301976951  2 0 ses2MesFail
301794907  1 0 ses2MesFail
234288940  1 1 PASS
234288940  2 0 ses2MesFail
206597445  1 1 PASS
206597445  2 0 SecondaryOfPN_01
307084982  1 1 PASS
 89358641  1 0 ChasesFail
 89358641  2 0 ses2MesFail
 89358641  3 0 SecondaryOfPN_01
139128537  1 1 PASS
139128537  2 0 SecondaryOfPN_01
139128537  3 0 SecondaryOfPN_01
139128537  4 0 AltDetFail
391925531  1 0 ses2MesFail
201289552  1 0 ChasesFail
167303776  1 0 ses2MesFail
167303776  2 1 PASS
167303776  3 1 PASS
167303776  4 0 ses2MesFail
260304800  1 1 PASS
139825840  1 1 PASS
177175199  1 1 PASS
349765573  1 1 PASS
141122198  1 0 ses2MesFail
219201178  1 1 PASS
219201178  2 0 SecondaryOfPN_01
273792220  1 0 ses2MesFail
273792220  2 0 ses2MesFail
364538560  1 1 PASS
364538560  2 0 SecondaryOfPN_01
 33864821  1 1 PASS
 33864821  2 0 SecondaryOfPN_01
 33864821  3 0 AltDetFail
233964642  1 0 ses2MesFail
150393497  1 0 newMesBelowThresh
348995212  1 1 PASS
166969346  1 1 PASS
279740441  1 1 PASS
381979901  1 1 PASS
289794728  1 0 ses2MesFail
 55650494  1 1 PASS
273861698  1 1 PASS
273861698  2 0 ses2MesFail
273861698  3 0 newMesShrink
234506911  1 0 ses2MesFail
229809557  1 1 PASS
273853024  1 0 newMesBelowThresh
293345927  1 0 AltDetFail
293345927  2 0 AltDetFail
293345927  3 0 AltDetFail
234290005  1 1 PASS
350025490  1 1 PASS
388104525  1 1 PASS
206439308  1 1 PASS
209319368  1 1 PASS
311925584  1 1 PASS
404804908  1 1 PASS
302296434  1 1 PASS
159735013  1 0 AltDetFail
328012209  1 1 PASS
 92594505  1 1 PASS
 38846515  1 1 PASS
2027944884  1 1 PASS
 24292625  1 0 ses2MesFail
 24292625  2 0 ChasesFail
232079930  1 1 PASS
234518883  1 0 ChasesFail
234518883  2 0 SecondaryOfPN_01
139914420  1 0 ses2MesFail
306635088  1 1 PASS
260239481  1 1 PASS
260239481  2 0 newMesShrink
207077681  1 1 PASS
237320326  1 1 PASS
179317684  1 1 PASS
441037434  1 0 ChasesFail
139285832  1 1 PASS
279327604  1 1 PASS
321977787  1 0 AltDetFail
299779868  1 0 ses2MesFail
299779868  2 0 SecondaryOfPN_01
299779868  3 0 newMesShrink
265592275  1 1 PASS
382633273  1 0 ses2MesFail
150166721  1 1 PASS
150166721  2 0 ChasesFail
150166721  3 0 AltDetFail
167005481  1 0 AltDetFail
382552502  1 1 PASS
140068425  1 1 PASS
403136415  1 1 PASS
410153553  1 1 PASS
350332997  1 1 PASS
140802498  1 0 ses2MesFail
140802498  2 0 SecondaryOfPN_01
143822655  1 1 PASS
370243555  1 0 AltDetFail
370243555  2 0 AltDetFail
261136679  1 1 PASS
272236017  1 1 PASS
279314127  1 0 ses2MesFail
 29752683  1 0 ses2MesFail
152799053  1 1 PASS
206553131  1 0 ses2MesFail
289793076  1 1 PASS
278802982  1 1 PASS
147133612  1 0 ses2MesFail
147133612  2 0 ses2MesFail
281459670  1 1 PASS
231845634  1 0 AltDetFail
231845634  2 0 AltDetFail
231910539  1 0 ses2MesFail
261136000  1 1 PASS
410214986  1 0 ses2MesFail
410214986  2 0 ses2MesFail
 52205451  1 0 ses2MesFail
271975726  1 0 ses2MesFail
139721086  1 0 ses2MesFail
139721086  2 0 newMesShrink
204546795  1 1 PASS
204546795  2 0 newMesBelowThresh
219164808  1 1 PASS
278683641  1 1 PASS
278683641  2 0 SecondaryOfPN_01
197758935  1 0 newMesShrink
393940766  1 1 PASS
115244268  1 1 PASS
115244268  2 0 SecondaryOfPN_01
234491752  1 0 ses2MesFail
234491752  2 0 SecondaryOfPN_01
234523599  1 1 PASS
 89396609  1 0 ses2MesFail
206482471  1 0 ChasesFail
471012589  1 0 newMesShrink
167812449  1 1 PASS
188637088  1 1 PASS
155995204  1 1 PASS
237885040  1 1 PASS
388198242  1 1 PASS
 79492099  1 0 ses2MesFail
355600246  1 1 PASS
260536927  1 0 ses2MesFail
261261490  1 1 PASS
261261490  2 0 SecondaryOfPN_01
207080361  1 1 PASS
207080361  2 0 ses2MesFail
 50346583  1 0 ChasesFail
144336525  1 0 AltDetFail
270341214  1 0 ses2MesFail
 38699825  1 0 AltDetFail
304033253  1 1 PASS
304033253  2 0 SecondaryOfPN_01
219181266  1 0 ses2MesFail
263075864  1 1 PASS
349307344  1 0 ses2MesFail
299780329  1 1 PASS
270219706  1 1 PASS
300013489  1 1 PASS
300871376  1 0 AltDetFail
300871376  2 0 AltDetFail
300871376  3 0 AltDetFail
139993838  1 0 ses2MesFail
139993838  2 0 ses2MesFail
139993838  3 0 ses2MesFail
279949020  1 0 ses2MesFail
279949020  2 0 ses2MesFail
364588501  1 0 ses2MesFail
238870487  1 0 AltDetFail
 53993965  1 1 PASS
396697394  1 1 PASS
234295610  1 1 PASS
234295610  2 0 SecondaryOfPN_01
234295610  3 0 AltDetFail
234295610  4 0 AltDetFail
234295610  5 0 AltDetFail
238227405  1 0 ses2MesFail
211412634  1 0 ses2MesFail
211412634  2 0 ses2MesFail
211412634  3 0 AltDetFail
206471124  1 0 ses2MesFail
 69819610  1 0 AltDetFail
260657291  1 1 PASS
141268467  1 1 PASS
141268467  2 0 newMesShrink
141268467  3 0 newMesBelowThresh
 32150999  1 1 PASS
 32150999  2 0 SecondaryOfPN_01
270342589  1 1 PASS
349907707  1 0 ses2MesFail
201289550  1 1 PASS
140050392  1 1 PASS
159875384  1 1 PASS
159875384  2 0 SecondaryOfPN_01
220556639  1 0 ses2MesFail
253922296  1 1 PASS
 12655409  1 0 ses2MesFail
206543847  1 0 ses2MesFail
394126943  1 0 ses2MesFail
394126943  2 0 SecondaryOfPN_01
211376134  1 0 ses2MesFail
410151515  1 1 PASS
410151515  2 0 SecondaryOfPN_01
394657039  1 1 PASS
144065872  1 1 PASS
 12723924  1 0 ses2MesFail
1992266045  1 1 PASS
273571987  1 1 PASS
309254930  1 1 PASS
206586025  1 0 ChasesFail
410214984  1 0 ses2MesFail
410214984  2 0 ses2MesFail
441026718  1 1 PASS
231840927  1 1 PASS
358290150  1 0 ses2MesFail
358290150  2 0 AltDetFail
303951776  1 1 PASS
144045880  1 1 PASS
 55497281  1 1 PASS
 55497281  2 0 ses2MesFail
 33714944  1 0 ses2MesFail
234997194  1 1 PASS
265613590  1 1 PASS
265613590  2 0 SecondaryOfPN_01
 38850860  1 1 PASS
206498307  1 1 PASS
 32052779  1 0 ses2MesFail
 33877343  1 1 PASS
293507177  1 1 PASS
143924219  1 1 PASS
143924219  2 0 SecondaryOfPN_01
348995211  1 1 PASS
260128333  1 1 PASS
141975926  1 0 newMesBelowThresh
289840926  1 0 AltDetFail
289840926  2 0 AltDetFail
231850364  1 1 PASS
360147541  1 0 ses2MesFail
139771134  1 1 PASS
300038246  1 1 PASS
358107516  1 1 PASS
 25375553  1 1 PASS
325491059  1 0 ses2MesFail
350954265  1 1 PASS
294206429  1 0 ChasesFail
294206429  2 0 AltDetFail
290605303  1 1 PASS
290605303  2 0 SecondaryOfPN_01
231708319  1 1 PASS
231708319  2 0 ses2MesFail
271893367  1 1 PASS
219322317  1 1 PASS
234290432  1 0 ChasesFail
220521199  1 0 ses2MesFail
177283493  1 0 ses2MesFail
271503441  1 1 PASS
348770361  1 1 PASS
