287327575  1 1 PASS
260505914  1 1 PASS
167526485  1 1 PASS
425068409  1 1 PASS
  3921749  1 1 PASS
  3921749  2 0 newMesShrink
328115889  1 0 ses2MesFail
388814426  1 1 PASS
632499595  1 0 ses2MesFail
632499595  2 0 ChasesFail
 31815407  1 0 AltDetFail
369494767  1 0 ses2MesFail
369494767  2 0 ses2MesFail
369494767  3 0 newMesBelowThresh
369494767  4 0 AltDetFail
369494767  5 0 AltDetFail
382302241  1 1 PASS
220474209  1 1 PASS
220474209  2 0 newMesShrink
 55848818  1 1 PASS
 55848818  2 0 AltDetFail
175532955  1 1 PASS
404467699  1 1 PASS
 31109583  1 1 PASS
262878692  1 0 ses2MesFail
241445833  1 0 ses2MesFail
290170195  1 0 AltDetFail
268862481  1 0 ses2MesFail
114435818  1 1 PASS
198037139  1 0 ses2MesFail
198037139  2 0 ses2MesFail
198037139  3 0 AltDetFail
198037139  4 0 AltDetFail
257421212  1 0 AltDetFail
100097716  1 1 PASS
138727432  1 1 PASS
369993181  1 0 AltDetFail
369993181  2 0 AltDetFail
358176584  1 0 ses2MesFail
358176584  2 0 ses2MesFail
339890862  1 1 PASS
339890862  2 0 AltDetFail
200789127  1 1 PASS
 41835717  1 1 PASS
 92231740  1 1 PASS
 67669587  1 0 ses2MesFail
373915220  1 1 PASS
373915220  2 0 SecondaryOfPN_01
349408306  1 1 PASS
349408306  2 0 SecondaryOfPN_01
344279329  1 1 PASS
200723869  1 1 PASS
339633702  1 1 PASS
339633702  2 0 AltDetFail
299120158  1 0 ses2MesFail
370236000  1 0 AltDetFail
370236000  2 0 AltDetFail
259318185  1 0 ses2MesFail
141768070  1 1 PASS
 77111305  1 0 ses2MesFail
271799457  1 1 PASS
198003939  1 1 PASS
309659126  1 0 AltDetFail
309659126  2 0 AltDetFail
 11528292  1 0 ses2MesFail
 11528292  2 0 ses2MesFail
150167319  1 0 ses2MesFail
260351540  1 0 ses2MesFail
201938513  1 0 ses2MesFail
201938513  2 0 ses2MesFail
321068176  1 1 PASS
200850660  1 0 ses2MesFail
200850660  2 0 newMesShrink
 29847695  1 0 ses2MesFail
 29847695  2 0 SecondaryOfPN_01
220564045  1 1 PASS
287187400  1 0 ses2MesFail
220397127  1 1 PASS
144149848  1 1 PASS
632180060  1 0 AltDetFail
632180060  2 0 AltDetFail
149603524  1 1 PASS
150437346  1 1 PASS
259376846  1 0 ses2MesFail
 67628993  1 1 PASS
 67628993  2 0 SecondaryOfPN_01
398672234  1 0 ses2MesFail
231279823  1 1 PASS
326093062  1 0 ses2MesFail
326093062  2 0 ses2MesFail
685356872  1 0 ses2MesFail
393491149  1 0 AltDetFail
401913214  1 0 ChasesFail
401913214  2 0 ses2MesFail
142178693  1 0 ses2MesFail
220430912  1 0 ses2MesFail
220430912  2 0 ses2MesFail
 33770927  1 1 PASS
 70490438  1 1 PASS
259701720  1 0 ses2MesFail
259701720  2 0 SecondaryOfPN_01
326092524  1 0 ses2MesFail
164767175  1 1 PASS
268766053  1 1 PASS
149539114  1 0 ses2MesFail
287400996  1 1 PASS
 11614485  1 0 ChasesFail
219254827  1 0 ses2MesFail
219254827  2 0 AltDetFail
404968457  1 1 PASS
 25002134  1 0 ses2MesFail
281582156  1 0 ses2MesFail
373918302  1 0 AltDetFail
270429780  1 1 PASS
122612091  1 1 PASS
229153733  1 1 PASS
164720895  1 0 AltDetFail
339672028  1 1 PASS
248387177  1 0 ses2MesFail
358543427  1 1 PASS
358543427  2 0 ses2MesFail
358543427  3 0 newMesBelowThresh
358543427  4 0 newMesShrink
167458680  1 1 PASS
167458680  2 0 newMesShrink
260476837  1 1 PASS
 41833926  1 1 PASS
178155732  1 1 PASS
178155732  2 1 PASS
178155732  3 1 PASS
382437417  1 1 PASS
197788791  1 1 PASS
176797815  1 1 PASS
178155030  1 0 AltDetFail
178155030  2 0 ses2MesFail
 25118964  1 0 newMesShrink
 30848598  1 1 PASS
340783851  1 1 PASS
166853161  1 0 AltDetFail
142178690  1 0 ChasesFail
160008866  1 0 AltDetFail
140580579  1 0 ses2MesFail
140580579  2 0 SecondaryOfPN_01
140580579  3 0 AltDetFail
176780116  1 0 ses2MesFail
176780116  2 0 AltDetFail
262878706  1 0 ChasesFail
167554898  1 1 PASS
220557560  1 0 ses2MesFail
 35119266  1 0 ses2MesFail
 35119266  2 0 newMesShrink
 40083958  1 1 PASS
 30275662  1 0 AltDetFail
 30275662  2 0 AltDetFail
231058925  1 0 AltDetFail
231058925  2 0 AltDetFail
259376845  1 0 ses2MesFail
374910314  1 0 ses2MesFail
306344182  1 0 ses2MesFail
 33664569  1 0 ses2MesFail
 70502921  1 0 newMesBelowThresh
 70502921  2 0 ses2MesFail
139524475  1 0 AltDetFail
278198753  1 1 PASS
141869060  1 1 PASS
631837983  1 0 ChasesFail
279673247  1 1 PASS
401872377  1 1 PASS
219989191  1 0 ChasesFail
294273900  1 0 AltDetFail
140691463  1 1 PASS
220435095  1 1 PASS
388105497  1 0 AltDetFail
388105497  2 0 AltDetFail
269593126  1 1 PASS
262820393  1 0 ses2MesFail
147458909  1 0 AltDetFail
260043723  1 1 PASS
159951311  1 1 PASS
277108449  1 0 AltDetFail
398733009  1 1 PASS
150320620  1 1 PASS
 25155310  1 1 PASS
280803917  1 1 PASS
140493236  1 0 ses2MesFail
140493236  2 0 newMesBelowThresh
279741942  1 1 PASS
 31814089  1 0 ses2MesFail
179308923  1 0 AltDetFail
389669796  1 1 PASS
 32283946  1 1 PASS
339859782  1 1 PASS
372851229  1 0 AltDetFail
372851229  2 0 AltDetFail
372851229  3 0 AltDetFail
309659124  1 0 AltDetFail
309659124  2 0 AltDetFail
146282666  1 1 PASS
197931808  1 0 ses2MesFail
153065527  1 1 PASS
153077619  1 0 ses2MesFail
632499596  1 0 ses2MesFail
632499596  2 0 newMesBelowThresh
197933923  1 0 ses2MesFail
197933923  2 0 AltDetFail
197933923  3 0 AltDetFail
306576958  1 0 AltDetFail
382068562  1 1 PASS
 40612150  1 1 PASS
120916706  1 1 PASS
 55601705  1 1 PASS
219229275  1 0 ses2MesFail
165184228  1 1 PASS
165184228  2 0 SecondaryOfPN_01
 91591889  1 0 ses2MesFail
326093003  1 0 ses2MesFail
 25003027  1 1 PASS
293345927  1 0 AltDetFail
293345927  2 0 AltDetFail
350025490  1 1 PASS
388104525  1 1 PASS
 29918916  1 1 PASS
382624902  1 0 ses2MesFail
382624902  2 0 ses2MesFail
381979901  1 1 PASS
381979901  2 0 SecondaryOfPN_01
259511357  1 1 PASS
 55650494  1 1 PASS
344370328  1 0 ses2MesFail
233964642  1 0 ses2MesFail
166969346  1 1 PASS
166969346  2 0 AltDetFail
348995212  1 1 PASS
279740441  1 1 PASS
207132076  1 0 ses2MesFail
 91542943  1 1 PASS
262821804  1 0 ses2MesFail
279425357  1 1 PASS
364538560  1 1 PASS
364538560  2 0 SecondaryOfPN_01
364538560  3 0 AltDetFail
 33864821  1 1 PASS
 33864821  2 0 SecondaryOfPN_01
 31381651  1 1 PASS
388105183  1 0 ChasesFail
177175199  1 1 PASS
271900960  1 1 PASS
259589049  1 1 PASS
167303776  1 0 ses2MesFail
167303776  2 1 PASS
167303776  3 0 ses2MesFail
631837984  1 0 ChasesFail
439456714  1 1 PASS
198077394  1 1 PASS
231296904  1 0 ses2MesFail
149600376  1 0 AltDetFail
231065067  1 0 ses2MesFail
231065067  2 0 AltDetFail
268718018  1 0 newMesShrink
268718018  2 0 AltDetFail
 31655792  1 0 AltDetFail
248379892  1 0 ses2MesFail
219244444  1 1 PASS
219244444  2 0 SecondaryOfPN_01
219244444  3 0 SecondaryOfPN_01
219244444  4 0 AltDetFail
152476657  1 1 PASS
152476657  2 0 SecondaryOfPN_01
141865875  1 0 AltDetFail
141865875  2 0 AltDetFail
141865875  3 0 AltDetFail
 33864387  1 0 ses2MesFail
179317684  1 1 PASS
 38515801  1 0 ses2MesFail
 38515801  2 0 ChasesFail
328116100  1 1 PASS
167602738  1 1 PASS
167602738  2 0 AltDetFail
144122210  1 1 PASS
144122210  2 0 SecondaryOfPN_01
 29779122  1 0 ChasesFail
439405476  1 1 PASS
272086159  1 0 ses2MesFail
306635088  1 1 PASS
306635088  2 0 SecondaryOfPN_01
 63898957  1 1 PASS
 63898957  2 1 PASS
399731211  1 0 ChasesFail
 66493199  1 0 ses2MesFail
 66493199  2 0 AltDetFail
 38846515  1 1 PASS
404804908  1 1 PASS
207141131  1 1 PASS
175518318  1 0 ses2MesFail
 31637479  1 1 PASS
369603748  1 1 PASS
364589602  1 0 ses2MesFail
311925584  1 1 PASS
219998026  1 0 ses2MesFail
219998026  2 1 PASS
167344043  1 0 ses2MesFail
272236017  1 1 PASS
276935987  1 0 ChasesFail
260476635  1 1 PASS
294754396  1 0 ses2MesFail
382260153  1 1 PASS
350332997  1 1 PASS
358252947  1 0 ses2MesFail
140802498  1 1 PASS
 79548760  1 1 PASS
 64109009  1 0 AltDetFail
 64109009  2 0 SecondaryOfPN_01
 64109009  3 0 AltDetFail
735873292  1 1 PASS
 70553662  1 0 AltDetFail
 70553662  2 0 SecondaryOfPN_01
 70553662  3 0 AltDetFail
 70553662  4 0 AltDetFail
167005481  1 1 PASS
150166721  1 1 PASS
150166721  2 0 SecondaryOfPN_01
382552502  1 0 ses2MesFail
158624542  1 0 ChasesFail
382258517  1 0 ChasesFail
382258517  2 1 PASS
122613378  1 0 ses2MesFail
 66534797  1 0 ses2MesFail
231275247  1 1 PASS
231275247  2 0 SecondaryOfPN_01
266769521  1 0 AltDetFail
220016044  1 1 PASS
111363968  1 1 PASS
259675295  1 1 PASS
259675295  2 0 SecondaryOfPN_01
308245136  1 0 ses2MesFail
308245136  2 0 ChasesFail
 40797468  1 1 PASS
 91636891  1 0 ses2MesFail
167812449  1 1 PASS
167812449  2 0 SecondaryOfPN_01
175491080  1 0 ses2MesFail
350861012  1 1 PASS
167456185  1 0 ses2MesFail
278683641  1 1 PASS
278683641  2 0 SecondaryOfPN_01
323297738  1 0 AltDetFail
 32398153  1 0 ses2MesFail
 32398153  2 0 AltDetFail
685385779  1 1 PASS
 63898806  1 0 ses2MesFail
 63898806  2 0 ses2MesFail
 72668830  1 1 PASS
 67630845  1 1 PASS
115379421  1 0 ses2MesFail
238227405  1 0 ses2MesFail
381950094  1 0 ses2MesFail
 10863087  1 0 ses2MesFail
 10863087  2 0 ChasesFail
 28116365  1 1 PASS
209409435  1 1 PASS
209409435  2 0 ses2MesFail
 49615683  1 0 ses2MesFail
279949020  1 1 PASS
279949020  2 0 SecondaryOfPN_01
364588501  1 0 ses2MesFail
364588501  2 0 ses2MesFail
423667418  1 0 ses2MesFail
632519155  1 0 ses2MesFail
300013489  1 1 PASS
 38699825  1 0 AltDetFail
122503733  1 0 ChasesFail
197787155  1 1 PASS
259476330  1 1 PASS
259476330  2 0 SecondaryOfPN_01
  3815360  1 1 PASS
287328848  1 1 PASS
260536927  1 1 PASS
425064757  1 0 newMesShrink
425064757  2 0 AltDetFail
425064757  3 0 AltDetFail
166787511  1 1 PASS
 33625362  1 0 ses2MesFail
142268253  1 0 ChasesFail
122671519  1 0 ChasesFail
150359500  1 0 ChasesFail
150359500  2 0 ses2MesFail
344299442  1 1 PASS
344299442  2 0 ses2MesFail
262839890  1 0 ses2MesFail
 32282599  1 1 PASS
 32282599  2 0 newMesBelowThresh
 32282599  3 0 newMesShrink
 11487334  1 0 ses2MesFail
300998506  1 0 ses2MesFail
 32268779  1 0 AltDetFail
326210426  1 0 ses2MesFail
326210426  2 0 ses2MesFail
165124012  1 1 PASS
100014359  1 1 PASS
 32150999  1 1 PASS
 32150999  2 0 SecondaryOfPN_01
294271676  1 0 AltDetFail
 11487972  1 0 newMesBelowThresh
349907707  1 0 ses2MesFail
 30931288  1 1 PASS
141268467  1 1 PASS
141268467  2 0 ses2MesFail
141268467  3 0 ses2MesFail
 42014741  1 1 PASS
287979908  1 1 PASS
248945408  1 1 PASS
294750180  1 0 ses2MesFail
281630320  1 0 newMesBelowThresh
212950885  1 1 PASS
212950885  2 0 ChasesFail
248391319  1 1 PASS
120896927  1 1 PASS
179312477  1 1 PASS
176778112  1 1 PASS
231063955  1 1 PASS
142305546  1 0 newMesShrink
 32266439  1 0 ses2MesFail
 55497281  1 1 PASS
 55497281  2 0 ses2MesFail
231286446  1 0 ses2MesFail
259586708  1 0 AltDetFail
259586708  2 0 AltDetFail
358290150  1 1 PASS
358290150  2 0 newMesBelowThresh
358290150  3 0 newMesBelowThresh
197829751  1 0 ses2MesFail
220523369  1 0 ses2MesFail
220523369  2 0 newMesShrink
271893367  1 1 PASS
220521199  1 1 PASS
220521199  2 0 AltDetFail
177283493  1 0 ses2MesFail
350954265  1 1 PASS
294206429  1 1 PASS
294206429  2 0 ses2MesFail
271900514  1 0 ses2MesFail
279251651  1 1 PASS
300038246  1 1 PASS
 49594667  1 0 ses2MesFail
149102762  1 1 PASS
101126742  1 1 PASS
364979563  1 0 ChasesFail
348995211  1 1 PASS
100917608  1 0 ses2MesFail
260128333  1 1 PASS
260128333  2 0 SecondaryOfPN_01
 10837653  1 1 PASS
141975926  1 0 ses2MesFail
141975926  2 0 ChasesFail
198008281  1 0 AltDetFail
198008281  2 0 AltDetFail
152972203  1 1 PASS
152972203  2 0 newMesBelowThresh
302987876  1 1 PASS
141708335  1 1 PASS
259593290  1 1 PASS
350480660  1 1 PASS
201938583  1 0 ses2MesFail
201938583  2 0 ses2MesFail
276789915  1 0 ses2MesFail
321011127  1 1 PASS
 72636949  1 1 PASS
167754658  1 1 PASS
201859481  1 0 ChasesFail
 30267198  1 1 PASS
349055915  1 0 ses2MesFail
 79566479  1 0 ses2MesFail
 79566479  2 0 ses2MesFail
 63841259  1 0 ses2MesFail
159966544  1 0 ses2MesFail
364302118  1 0 newMesShrink
382266319  1 0 ses2MesFail
382266319  2 0 AltDetFail
219224399  1 1 PASS
219224399  2 0 SecondaryOfPN_01
219224399  3 0 newMesShrink
207200487  1 1 PASS
358401810  1 1 PASS
259573619  1 0 ses2MesFail
159966246  1 1 PASS
140900726  1 1 PASS
241671730  1 0 ses2MesFail
166852313  1 0 ChasesFail
271806353  1 1 PASS
200787658  1 1 PASS
200787658  2 0 AltDetFail
198076322  1 1 PASS
198076322  2 0 SecondaryOfPN_01
382188882  1 1 PASS
114472503  1 0 ses2MesFail
114472503  2 0 ses2MesFail
276793501  1 0 AltDetFail
369492916  1 1 PASS
271693722  1 0 ses2MesFail
115282129  1 1 PASS
300012172  1 0 ses2MesFail
207109794  1 1 PASS
207109794  2 0 SecondaryOfPN_01
358250091  1 0 AltDetFail
 40085486  1 0 ChasesFail
167457891  1 0 ses2MesFail
231289421  1 1 PASS
 11528274  1 0 ses2MesFail
 11528274  2 0 ses2MesFail
 29855342  1 0 ses2MesFail
231799463  1 0 ses2MesFail
206403004  1 0 ChasesFail
248983322  1 0 ses2MesFail
142087638  1 1 PASS
425997655  1 1 PASS
373843852  1 1 PASS
220433364  1 0 ses2MesFail
219239945  1 0 ses2MesFail
261327578  1 1 PASS
279637388  1 1 PASS
231297123  1 1 PASS
 10763551  1 1 PASS
 10763551  2 0 AltDetFail
220555048  1 1 PASS
220555048  2 0 SecondaryOfPN_01
 55652896  1 0 ses2MesFail
279855551  1 1 PASS
410487677  1 0 AltDetFail
410487677  2 0 AltDetFail
358049707  1 1 PASS
326205437  1 0 ses2MesFail
177309964  1 0 ses2MesFail
306510653  1 1 PASS
129781877  1 0 ses2MesFail
 11517988  1 0 ses2MesFail
266735682  1 0 ses2MesFail
266735682  2 0 AltDetFail
610074829  1 1 PASS
259542669  1 0 ses2MesFail
141811446  1 1 PASS
141811446  2 0 SecondaryOfPN_01
651208056  1 0 newMesShrink
248945199  1 0 ses2MesFail
238226533  1 1 PASS
149573659  1 1 PASS
149573659  2 0 SecondaryOfPN_01
  3816966  1 0 ses2MesFail
423751606  1 0 ses2MesFail
241673133  1 0 ses2MesFail
260161144  1 0 ses2MesFail
260161144  2 0 newMesBelowThresh
260161144  3 0 AltDetFail
149473467  1 0 ses2MesFail
149473467  2 0 AltDetFail
294396667  1 1 PASS
294396667  2 0 SecondaryOfPN_01
176874136  1 1 PASS
231074850  1 1 PASS
231074850  2 0 SecondaryOfPN_01
212957629  1 1 PASS
219993473  1 0 ses2MesFail
311866171  1 0 ses2MesFail
 91638523  1 0 ses2MesFail
 91638523  2 0 newMesShrink
248953454  1 0 ses2MesFail
141914082  1 0 ses2MesFail
 92226327  1 0 ses2MesFail
 92226327  2 1 PASS
 65348719  1 1 PASS
 65348719  2 0 AltDetFail
199730007  1 1 PASS
268529943  1 1 PASS
 30852936  1 1 PASS
220396259  1 1 PASS
100100827  1 1 PASS
100100827  2 0 SecondaryOfPN_01
 65397915  1 1 PASS
 65397915  2 0 SecondaryOfPN_01
350025488  1 1 PASS
293271581  1 0 AltDetFail
293271581  2 0 AltDetFail
220479565  1 1 PASS
 29900215  1 0 ses2MesFail
  3965274  1 1 PASS
248958590  1 0 ses2MesFail
294092966  1 1 PASS
294092966  2 0 SecondaryOfPN_01
294092966  3 0 AltDetFail
 92199729  1 1 PASS
 92199729  2 0 SecondaryOfPN_01
237342298  1 1 PASS
237342298  2 0 SecondaryOfPN_01
278138619  1 1 PASS
 30034081  1 0 ses2MesFail
 30034081  2 0 newMesBelowThresh
340359630  1 1 PASS
260502102  1 1 PASS
260502102  2 0 SecondaryOfPN_01
197887879  1 0 ses2MesFail
167896870  1 0 ses2MesFail
 55781202  1 0 ChasesFail
350479496  1 1 PASS
350479496  2 0 SecondaryOfPN_01
423761480  1 0 ses2MesFail
423761480  2 0 newMesBelowThresh
 11518056  1 0 ses2MesFail
 11518056  2 0 ses2MesFail
374861595  1 1 PASS
333610214  1 0 ses2MesFail
333610214  2 0 SecondaryOfPN_01
266769513  1 1 PASS
259543079  1 0 ses2MesFail
200790439  1 1 PASS
141871560  1 0 ses2MesFail
141871560  2 0 AltDetFail
294329266  1 0 ses2MesFail
 32268776  1 0 AltDetFail
349647488  1 1 PASS
349647488  2 0 newMesShrink
340216137  1 0 ses2MesFail
197866266  1 0 ses2MesFail
152969049  1 1 PASS
348897766  1 0 AltDetFail
250386181  1 1 PASS
 38634085  1 1 PASS
 38634085  2 0 SecondaryOfPN_01
 38634085  3 0 AltDetFail
 38634085  4 0 AltDetFail
406431380  1 0 ses2MesFail
175491644  1 0 ses2MesFail
122560228  1 0 ChasesFail
 38459686  1 1 PASS
140891597  1 0 AltDetFail
140891597  2 0 AltDetFail
140891597  3 0 AltDetFail
 91541431  1 1 PASS
 91541431  2 0 SecondaryOfPN_01
 49558810  1 1 PASS
220567625  1 1 PASS
101100599  1 0 newMesBelowThresh
276934414  1 0 AltDetFail
350618622  1 0 ses2MesFail
272232401  1 0 ses2MesFail
184534363  1 0 ses2MesFail
369491715  1 0 newMesBelowThresh
369491715  2 1 PASS
 31850842  1 1 PASS
 31850842  2 0 ses2MesFail
 31850842  3 0 newMesShrink
 31850842  4 0 AltDetFail
142305549  1 0 ChasesFail
350274840  1 1 PASS
198008005  1 1 PASS
262839873  1 0 ses2MesFail
262839873  2 0 ses2MesFail
198076334  1 0 AltDetFail
 31020027  1 1 PASS
200743737  1 1 PASS
382028425  1 1 PASS
735229757  1 0 ses2MesFail
735229757  2 0 AltDetFail
 29853348  1 0 ses2MesFail
149176080  1 0 AltDetFail
149176080  2 0 AltDetFail
389869955  1 1 PASS
389869955  2 0 AltDetFail
610210976  1 0 ses2MesFail
610210976  2 0 ses2MesFail
 11518057  1 0 ses2MesFail
 11518057  2 0 ses2MesFail
 33527574  1 0 ses2MesFail
 33527574  2 0 ChasesFail
471015240  1 0 AltDetFail
382101519  1 0 AltDetFail
382101519  2 0 AltDetFail
 55369219  1 0 ses2MesFail
183593642  1 1 PASS
290170658  1 0 ses2MesFail
167441256  1 0 ses2MesFail
277298771  1 0 ChasesFail
277298771  2 0 AltDetFail
262845999  1 1 PASS
166739520  1 1 PASS
150357290  1 1 PASS
244161191  1 0 AltDetFail
244161191  2 0 AltDetFail
244161191  3 0 AltDetFail
 24250679  1 0 ses2MesFail
 25001358  1 1 PASS
293164461  1 0 ses2MesFail
 29778064  1 0 ses2MesFail
 29778064  2 0 AltDetFail
350298319  1 1 PASS
248354845  1 0 newMesShrink
248354845  2 0 ChasesFail
 41861845  1 1 PASS
 41861845  2 0 AltDetFail
 41861845  3 0 AltDetFail
 98679101  1 0 ses2MesFail
279958047  1 0 ses2MesFail
167201539  1 1 PASS
167201539  2 0 SecondaryOfPN_01
248962512  1 0 ses2MesFail
 66550650  1 0 ses2MesFail
100099031  1 1 PASS
175492625  1 1 PASS
175492625  2 0 ses2MesFail
201836246  1 1 PASS
300293197  1 1 PASS
 54002556  1 0 ses2MesFail
153078576  1 1 PASS
300141210  1 1 PASS
207109417  1 0 AltDetFail
100990000  1 1 PASS
300291839  1 1 PASS
294269932  1 0 AltDetFail
306392378  1 0 AltDetFail
140659978  1 1 PASS
140659978  2 0 SecondaryOfPN_01
220457603  1 0 ses2MesFail
294396726  1 0 ses2MesFail
 11613676  1 0 ses2MesFail
 11613676  2 0 ses2MesFail
 24884883  1 0 ChasesFail
651005355  1 0 ses2MesFail
146712645  1 1 PASS
271891552  1 1 PASS
651231484  1 0 ses2MesFail
651231484  2 0 ses2MesFail
101124725  1 0 ses2MesFail
141807839  1 0 ses2MesFail
141807839  2 0 ses2MesFail
231050794  1 0 AltDetFail
231050794  2 0 AltDetFail
176874062  1 1 PASS
176874062  2 0 SecondaryOfPN_01
152287388  1 0 ChasesFail
293433463  1 0 ses2MesFail
 77480307  1 1 PASS
260003467  1 1 PASS
323295967  1 1 PASS
323295967  2 0 AltDetFail
287438823  1 0 ses2MesFail
149060456  1 1 PASS
279639068  1 0 ses2MesFail
279639068  2 0 SecondaryOfPN_01
259377017  1 1 PASS
259377017  2 1 PASS
 41994216  1 0 AltDetFail
 41994216  2 0 AltDetFail
439403362  1 0 ses2MesFail
439403362  2 0 ses2MesFail
 92993104  1 0 ses2MesFail
141608198  1 1 PASS
231740019  1 1 PASS
129740457  1 0 ses2MesFail
 31743416  1 1 PASS
183596242  1 0 AltDetFail
183596242  2 0 AltDetFail
219238496  1 1 PASS
219238496  2 0 ses2MesFail
201898220  1 1 PASS
165124220  1 0 ses2MesFail
165124220  2 0 AltDetFail
279615956  1 1 PASS
336874323  1 0 ChasesFail
260636730  1 0 ses2MesFail
150442264  1 1 PASS
150442264  2 0 SecondaryOfPN_01
219253008  1 1 PASS
  3988159  1 0 ses2MesFail
147455347  1 0 ses2MesFail
147455347  2 0 ses2MesFail
 38395257  1 1 PASS
 38395257  2 0 SecondaryOfPN_01
364395234  1 1 PASS
248949168  1 0 newMesShrink
248949168  2 0 SecondaryOfPN_01
271795511  1 1 PASS
349156098  1 1 PASS
206492505  1 0 ses2MesFail
469969504  1 0 ChasesFail
 40046004  1 0 ses2MesFail
 41858828  1 0 ses2MesFail
266680732  1 1 PASS
266680732  2 1 PASS
238197638  1 1 PASS
176797766  1 0 ses2MesFail
175532970  1 0 ses2MesFail
175532970  2 0 AltDetFail
166836920  1 1 PASS
631739110  1 0 ChasesFail
149059954  1 1 PASS
149059954  2 0 AltDetFail
260639999  1 1 PASS
272357134  1 1 PASS
272357134  2 0 SecondaryOfPN_01
198008002  1 1 PASS
 10837041  1 1 PASS
 65323122  1 0 ses2MesFail
 65323122  2 0 SecondaryOfPN_01
415973046  1 0 ses2MesFail
164776459  1 1 PASS
302384263  1 1 PASS
142242221  1 0 ChasesFail
220475245  1 1 PASS
209431286  1 0 ses2MesFail
 72747400  1 1 PASS
 72747400  2 0 newMesShrink
278731274  1 0 ses2MesFail
229141709  1 1 PASS
229141709  2 0 SecondaryOfPN_01
300810086  1 1 PASS
142105158  1 1 PASS
167007869  1 1 PASS
259389219  1 1 PASS
140830390  1 1 PASS
 49593799  1 0 newMesShrink
287872033  1 0 ChasesFail
237915523  1 0 AltDetFail
340179350  1 1 PASS
 63841772  1 0 ses2MesFail
 63841772  2 0 ses2MesFail
 30531417  1 0 AltDetFail
 30531417  2 0 AltDetFail
391809072  1 1 PASS
 31869740  1 1 PASS
 31961007  1 0 ses2MesFail
 31961007  2 0 SecondaryOfPN_01
276793468  1 0 ses2MesFail
391745744  1 1 PASS
 67559369  1 1 PASS
 67559369  2 0 SecondaryOfPN_01
 67559369  3 0 newMesBelowThresh
178171080  1 1 PASS
 29854488  1 1 PASS
 29854488  2 0 SecondaryOfPN_01
259573397  1 0 ChasesFail
166808151  1 0 ses2MesFail
139472191  1 0 ses2MesFail
382069435  1 0 AltDetFail
201792346  1 0 ses2MesFail
207110080  1 1 PASS
152359020  1 0 AltDetFail
382323697  1 1 PASS
382323697  2 0 SecondaryOfPN_01
281581467  1 1 PASS
 33476442  1 1 PASS
164752884  1 0 ses2MesFail
382528174  1 0 AltDetFail
382528174  2 0 AltDetFail
142240683  1 0 ses2MesFail
 41591173  1 0 ses2MesFail
259590223  1 1 PASS
150187916  1 1 PASS
150187916  2 0 SecondaryOfPN_01
150187916  3 0 SecondaryOfPN_01
150187916  4 0 ses2MesFail
150187916  5 0 SecondaryOfPN_01
197866263  1 0 ses2MesFail
 55746262  1 1 PASS
268860764  1 0 ses2MesFail
284194837  1 0 AltDetFail
 55383975  1 0 ses2MesFail
439458951  1 0 AltDetFail
439458951  2 0 AltDetFail
439406850  1 1 PASS
350431335  1 1 PASS
350431335  2 0 SecondaryOfPN_01
271698144  1 0 ChasesFail
344297533  1 0 ChasesFail
260504147  1 1 PASS
306773020  1 1 PASS
248349830  1 1 PASS
410448693  1 1 PASS
 35703677  1 1 PASS
207140650  1 0 ses2MesFail
 38586438  1 1 PASS
313939848  1 1 PASS
398673449  1 0 ses2MesFail
 29939923  1 0 ses2MesFail
259574789  1 0 ses2MesFail
259574789  2 0 ses2MesFail
259574789  3 0 newMesShrink
631739112  1 0 ChasesFail
259373684  1 1 PASS
159897979  1 0 ses2MesFail
220539110  1 1 PASS
248376572  1 0 ses2MesFail
198009947  1 1 PASS
220568520  1 1 PASS
201789285  1 1 PASS
201789285  2 0 SecondaryOfPN_01
287355511  1 1 PASS
287355511  2 0 SecondaryOfPN_01
257395987  1 0 ses2MesFail
257395987  2 0 SecondaryOfPN_01
 25078924  1 0 ses2MesFail
 25078924  2 0 SecondaryOfPN_01
278825952  1 0 ses2MesFail
278825952  2 0 newMesShrink
220433363  1 0 ChasesFail
220433363  2 0 ses2MesFail
201898222  1 1 PASS
 63834969  1 1 PASS
 63834969  2 0 SecondaryOfPN_01
 38467100  1 1 PASS
 38679390  1 1 PASS
179308939  1 0 AltDetFail
293435336  1 1 PASS
299135660  1 1 PASS
293164462  1 0 ChasesFail
350443417  1 1 PASS
350443417  2 0 newMesShrink
350443417  3 0 AltDetFail
279737991  1 0 ses2MesFail
 54003038  1 0 ChasesFail
300560295  1 1 PASS
300560295  2 0 SecondaryOfPN_01
167251459  1 1 PASS
167251459  2 0 newMesBelowThresh
