 29778064  1 1 PASS
 29778064  2 0 AltDetFail
    46937  1 1 PASS
    46937  2 0 AltDetFail
 29831208  1 1 PASS
    52357  1 1 PASS
    52357  2 0 AltDetFail
 29780293  1 0 ChasesFail
    67228  1 1 PASS
 29926262  1 1 PASS
    68904  1 1 PASS
 29983149  1 1 PASS
    91961  1 1 PASS
 29986808  1 1 PASS
   101462  1 0 ses2MesFail
 30103695  1 0 AltDetFail
   102723  1 0 ChasesFail
 30275662  1 0 AltDetFail
   134947  1 0 ses2MesFail
 30287190  1 1 PASS
 30287190  2 0 SecondaryOfPN_01
   146287  1 0 ses2MesFail
 30312676  1 1 PASS
  6126735  1 0 ChasesFail
 30313682  1 1 PASS
 12131582  1 0 ses2MesFail
 30371259  1 1 PASS
 15373882  1 0 ses2MesFail
 30836645  1 0 ses2MesFail
 15444490  1 0 ses2MesFail
 15444490  2 0 ses2MesFail
 30701932  1 0 ses2MesFail
 15445551  1 1 PASS
 15445551  2 1 PASS
 30848598  1 1 PASS
 15528249  1 0 AltDetFail
 15528249  2 0 AltDetFail
 30993392  1 1 PASS
 30993392  2 0 newMesBelowThresh
 21107353  1 0 ses2MesFail
 31134762  1 1 PASS
 31134762  2 0 newMesBelowThresh
 21167907  1 1 PASS
 21167907  2 0 AltDetFail
 31273263  1 1 PASS
 21168851  1 0 ses2MesFail
 31415131  1 0 AltDetFail
 25078924  1 0 ses2MesFail
 25078924  2 0 SecondaryOfPN_01
 25078924  3 0 AltDetFail
 25078924  4 0 AltDetFail
 31511621  1 1 PASS
 25118964  1 0 ses2MesFail
 25118964  2 0 ChasesFail
 31529171  1 0 ChasesFail
 31529171  2 1 PASS
 25155310  1 1 PASS
 31998499  1 1 PASS
 29777922  1 0 AltDetFail
 29777922  2 0 AltDetFail
 29777922  3 0 AltDetFail
 30382918  1 0 AltDetFail
 30540538  1 1 PASS
 32050581  1 1 PASS
 32090581  1 0 ChasesFail
 32093154  1 0 ChasesFail
 32150630  1 1 PASS
 32150630  2 0 SecondaryOfPN_01
 33864387  1 0 ses2MesFail
 35001854  1 0 ses2MesFail
 35349987  1 0 ses2MesFail
 35905913  1 1 PASS
 35905913  2 0 AltDetFail
 38423705  1 0 AltDetFail
 38459686  1 1 PASS
 38462492  1 1 PASS
 38462522  1 1 PASS
 38586438  1 1 PASS
 38707340  1 0 AltDetFail
 38707340  2 0 AltDetFail
 38707340  3 0 AltDetFail
 38759628  1 1 PASS
 38812902  1 1 PASS
 38815522  1 0 ChasesFail
 38842861  1 0 AltDetFail
 38846515  1 1 PASS
 38877461  1 1 PASS
 38905525  1 1 PASS
 38909096  1 1 PASS
 40340867  1 1 PASS
 41232835  1 0 AltDetFail
 41459998  1 1 PASS
 46096489  1 1 PASS
 47884268  1 0 AltDetFail
 47884268  2 0 AltDetFail
 48184317  1 0 AltDetFail
 48227278  1 1 PASS
 48227278  2 0 SecondaryOfPN_01
 48227288  1 0 ses2MesFail
 48227288  2 0 SecondaryOfPN_01
 48318875  1 0 ses2MesFail
 48318875  2 0 AltDetFail
 48630780  1 0 ses2MesFail
 54175032  1 0 ses2MesFail
 54175033  1 0 ses2MesFail
 54245747  1 1 PASS
 54346191  1 1 PASS
 54810190  1 0 ses2MesFail
 55269690  1 0 ses2MesFail
 55271423  1 0 ses2MesFail
 55369125  1 1 PASS
 55383975  1 0 ses2MesFail
 55404385  1 1 PASS
 55404385  2 0 ses2MesFail
 55452495  1 1 PASS
 55497281  1 0 ses2MesFail
 55497281  2 0 ses2MesFail
 55524055  1 1 PASS
 55524055  2 0 SecondaryOfPN_01
 55524055  3 0 ses2MesFail
 55602946  1 1 PASS
 55602946  2 0 SecondaryOfPN_01
 55652785  1 0 ses2MesFail
 55652785  2 0 newMesShrink
 55652896  1 0 ses2MesFail
 55652896  2 0 ses2MesFail
 55756813  1 0 AltDetFail
 55848818  1 1 PASS
 55848818  2 0 AltDetFail
 60735803  1 0 ses2MesFail
 60855233  1 0 ses2MesFail
 60869770  1 0 ses2MesFail
 60871670  1 0 ses2MesFail
 60915994  1 0 ses2MesFail
 61079477  1 1 PASS
 61124912  1 0 ses2MesFail
 61124912  2 0 AltDetFail
 61530691  1 0 ChasesFail
 66944319  1 0 ChasesFail
 67326261  1 0 ses2MesFail
 67699049  1 0 ChasesFail
 67699049  2 1 PASS
 70111104  1 0 ses2MesFail
 73184256  1 0 AltDetFail
 73184256  2 0 AltDetFail
 73455146  1 0 ses2MesFail
 73455146  2 0 AltDetFail
 73649615  1 1 PASS
 73717937  1 1 PASS
 75440723  1 0 ses2MesFail
 75490265  1 1 PASS
 75490265  2 0 SecondaryOfPN_01
 75969405  1 0 ses2MesFail
 75969405  2 0 ses2MesFail
 75969405  3 0 SecondaryOfPN_01
 75969405  4 0 newMesShrink
 76050403  1 0 ses2MesFail
 76132506  1 0 ses2MesFail
 76325954  1 0 AltDetFail
 76658755  1 1 PASS
 76698707  1 0 AltDetFail
 83391903  1 1 PASS
 83449549  1 1 PASS
 83449549  2 0 SecondaryOfPN_01
 83494158  1 0 ses2MesFail
 83582707  1 0 ChasesFail
 83833793  1 0 ses2MesFail
 83833793  2 0 AltDetFail
 83859830  1 1 PASS
 83859830  2 0 AltDetFail
 83863971  1 0 ses2MesFail
 83913272  1 0 ses2MesFail
 83914837  1 0 AltDetFail
 83914837  2 0 AltDetFail
 83914837  3 0 AltDetFail
 83914837  4 0 AltDetFail
 83914837  5 0 AltDetFail
 83939434  1 1 PASS
 83939434  2 0 SecondaryOfPN_01
 83939434  3 0 AltDetFail
 88962611  1 0 ses2MesFail
107508677  1 0 ses2MesFail
111840297  1 0 ses2MesFail
111991770  1 1 PASS
112098034  1 1 PASS
112099606  1 0 ses2MesFail
112099606  2 0 SecondaryOfPN_01
120472041  1 1 PASS
120472041  2 0 SecondaryOfPN_01
121094784  1 1 PASS
121094784  2 0 SecondaryOfPN_01
121094784  3 0 AltDetFail
121102484  1 0 ses2MesFail
121196226  1 0 ses2MesFail
121842245  1 0 ses2MesFail
121979152  1 1 PASS
122083452  1 0 ses2MesFail
122162363  1 1 PASS
122285268  1 0 AltDetFail
122397232  1 0 ses2MesFail
125405602  1 1 PASS
125421413  1 0 ses2MesFail
125835702  1 0 AltDetFail
125835702  2 0 AltDetFail
127249954  1 0 ChasesFail
127311608  1 0 ses2MesFail
127311608  2 0 ses2MesFail
127311608  3 1 PASS
127315102  1 1 PASS
127442482  1 0 ses2MesFail
127530399  1 1 PASS
127948700  1 1 PASS
127948700  2 0 AltDetFail
127955334  1 1 PASS
127955334  2 0 SecondaryOfPN_01
128414141  1 0 ses2MesFail
128886984  1 1 PASS
129116176  1 0 ses2MesFail
129116176  2 0 SecondaryOfPN_01
129116176  3 0 AltDetFail
129653296  1 1 PASS
131408554  1 0 AltDetFail
140659980  1 1 PASS
140659980  2 0 SecondaryOfPN_01
140691463  1 1 PASS
140757571  1 1 PASS
140757590  1 0 AltDetFail
140757590  2 0 AltDetFail
140760434  1 0 ses2MesFail
140830390  1 1 PASS
140891597  1 0 newMesBelowThresh
140891597  2 0 AltDetFail
140940493  1 0 AltDetFail
140940493  2 0 AltDetFail
141122677  1 0 AltDetFail
141124793  1 1 PASS
141268467  1 1 PASS
141268467  2 0 ses2MesFail
141270589  1 1 PASS
141333573  1 1 PASS
141423634  1 0 ChasesFail
141606986  1 0 AltDetFail
141606986  2 0 AltDetFail
141608198  1 1 PASS
141622065  1 0 AltDetFail
141663326  1 1 PASS
141663326  2 0 SecondaryOfPN_01
141685465  1 0 ses2MesFail
141685465  2 0 SecondaryOfPN_01
141708335  1 1 PASS
141713380  1 0 ChasesFail
141766191  1 0 ChasesFail
141768070  1 1 PASS
141770299  1 0 ChasesFail
141806292  1 1 PASS
141807839  1 0 ses2MesFail
141809359  1 1 PASS
141809359  2 0 SecondaryOfPN_01
141865875  1 0 AltDetFail
141865875  2 0 AltDetFail
141865875  3 0 AltDetFail
141914082  1 0 ChasesFail
141914082  2 0 ses2MesFail
141914317  1 0 ChasesFail
141943694  1 1 PASS
141975903  1 0 ChasesFail
141975926  1 0 ses2MesFail
141978095  1 0 ses2MesFail
141978095  2 0 ses2MesFail
142013583  1 0 ChasesFail
142015852  1 0 ChasesFail
142148228  1 1 PASS
142811934  1 1 PASS
142811934  2 0 AltDetFail
148024842  1 0 ses2MesFail
148081648  1 1 PASS
148081648  2 0 AltDetFail
148081648  3 0 AltDetFail
148081650  1 1 PASS
148081650  2 0 AltDetFail
148081650  3 0 AltDetFail
148090109  1 0 ses2MesFail
148152192  1 0 AltDetFail
148158169  1 0 ses2MesFail
148158374  1 0 ses2MesFail
148158540  1 0 ChasesFail
148158540  2 0 AltDetFail
148158540  3 0 AltDetFail
148305766  1 0 ses2MesFail
148491580  1 0 ses2MesFail
148551290  1 0 ses2MesFail
148646689  1 0 ses2MesFail
148646689  2 0 AltDetFail
148904033  1 0 ChasesFail
148905216  1 1 PASS
149160359  1 0 newMesShrink
149160359  2 0 AltDetFail
149176080  1 0 AltDetFail
149176080  2 0 AltDetFail
149180088  1 1 PASS
149216532  1 1 PASS
149248196  1 0 ChasesFail
149248196  2 0 ChasesFail
149248196  3 1 PASS
149248196  4 0 ChasesFail
149473467  1 0 ses2MesFail
149473467  2 0 AltDetFail
149539114  1 0 ses2MesFail
149573659  1 1 PASS
149573659  2 0 SecondaryOfPN_01
149600376  1 0 ses2MesFail
149603524  1 1 PASS
149629043  1 0 ses2MesFail
149629043  2 0 ses2MesFail
149913598  1 0 ChasesFail
149990841  1 1 PASS
149992242  1 1 PASS
150030205  1 0 ses2MesFail
150100106  1 1 PASS
150100106  2 0 AltDetFail
150101472  1 1 PASS
150101472  2 0 SecondaryOfPN_01
150101476  1 1 PASS
150101476  2 0 SecondaryOfPN_01
150101799  1 1 PASS
150166721  1 1 PASS
150166721  2 0 ChasesFail
150166721  3 0 AltDetFail
150187916  1 1 PASS
150187916  2 0 SecondaryOfPN_01
150187916  3 0 SecondaryOfPN_01
150187916  4 0 ses2MesFail
150272865  1 0 ses2MesFail
150300654  1 1 PASS
150300654  2 0 SecondaryOfPN_01
150357064  1 1 PASS
150361803  1 0 AltDetFail
150361911  1 0 ses2MesFail
150393064  1 0 ses2MesFail
150429807  1 0 ses2MesFail
150442264  1 0 ses2MesFail
150442264  2 0 SecondaryOfPN_01
158978373  1 1 PASS
158979332  1 1 PASS
158979332  2 0 AltDetFail
159035726  1 0 AltDetFail
159035726  2 0 AltDetFail
159153860  1 1 PASS
159153860  2 0 ses2MesFail
159153860  3 0 ses2MesFail
159421340  1 0 ses2MesFail
159493588  1 0 ses2MesFail
159493588  2 0 ses2MesFail
159493588  3 0 AltDetFail
159537293  1 0 ses2MesFail
159757364  1 0 ses2MesFail
159864583  1 1 PASS
159864610  1 1 PASS
160061147  1 0 ChasesFail
160061147  2 1 PASS
160150808  1 0 AltDetFail
160150808  2 0 AltDetFail
160197791  1 0 ses2MesFail
160204059  1 1 PASS
160404487  1 0 ses2MesFail
160447549  1 1 PASS
160484494  1 1 PASS
160484494  2 0 SecondaryOfPN_01
160502580  1 0 ses2MesFail
160537727  1 1 PASS
160537727  2 0 AltDetFail
160697480  1 1 PASS
160833719  1 1 PASS
163042241  1 0 ses2MesFail
163648025  1 0 ses2MesFail
165266362  1 0 ses2MesFail
165725822  1 1 PASS
165729690  1 0 ses2MesFail
165823257  1 0 newMesShrink
165909871  1 0 ses2MesFail
166145361  1 0 ses2MesFail
166236391  1 0 ses2MesFail
166319733  1 0 AltDetFail
166525699  1 1 PASS
166525699  2 0 AltDetFail
166527623  1 1 PASS
166527623  2 0 ses2MesFail
166624433  1 1 PASS
166624433  2 0 ses2MesFail
166660531  1 0 ChasesFail
166660531  2 0 ses2MesFail
166969516  1 0 AltDetFail
167005326  1 1 PASS
167005326  2 0 AltDetFail
167007869  1 1 PASS
167008868  1 0 ChasesFail
167008868  2 0 ses2MesFail
167010837  1 1 PASS
167123437  1 1 PASS
167123437  2 0 SecondaryOfPN_01
167123841  1 0 AltDetFail
167123841  2 0 AltDetFail
167163906  1 0 ses2MesFail
167164631  1 1 PASS
167164775  1 0 newMesBelowThresh
167209318  1 0 AltDetFail
167209318  2 0 AltDetFail
167303776  1 0 ses2MesFail
167303776  2 1 PASS
167303776  3 0 ses2MesFail
167303776  4 1 PASS
167304040  1 0 ses2MesFail
167304040  2 0 SecondaryOfPN_01
167304218  1 0 AltDetFail
167338355  1 0 AltDetFail
167338355  2 0 AltDetFail
167343388  1 1 PASS
167418903  1 1 PASS
167570131  1 1 PASS
167570131  2 0 SecondaryOfPN_01
167592334  1 0 ses2MesFail
167602738  1 1 PASS
167602738  2 0 AltDetFail
167692429  1 1 PASS
167692429  2 0 ses2MesFail
167692429  3 0 newMesShrink
167694820  1 0 AltDetFail
167696018  1 0 ChasesFail
167704195  1 0 ses2MesFail
167719897  1 0 ses2MesFail
167719897  2 0 AltDetFail
167722431  1 0 ses2MesFail
167722431  2 0 ses2MesFail
167792080  1 1 PASS
167795859  1 1 PASS
167812449  1 1 PASS
167812449  2 0 SecondaryOfPN_01
167890109  1 0 AltDetFail
167890109  2 0 ses2MesFail
176871438  1 0 ses2MesFail
176958076  1 0 ChasesFail
176984236  1 1 PASS
177118177  1 1 PASS
177118177  2 0 SecondaryOfPN_01
177118376  1 0 AltDetFail
177160057  1 0 AltDetFail
177160057  2 0 AltDetFail
177254302  1 1 PASS
177258700  1 0 ses2MesFail
177258700  2 0 SecondaryOfPN_01
177258700  3 0 AltDetFail
177283727  1 1 PASS
177308817  1 0 ses2MesFail
177309707  1 1 PASS
177309964  1 1 PASS
177309964  2 0 SecondaryOfPN_01
177309964  3 0 AltDetFail
177312861  1 1 PASS
177387690  1 0 AltDetFail
177387690  2 0 AltDetFail
179040607  1 0 ses2MesFail
179040607  2 1 PASS
179130687  1 1 PASS
179304342  1 1 PASS
179304342  2 0 AltDetFail
179317684  1 1 PASS
179368346  1 0 AltDetFail
179368346  2 0 AltDetFail
179410793  1 0 ses2MesFail
179410793  2 0 newMesBelowThresh
179413040  1 0 ses2MesFail
179413040  2 1 PASS
179413040  3 1 PASS
179966966  1 0 ses2MesFail
185850907  1 0 ses2MesFail
186072076  1 0 ChasesFail
186085740  1 0 ses2MesFail
187477819  1 1 PASS
188753056  1 0 AltDetFail
191817211  1 0 ses2MesFail
193641523  1 1 PASS
203387944  1 1 PASS
207528978  1 1 PASS
207846431  1 1 PASS
210636260  1 1 PASS
210636260  2 0 AltDetFail
210636260  3 0 AltDetFail
219176544  1 0 ses2MesFail
219201178  1 1 PASS
219201178  2 0 SecondaryOfPN_01
220029715  1 1 PASS
220401237  1 1 PASS
220474209  1 0 ses2MesFail
220474209  2 0 newMesShrink
225953237  1 1 PASS
225957292  1 0 ses2MesFail
231075361  1 1 PASS
231081369  1 1 PASS
231093356  1 0 ses2MesFail
231093356  2 0 newMesBelowThresh
231093356  3 0 SecondaryOfPN_01
237915523  1 0 ChasesFail
237924601  1 1 PASS
238932509  1 1 PASS
241289894  1 1 PASS
241423335  1 0 ses2MesFail
241511379  1 0 ses2MesFail
241532550  1 1 PASS
241548804  1 1 PASS
241570607  1 1 PASS
241604526  1 0 ChasesFail
241626984  1 1 PASS
241626984  2 1 PASS
241683370  1 0 newMesBelowThresh
241728550  1 0 ses2MesFail
241728550  2 1 PASS
241739877  1 0 ses2MesFail
241739877  2 0 ses2MesFail
242097551  1 0 ChasesFail
242254055  1 0 AltDetFail
242254055  2 0 AltDetFail
242302902  1 1 PASS
242302902  2 0 SecondaryOfPN_01
242302902  3 0 AltDetFail
242302902  4 0 AltDetFail
242323067  1 1 PASS
242323067  2 0 SecondaryOfPN_01
242328834  1 0 ses2MesFail
242526610  1 1 PASS
242583230  1 0 ChasesFail
243192504  1 1 PASS
243192504  2 0 SecondaryOfPN_01
243200602  1 1 PASS
243265638  1 0 newMesBelowThresh
243265638  2 0 newMesShrink
243330272  1 1 PASS
243330489  1 1 PASS
243339567  1 1 PASS
243360319  1 1 PASS
243360319  2 0 ses2MesFail
243391162  1 1 PASS
243391171  1 1 PASS
243391171  2 0 SecondaryOfPN_01
243396962  1 0 ChasesFail
243475355  1 0 ses2MesFail
243475355  2 0 AltDetFail
243499551  1 0 ses2MesFail
243643549  1 0 AltDetFail
243662768  1 0 ses2MesFail
244841647  1 0 ChasesFail
245304994  1 0 ChasesFail
248111245  1 1 PASS
250425115  1 1 PASS
250425126  1 1 PASS
253097689  1 0 AltDetFail
253148023  1 0 AltDetFail
253148023  2 0 AltDetFail
253204497  1 0 ses2MesFail
253228981  1 0 AltDetFail
253360354  1 1 PASS
253425832  1 0 AltDetFail
253501247  1 0 ses2MesFail
256168939  1 0 ses2MesFail
258519658  1 1 PASS
258519658  2 0 SecondaryOfPN_01
258520047  1 1 PASS
258583891  1 0 ChasesFail
258688269  1 0 ses2MesFail
258690522  1 0 AltDetFail
258690809  1 1 PASS
258789022  1 0 ses2MesFail
258837989  1 0 ses2MesFail
258837989  2 0 AltDetFail
258839862  1 1 PASS
260042505  1 1 PASS
260043723  1 1 PASS
260128333  1 1 PASS
260128333  2 0 SecondaryOfPN_01
260160482  1 0 AltDetFail
260160482  2 0 AltDetFail
260161144  1 0 ses2MesFail
260161144  2 0 AltDetFail
260162199  1 0 AltDetFail
260162199  2 0 AltDetFail
260162387  1 0 ses2MesFail
260192157  1 1 PASS
260271203  1 1 PASS
260296875  1 0 ses2MesFail
260304277  1 1 PASS
260304296  1 1 PASS
260304800  1 1 PASS
260352096  1 1 PASS
260353507  1 1 PASS
260353507  2 0 AltDetFail
260476635  1 1 PASS
260476837  1 1 PASS
260502102  1 1 PASS
260502102  2 0 SecondaryOfPN_01
260504147  1 0 ses2MesFail
260536927  1 1 PASS
260541250  1 0 AltDetFail
260541250  2 0 AltDetFail
260609205  1 1 PASS
260639999  1 0 ses2MesFail
260647166  1 1 PASS
260647166  2 1 PASS
260647166  3 1 PASS
260654645  1 0 AltDetFail
260657291  1 1 PASS
260659986  1 0 ses2MesFail
260708271  1 0 ChasesFail
260842067  1 0 ses2MesFail
260937089  1 0 ses2MesFail
260985861  1 1 PASS
261089147  1 0 ses2MesFail
261089147  2 0 AltDetFail
261089147  3 0 AltDetFail
261105201  1 0 ses2MesFail
261105201  2 0 SecondaryOfPN_01
261105201  3 0 SecondaryOfPN_01
261105201  4 0 SecondaryOfPN_01
261107974  1 1 PASS
261136679  1 1 PASS
261205462  1 0 ses2MesFail
261236136  1 1 PASS
261259291  1 0 ses2MesFail
261261490  1 1 PASS
261335113  1 1 PASS
261335113  2 0 SecondaryOfPN_01
261376909  1 0 AltDetFail
261376909  2 0 AltDetFail
261380040  1 1 PASS
262577454  1 1 PASS
262923236  1 0 ses2MesFail
262924920  1 1 PASS
262925003  1 1 PASS
263764960  1 1 PASS
267845661  1 1 PASS
269981369  1 0 ses2MesFail
270348090  1 1 PASS
270348555  1 0 ses2MesFail
270474668  1 0 ses2MesFail
270474668  2 0 AltDetFail
270507305  1 1 PASS
270672809  1 0 ChasesFail
270676778  1 0 AltDetFail
270677759  1 1 PASS
271168962  1 1 PASS
271225404  1 1 PASS
271225404  2 0 SecondaryOfPN_01
271594955  1 0 ChasesFail
271596290  1 0 ses2MesFail
271701447  1 0 AltDetFail
271701447  2 0 AltDetFail
271701447  3 0 AltDetFail
271701447  4 0 AltDetFail
271701447  5 0 AltDetFail
271893367  1 1 PASS
271900514  1 0 ses2MesFail
271900514  2 0 ses2MesFail
271999940  1 0 AltDetFail
271999940  2 0 AltDetFail
272058503  1 1 PASS
272127983  1 1 PASS
272130547  1 1 PASS
272232401  1 0 ChasesFail
272232401  2 0 ses2MesFail
272248916  1 0 ses2MesFail
272248916  2 0 AltDetFail
272407484  1 1 PASS
272407484  2 0 AltDetFail
272431317  1 1 PASS
272431317  2 0 SecondaryOfPN_01
272456799  1 1 PASS
272456799  2 0 newMesShrink
272456799  3 0 ses2MesFail
272467271  1 0 ses2MesFail
272467271  2 0 ses2MesFail
272468894  1 1 PASS
272473156  1 1 PASS
272548843  1 1 PASS
273031342  1 0 ses2MesFail
273342620  1 0 ses2MesFail
273817886  1 0 ses2MesFail
275651537  1 0 ses2MesFail
275697259  1 0 AltDetFail
275697259  2 0 AltDetFail
275779555  1 1 PASS
275779555  2 0 AltDetFail
276128561  1 1 PASS
276130740  1 1 PASS
276219648  1 0 ses2MesFail
276453848  1 1 PASS
276458481  1 1 PASS
276494538  1 0 ChasesFail
276935987  1 0 ChasesFail
277099925  1 1 PASS
277298434  1 0 AltDetFail
277298771  1 0 ses2MesFail
277300045  1 1 PASS
277634430  1 1 PASS
278024057  1 0 ses2MesFail
278024057  2 0 ses2MesFail
278056060  1 0 ses2MesFail
278077486  1 1 PASS
278271292  1 0 newMesShrink
278289141  1 1 PASS
278296621  1 1 PASS
278296621  2 0 SecondaryOfPN_01
278477960  1 1 PASS
278542841  1 1 PASS
278542841  2 0 SecondaryOfPN_01
278683641  1 0 ses2MesFail
278683641  2 0 SecondaryOfPN_01
278683844  1 1 PASS
278683844  2 1 PASS
278778688  1 0 ses2MesFail
278825715  1 0 ses2MesFail
278863150  1 1 PASS
278863150  2 0 AltDetFail
278866211  1 1 PASS
278956474  1 1 PASS
278956474  2 1 PASS
278956474  3 0 SecondaryOfPN_01
278988794  1 1 PASS
279089927  1 1 PASS
279089927  2 0 newMesBelowThresh
279089927  3 0 SecondaryOfPN_01
279157429  1 1 PASS
279322914  1 1 PASS
279323859  1 0 AltDetFail
279510181  1 0 ses2MesFail
279614617  1 0 ses2MesFail
279615956  1 1 PASS
279615979  1 0 AltDetFail
280675564  1 0 ses2MesFail
280909668  1 1 PASS
280945693  1 1 PASS
281757097  1 0 AltDetFail
281924357  1 1 PASS
281925561  1 1 PASS
281979481  1 1 PASS
282051803  1 0 ses2MesFail
282051803  2 0 SecondaryOfPN_01
282053039  1 1 PASS
282164840  1 1 PASS
282217424  1 1 PASS
287328866  1 1 PASS
287428978  1 0 ses2MesFail
287485553  1 0 AltDetFail
287563610  1 1 PASS
287584993  1 0 newMesShrink
287602143  1 0 newMesBelowThresh
287669537  1 0 ses2MesFail
287669537  2 0 SecondaryOfPN_01
287773752  1 0 AltDetFail
287773752  2 0 AltDetFail
287794816  1 0 ses2MesFail
287897149  1 1 PASS
287979406  1 1 PASS
288027491  1 0 ses2MesFail
290678703  1 1 PASS
290678703  2 0 SecondaryOfPN_01
290859241  1 1 PASS
290859241  2 0 AltDetFail
291651765  1 1 PASS
291651765  2 0 AltDetFail
291654889  1 1 PASS
292159791  1 0 ChasesFail
292202337  1 0 ses2MesFail
293345927  1 0 AltDetFail
293345927  2 0 AltDetFail
293345927  3 0 AltDetFail
293708935  1 1 PASS
293708935  2 0 SecondaryOfPN_01
293719436  1 1 PASS
294206967  1 1 PASS
294206967  2 0 SecondaryOfPN_01
294261093  1 0 ses2MesFail
294261093  2 0 AltDetFail
294273900  1 0 ses2MesFail
294273900  2 0 AltDetFail
294729963  1 1 PASS
294929861  1 1 PASS
295381391  1 1 PASS
295757659  1 0 ses2MesFail
295885511  1 0 ses2MesFail
297348512  1 0 AltDetFail
297348512  2 0 AltDetFail
297670528  1 1 PASS
297670528  2 0 AltDetFail
299313421  1 1 PASS
299313421  2 0 AltDetFail
299897992  1 0 AltDetFail
300104749  1 1 PASS
300161053  1 1 PASS
300161053  2 0 SecondaryOfPN_01
300293197  1 1 PASS
300448815  1 0 AltDetFail
300448815  2 0 AltDetFail
300559722  1 1 PASS
300560295  1 1 PASS
300560295  2 0 SecondaryOfPN_01
300810086  1 1 PASS
300813258  1 1 PASS
300871376  1 0 AltDetFail
300871376  2 0 AltDetFail
300871376  3 0 AltDetFail
300871545  1 1 PASS
300871545  2 0 SecondaryOfPN_01
300892362  1 0 AltDetFail
300969581  1 0 ses2MesFail
301866976  1 0 ChasesFail
302037442  1 0 AltDetFail
302037442  2 0 AltDetFail
302038263  1 0 ses2MesFail
302038263  2 0 SecondaryOfPN_01
302038263  3 0 AltDetFail
302038712  1 1 PASS
302043038  1 0 ses2MesFail
302043226  1 1 PASS
302136704  1 1 PASS
302140455  1 1 PASS
302594257  1 1 PASS
302594880  1 0 ses2MesFail
303443210  1 1 PASS
303443247  1 0 ses2MesFail
303443247  2 0 ses2MesFail
303860976  1 1 PASS
304042899  1 0 ses2MesFail
304519856  1 0 ChasesFail
305899853  1 1 PASS
306410072  1 1 PASS
306470921  1 0 AltDetFail
306499684  1 0 AltDetFail
306576384  1 1 PASS
306576384  2 0 SecondaryOfPN_01
306580215  1 1 PASS
306635088  1 0 ses2MesFail
306742226  1 1 PASS
306895365  1 1 PASS
306931200  1 0 ses2MesFail
307033218  1 0 ses2MesFail
307085577  1 1 PASS
307085577  2 0 SecondaryOfPN_01
307091504  1 0 AltDetFail
307091504  2 0 AltDetFail
307160124  1 0 ChasesFail
307210790  1 1 PASS
307210830  1 1 PASS
307210830  2 1 PASS
307210830  3 1 PASS
307291308  1 0 ses2MesFail
307291318  1 1 PASS
307291318  2 0 SecondaryOfPN_01
307368943  1 1 PASS
307400169  1 1 PASS
307433122  1 0 ses2MesFail
307488184  1 1 PASS
307488184  2 0 SecondaryOfPN_01
307490261  1 0 ses2MesFail
307490261  2 0 ses2MesFail
307490261  3 1 PASS
307490261  4 0 ChasesFail
307490686  1 1 PASS
307493550  1 1 PASS
307531495  1 1 PASS
307569167  1 1 PASS
307569167  2 0 AltDetFail
307610438  1 1 PASS
307610438  2 0 ChasesFail
307783750  1 1 PASS
307783750  2 0 SecondaryOfPN_01
307783756  1 1 PASS
307784289  1 1 PASS
307784289  2 0 SecondaryOfPN_01
307784289  3 0 SecondaryOfPN_01
307784289  4 0 AltDetFail
307885532  1 1 PASS
307889317  1 0 ses2MesFail
307889317  2 0 ses2MesFail
307927495  1 1 PASS
307927495  2 0 SecondaryOfPN_01
307990280  1 1 PASS
307990280  2 0 ses2MesFail
308000282  1 1 PASS
308034948  1 1 PASS
308085294  1 1 PASS
308085979  1 0 ses2MesFail
308183430  1 1 PASS
308184924  1 0 ses2MesFail
308184924  2 0 SecondaryOfPN_01
308184924  3 0 AltDetFail
308451526  1 1 PASS
308451526  2 0 AltDetFail
308452910  1 1 PASS
308452910  2 0 ses2MesFail
308537791  1 0 AltDetFail
308537791  2 0 AltDetFail
308543286  1 0 ses2MesFail
308726487  1 0 AltDetFail
308727914  1 1 PASS
308828048  1 1 PASS
308851582  1 1 PASS
308851582  2 0 SecondaryOfPN_01
308852608  1 1 PASS
308852608  2 0 AltDetFail
308991822  1 0 ses2MesFail
308991822  2 0 SecondaryOfPN_01
309146836  1 0 newMesShrink
309146836  2 0 ses2MesFail
309299238  1 0 ses2MesFail
309327307  1 0 ses2MesFail
309350921  1 1 PASS
309350921  2 0 SecondaryOfPN_01
309434176  1 0 ses2MesFail
309434176  2 0 SecondaryOfPN_01
309456404  1 0 ses2MesFail
309456404  2 0 ses2MesFail
309456404  3 0 ses2MesFail
309528896  1 0 ses2MesFail
309528896  2 0 ses2MesFail
309528896  3 0 ses2MesFail
309582191  1 0 ses2MesFail
309598681  1 1 PASS
309598681  2 0 AltDetFail
309619055  1 1 PASS
309658221  1 1 PASS
309714906  1 0 AltDetFail
309791057  1 1 PASS
309817108  1 0 ses2MesFail
309987748  1 1 PASS
310556491  1 0 ses2MesFail
310556491  2 0 SecondaryOfPN_01
310647452  1 1 PASS
311328485  1 0 AltDetFail
311328485  2 0 AltDetFail
311328485  3 0 AltDetFail
311925584  1 1 PASS
312617539  1 0 ses2MesFail
312803013  1 0 ChasesFail
312803013  2 0 ses2MesFail
312907176  1 0 AltDetFail
312908709  1 1 PASS
313038875  1 1 PASS
313272501  1 0 ses2MesFail
313675203  1 1 PASS
313676015  1 1 PASS
313857039  1 1 PASS
314543110  1 1 PASS
314899629  1 0 AltDetFail
315035146  1 0 ses2MesFail
315806959  1 1 PASS
316284824  1 0 ses2MesFail
316284824  2 0 ses2MesFail
316295827  1 0 ses2MesFail
316430346  1 1 PASS
316430346  2 1 PASS
316496087  1 0 AltDetFail
316496087  2 0 AltDetFail
316644162  1 1 PASS
317250858  1 0 ses2MesFail
317385747  1 0 ses2MesFail
317642317  1 0 ses2MesFail
317642317  2 0 AltDetFail
317642317  3 0 AltDetFail
318512022  1 1 PASS
318986273  1 1 PASS
318986273  2 0 SecondaryOfPN_01
319936228  1 0 ses2MesFail
319936228  2 0 SecondaryOfPN_01
319936861  1 1 PASS
319936861  2 0 SecondaryOfPN_01
319936861  3 0 AltDetFail
320851362  1 1 PASS
320851362  2 0 AltDetFail
320855910  1 1 PASS
321170838  1 0 ses2MesFail
321312438  1 0 AltDetFail
321457468  1 1 PASS
322078735  1 0 ses2MesFail
322698434  1 0 ses2MesFail
322826591  1 1 PASS
322950055  1 0 ses2MesFail
323172801  1 1 PASS
323172801  2 0 ses2MesFail
323172801  3 0 ses2MesFail
323255579  1 0 AltDetFail
323292484  1 1 PASS
323292484  2 0 ChasesFail
323292655  1 0 AltDetFail
323354786  1 0 ses2MesFail
323354786  2 0 ses2MesFail
323354855  1 1 PASS
323685105  1 0 ses2MesFail
323727556  1 1 PASS
323880595  1 0 ses2MesFail
323967348  1 0 AltDetFail
323967348  2 0 AltDetFail
323967348  3 0 AltDetFail
323968566  1 1 PASS
323968566  2 0 AltDetFail
323968843  1 0 ses2MesFail
326742300  1 1 PASS
327017634  1 1 PASS
327647797  1 1 PASS
327647797  2 0 SecondaryOfPN_01
328063994  1 1 PASS
328063994  2 0 ChasesFail
328702100  1 0 ses2MesFail
329301718  1 1 PASS
329301718  2 0 AltDetFail
329454577  1 0 ses2MesFail
329454577  2 1 PASS
329459784  1 1 PASS
331183881  1 0 ses2MesFail
331183881  2 0 SecondaryOfPN_01
331183881  3 0 newMesShrink
331335557  1 1 PASS
331961696  1 0 AltDetFail
332118197  1 1 PASS
332600127  1 0 ses2MesFail
332600127  2 0 AltDetFail
332607409  1 0 ses2MesFail
332674122  1 1 PASS
332793697  1 1 PASS
332793697  2 0 ses2MesFail
332793697  3 0 SecondaryOfPN_01
333179339  1 1 PASS
333452391  1 1 PASS
333459486  1 1 PASS
334207648  1 0 ChasesFail
334234040  1 1 PASS
334237966  1 1 PASS
334237966  2 0 AltDetFail
334425144  1 0 ses2MesFail
334524122  1 0 ses2MesFail
334524122  2 0 ses2MesFail
334524122  3 0 ChasesFail
334683799  1 1 PASS
334768935  1 0 ses2MesFail
335376063  1 0 ses2MesFail
335376063  2 0 ses2MesFail
335452175  1 0 ses2MesFail
335598085  1 0 ses2MesFail
335598085  2 0 SecondaryOfPN_01
335598085  3 0 AltDetFail
336620861  1 0 ses2MesFail
336728769  1 1 PASS
337147104  1 0 ses2MesFail
337370789  1 1 PASS
338465029  1 0 ses2MesFail
338981469  1 1 PASS
338981469  2 0 SecondaryOfPN_01
339633702  1 1 PASS
339633702  2 0 AltDetFail
339812943  1 1 PASS
340963903  1 0 ses2MesFail
341695745  1 0 AltDetFail
342727225  1 1 PASS
342727225  2 0 AltDetFail
343709282  1 0 ses2MesFail
348897766  1 0 AltDetFail
348897766  2 0 AltDetFail
348900258  1 0 AltDetFail
348992095  1 0 newMesBelowThresh
349154435  1 1 PASS
349154435  2 0 SecondaryOfPN_01
349156098  1 1 PASS
349156098  2 0 AltDetFail
349192028  1 0 ses2MesFail
349273863  1 0 ses2MesFail
349310205  1 1 PASS
349310205  2 0 AltDetFail
349373467  1 1 PASS
349483495  1 1 PASS
349484636  1 0 AltDetFail
349518145  1 1 PASS
349518800  1 1 PASS
349642881  1 1 PASS
349642881  2 0 SecondaryOfPN_01
349644606  1 1 PASS
349644606  2 0 AltDetFail
349763482  1 1 PASS
349790953  1 1 PASS
349832824  1 0 ses2MesFail
349832824  2 0 newMesShrink
349832824  3 0 AltDetFail
349911034  1 1 PASS
349972148  1 0 ses2MesFail
350025490  1 1 PASS
350030939  1 0 AltDetFail
350030939  2 0 AltDetFail
350030939  3 0 AltDetFail
350094542  1 0 AltDetFail
350094542  2 0 AltDetFail
350297825  1 0 ChasesFail
350297825  2 0 ses2MesFail
350332233  1 0 AltDetFail
350332997  1 1 PASS
350431335  1 1 PASS
350443417  1 0 ses2MesFail
350443417  2 0 newMesShrink
350443417  3 0 AltDetFail
350443417  4 0 AltDetFail
350443417  5 0 AltDetFail
350445771  1 1 PASS
350478924  1 0 ses2MesFail
350479101  1 1 PASS
350518308  1 0 ses2MesFail
350519062  1 0 ses2MesFail
350520348  1 0 ses2MesFail
350619082  1 0 ses2MesFail
350619082  2 0 ChasesFail
350622185  1 0 AltDetFail
350716053  1 0 ses2MesFail
350743714  1 1 PASS
350840339  1 0 ses2MesFail
355152971  1 0 ses2MesFail
355152971  2 0 ses2MesFail
356334402  1 0 ChasesFail
356524567  1 1 PASS
356524567  2 0 SecondaryOfPN_01
356814191  1 1 PASS
356849323  1 1 PASS
356900311  1 1 PASS
356900912  1 0 ChasesFail
356900912  2 1 PASS
356936564  1 1 PASS
357013528  1 1 PASS
357040880  1 0 ses2MesFail
357041177  1 1 PASS
357041177  2 0 SecondaryOfPN_01
357041964  1 1 PASS
357105141  1 0 ses2MesFail
357105141  2 0 ChasesFail
357105301  1 1 PASS
357105301  2 0 ses2MesFail
357160798  1 1 PASS
357203955  1 0 AltDetFail
357209649  1 0 ChasesFail
357260655  1 0 ChasesFail
357261254  1 1 PASS
357310138  1 1 PASS
357312748  1 1 PASS
357360548  1 1 PASS
357365539  1 1 PASS
357468319  1 1 PASS
357468319  2 0 SecondaryOfPN_01
357468514  1 1 PASS
357505628  1 0 ses2MesFail
357505667  1 0 ses2MesFail
357612694  1 1 PASS
357662316  1 1 PASS
357662316  2 0 SecondaryOfPN_01
357708656  1 1 PASS
357708656  2 1 PASS
357713892  1 1 PASS
357713892  2 0 SecondaryOfPN_01
357877144  1 1 PASS
357879716  1 1 PASS
357880295  1 1 PASS
357880498  1 1 PASS
357911163  1 1 PASS
357959299  1 0 newMesBelowThresh
357962287  1 0 ses2MesFail
358020786  1 1 PASS
358022095  1 0 ChasesFail
358022169  1 1 PASS
358022169  2 0 SecondaryOfPN_01
358023310  1 0 ses2MesFail
358023394  1 1 PASS
358027812  1 1 PASS
358176584  1 0 ses2MesFail
358176584  2 0 ses2MesFail
358179405  1 0 ChasesFail
358466708  1 0 ses2MesFail
358511966  1 0 ses2MesFail
358578691  1 1 PASS
358884558  1 0 AltDetFail
358935454  1 0 AltDetFail
359073112  1 0 newMesBelowThresh
359307236  1 1 PASS
359308549  1 1 PASS
359488786  1 0 AltDetFail
359618989  1 0 ses2MesFail
359618989  2 0 SecondaryOfPN_01
359618989  3 0 AltDetFail
359641149  1 0 AltDetFail
359641149  2 0 AltDetFail
359690406  1 0 ses2MesFail
359766954  1 0 ChasesFail
359767082  1 0 ses2MesFail
359767082  2 0 ChasesFail
359892714  1 1 PASS
359892714  2 0 SecondaryOfPN_01
360130454  1 0 ses2MesFail
360148823  1 1 PASS
360148823  2 1 PASS
360148823  3 0 ses2MesFail
360148823  4 1 PASS
360148823  5 1 PASS
360148823  6 1 PASS
360205899  1 0 AltDetFail
360205899  2 0 AltDetFail
360339486  1 1 PASS
360339486  2 0 AltDetFail
360669310  1 0 ChasesFail
361388647  1 1 PASS
361388647  2 0 AltDetFail
362249359  1 1 PASS
362250462  1 1 PASS
363655155  1 1 PASS
363655532  1 0 AltDetFail
363781484  1 0 ses2MesFail
363847487  1 0 ses2MesFail
363847487  2 0 SecondaryOfPN_01
363885457  1 0 ChasesFail
363885457  2 0 ses2MesFail
364302118  1 0 ses2MesFail
364325969  1 0 AltDetFail
364395234  1 1 PASS
364395234  2 1 PASS
364588501  1 0 ses2MesFail
364588501  2 0 ses2MesFail
365717153  1 1 PASS
366315702  1 0 ses2MesFail
369506001  1 1 PASS
369810736  1 1 PASS
370085638  1 1 PASS
370085638  2 0 SecondaryOfPN_01
370236000  1 0 AltDetFail
370236000  2 0 AltDetFail
370550659  1 0 ChasesFail
370678161  1 0 ses2MesFail
370825476  1 0 AltDetFail
370825476  2 0 AltDetFail
371108287  1 1 PASS
371118393  1 0 ChasesFail
371867468  1 1 PASS
372371319  1 0 ses2MesFail
372371319  2 0 ses2MesFail
372743588  1 0 ses2MesFail
372909935  1 1 PASS
373431012  1 0 ses2MesFail
373431012  2 0 ChasesFail
373431012  3 0 ses2MesFail
373844472  1 1 PASS
374859582  1 0 AltDetFail
375035936  1 0 AltDetFail
375681458  1 1 PASS
375895280  1 1 PASS
375895280  2 0 AltDetFail
376382827  1 0 AltDetFail
376382827  2 0 AltDetFail
376915487  1 1 PASS
376985426  1 0 AltDetFail
376985426  2 0 AltDetFail
377174003  1 1 PASS
377569880  1 0 AltDetFail
378126824  1 0 ses2MesFail
378804584  1 1 PASS
378804584  2 0 AltDetFail
378885645  1 0 ses2MesFail
378885645  2 1 PASS
378885645  3 0 ses2MesFail
379329149  1 0 ses2MesFail
379783522  1 0 ses2MesFail
380127556  1 1 PASS
380480505  1 1 PASS
381838186  1 1 PASS
381948745  1 0 ses2MesFail
381979279  1 0 ses2MesFail
382028425  1 1 PASS
382069441  1 1 PASS
382163444  1 0 ses2MesFail
382188882  1 1 PASS
382245461  1 1 PASS
382256692  1 0 AltDetFail
382256692  2 0 AltDetFail
382256692  3 0 AltDetFail
382256692  4 0 AltDetFail
382258517  1 0 ChasesFail
382410788  1 1 PASS
382437266  1 1 PASS
382517745  1 1 PASS
382517745  2 0 SecondaryOfPN_01
382528174  1 0 AltDetFail
382528981  1 0 ChasesFail
382529132  1 1 PASS
382575967  1 0 ses2MesFail
382577618  1 1 PASS
383109671  1 1 PASS
383417521  1 0 AltDetFail
383417521  2 0 AltDetFail
383582909  1 1 PASS
383582909  2 0 SecondaryOfPN_01
388104525  1 1 PASS
388128308  1 1 PASS
388857263  1 0 ses2MesFail
388857263  2 0 ses2MesFail
389667572  1 1 PASS
389669796  1 1 PASS
389922504  1 1 PASS
389922504  2 0 AltDetFail
390229165  1 0 ChasesFail
390229592  1 0 ses2MesFail
390229606  1 0 ses2MesFail
390454759  1 1 PASS
390454759  2 0 AltDetFail
390549095  1 1 PASS
390963101  1 1 PASS
391643922  1 1 PASS
391728166  1 0 AltDetFail
391900821  1 1 PASS
391927558  1 1 PASS
391927558  2 0 AltDetFail
391949880  1 1 PASS
392113518  1 1 PASS
392113518  2 0 SecondaryOfPN_01
392786054  1 0 ChasesFail
392838495  1 0 ses2MesFail
392838495  2 1 PASS
392838495  3 0 ses2MesFail
393491149  1 0 AltDetFail
394098807  1 1 PASS
394098807  2 0 AltDetFail
394099697  1 1 PASS
394099697  2 0 AltDetFail
394241607  1 0 ses2MesFail
394241607  2 0 ses2MesFail
394272819  1 0 ses2MesFail
394302120  1 1 PASS
394308408  1 1 PASS
394350365  1 0 ses2MesFail
394452884  1 0 AltDetFail
394508465  1 0 ses2MesFail
394657952  1 0 AltDetFail
395052612  1 0 AltDetFail
395068105  1 1 PASS
395118038  1 0 ChasesFail
395118038  2 1 PASS
395118038  3 1 PASS
395118038  4 1 PASS
395130640  1 0 ChasesFail
395326083  1 1 PASS
395688038  1 1 PASS
395738648  1 1 PASS
396004353  1 0 AltDetFail
396004353  2 0 AltDetFail
396032009  1 0 ses2MesFail
397188848  1 0 ses2MesFail
398085117  1 1 PASS
398085117  2 0 ses2MesFail
398085117  3 0 ses2MesFail
398363472  1 1 PASS
398363472  2 0 SecondaryOfPN_01
398987387  1 0 ses2MesFail
399367577  1 1 PASS
399421408  1 1 PASS
399423563  1 0 ses2MesFail
399423563  2 0 SecondaryOfPN_01
399423563  3 0 AltDetFail
399639698  1 1 PASS
399853374  1 0 ses2MesFail
399853374  2 0 ses2MesFail
399977856  1 1 PASS
399977856  2 0 AltDetFail
400957610  1 0 AltDetFail
400957610  2 0 AltDetFail
401184949  1 0 ChasesFail
401227592  1 1 PASS
401283888  1 0 ses2MesFail
401626459  1 0 ses2MesFail
402447670  1 1 PASS
404091542  1 1 PASS
404144841  1 0 AltDetFail
404144841  2 0 AltDetFail
404340025  1 1 PASS
404797151  1 0 AltDetFail
404804908  1 1 PASS
404927661  1 0 ses2MesFail
405040121  1 0 ses2MesFail
405040121  2 1 PASS
405040121  3 0 AltDetFail
405077613  1 0 ses2MesFail
405081305  1 0 ChasesFail
405089321  1 0 ses2MesFail
405318479  1 0 ses2MesFail
405448680  1 1 PASS
405448680  2 0 SecondaryOfPN_01
405513314  1 1 PASS
405513518  1 1 PASS
405575602  1 0 ses2MesFail
405642977  1 0 ses2MesFail
405692410  1 0 ChasesFail
405700729  1 1 PASS
405754448  1 1 PASS
405754448  2 0 AltDetFail
405756510  1 0 ses2MesFail
405805240  1 0 ses2MesFail
405911276  1 0 ses2MesFail
405911276  2 1 PASS
405911276  3 0 AltDetFail
405983345  1 1 PASS
406336313  1 1 PASS
406376496  1 0 ses2MesFail
407661994  1 0 ses2MesFail
410448693  1 1 PASS
410487677  1 1 PASS
410487677  2 0 AltDetFail
410488453  1 1 PASS
410578942  1 0 ses2MesFail
410590656  1 0 newMesBelowThresh
410654298  1 1 PASS
410664079  1 0 ChasesFail
410881634  1 1 PASS
410921432  1 0 AltDetFail
410921432  2 0 AltDetFail
411422518  1 0 AltDetFail
411451519  1 0 ses2MesFail
411451519  2 0 SecondaryOfPN_01
411731278  1 1 PASS
411806442  1 0 ses2MesFail
411806442  2 0 ses2MesFail
411883036  1 0 ses2MesFail
412191425  1 1 PASS
412321059  1 0 ses2MesFail
412330557  1 1 PASS
412444432  1 0 ses2MesFail
412444432  2 1 PASS
412491257  1 1 PASS
412941718  1 0 AltDetFail
412942849  1 1 PASS
412942849  2 0 AltDetFail
413189283  1 0 ses2MesFail
413288074  1 0 ChasesFail
413920366  1 1 PASS
414138813  1 0 ses2MesFail
415241207  1 0 ses2MesFail
415937547  1 0 AltDetFail
415937547  2 0 AltDetFail
418187845  1 1 PASS
418215123  1 1 PASS
418295363  1 1 PASS
418296668  1 1 PASS
418334343  1 1 PASS
418334780  1 1 PASS
418335238  1 1 PASS
418339858  1 1 PASS
418340457  1 0 ChasesFail
418352878  1 0 ChasesFail
418430035  1 1 PASS
418461978  1 1 PASS
418527327  1 0 ses2MesFail
418527327  2 0 ses2MesFail
418528503  1 1 PASS
418528631  1 1 PASS
418532689  1 0 ses2MesFail
418532689  2 0 ses2MesFail
418581233  1 0 AltDetFail
418581233  2 0 AltDetFail
418613877  1 0 AltDetFail
418633250  1 0 ses2MesFail
418655173  1 1 PASS
419692115  1 0 ChasesFail
419778517  1 0 ses2MesFail
419944060  1 1 PASS
420013846  1 0 ses2MesFail
420581415  1 1 PASS
421345683  1 1 PASS
422529279  1 0 ses2MesFail
425368089  1 0 ses2MesFail
425505324  1 1 PASS
425536846  1 1 PASS
425594181  1 1 PASS
425594181  2 0 SecondaryOfPN_01
428755168  1 1 PASS
428781346  1 1 PASS
429345729  1 0 AltDetFail
433440595  1 0 AltDetFail
434664688  1 1 PASS
434664688  2 0 ses2MesFail
435111484  1 0 newMesShrink
435111484  2 0 ses2MesFail
435977760  1 0 newMesBelowThresh
436998675  1 0 ses2MesFail
436998675  2 0 ses2MesFail
437333618  1 1 PASS
438602644  1 1 PASS
438682877  1 1 PASS
438682877  2 0 SecondaryOfPN_01
438685468  1 0 ses2MesFail
438733975  1 0 ses2MesFail
438734016  1 1 PASS
438775149  1 0 ChasesFail
438790187  1 1 PASS
438790188  1 1 PASS
438790188  2 1 PASS
438832923  1 0 AltDetFail
438832923  2 0 AltDetFail
439168784  1 0 AltDetFail
439168784  2 0 AltDetFail
439168784  3 0 AltDetFail
439168784  4 0 AltDetFail
439381102  1 1 PASS
439971546  1 0 ses2MesFail
439971546  2 0 ses2MesFail
440887364  1 1 PASS
440887364  2 1 PASS
440895947  1 0 ses2MesFail
441103771  1 0 ses2MesFail
443562032  1 1 PASS
443590029  1 1 PASS
447993848  1 0 ChasesFail
448025544  1 0 ses2MesFail
448800236  1 0 AltDetFail
448800236  2 0 AltDetFail
448852739  1 1 PASS
448852739  2 0 SecondaryOfPN_01
448853649  1 1 PASS
448912100  1 0 ChasesFail
448912100  2 0 ChasesFail
449355457  1 0 ses2MesFail
449566969  1 1 PASS
449580880  1 1 PASS
449671660  1 0 ses2MesFail
450276745  1 0 AltDetFail
450504803  1 1 PASS
450504803  2 0 AltDetFail
450690604  1 0 ses2MesFail
450918869  1 1 PASS
450941267  1 0 ses2MesFail
451112995  1 1 PASS
451211626  1 1 PASS
451832923  1 1 PASS
451949522  1 0 ses2MesFail
451960523  1 1 PASS
452194881  1 1 PASS
452448437  1 0 ses2MesFail
452466679  1 0 AltDetFail
452466679  2 0 AltDetFail
452468833  1 1 PASS
452470253  1 1 PASS
452479048  1 1 PASS
452479049  1 0 ses2MesFail
452479049  2 0 ses2MesFail
452500843  1 1 PASS
452500843  2 0 ses2MesFail
452500843  3 0 ses2MesFail
452527037  1 1 PASS
452533640  1 1 PASS
452575636  1 1 PASS
452575636  2 0 SecondaryOfPN_01
452576314  1 1 PASS
452591471  1 0 newMesBelowThresh
452631268  1 1 PASS
453095485  1 1 PASS
453095485  2 0 AltDetFail
453097744  1 0 ses2MesFail
453097744  2 0 AltDetFail
453416841  1 1 PASS
453416841  2 0 ses2MesFail
453515748  1 1 PASS
453595277  1 0 ChasesFail
453766186  1 0 ses2MesFail
453766186  2 0 ChasesFail
453784977  1 0 AltDetFail
453784977  2 0 AltDetFail
453785266  1 1 PASS
453808153  1 0 ses2MesFail
453815948  1 1 PASS
454335224  1 0 ses2MesFail
454459265  1 1 PASS
454493113  1 1 PASS
454493113  2 0 AltDetFail
454534617  1 1 PASS
454534617  2 0 SecondaryOfPN_01
454534617  3 0 AltDetFail
454544943  1 0 ChasesFail
454611617  1 1 PASS
454644931  1 1 PASS
454681604  1 0 ChasesFail
454722085  1 0 ses2MesFail
454748017  1 1 PASS
454748017  2 0 SecondaryOfPN_01
454762698  1 1 PASS
454786439  1 0 AltDetFail
454786439  2 0 AltDetFail
454786439  3 0 AltDetFail
454788145  1 0 ChasesFail
454855280  1 1 PASS
454961345  1 1 PASS
454961345  2 0 ChasesFail
456984116  1 1 PASS
457052312  1 1 PASS
457308993  1 0 newMesShrink
457460689  1 1 PASS
457463263  1 1 PASS
457464640  1 1 PASS
458857463  1 0 ses2MesFail
458859193  1 1 PASS
458859364  1 0 AltDetFail
459164984  1 1 PASS
460071288  1 0 AltDetFail
460071288  2 0 AltDetFail
460172511  1 1 PASS
460172517  1 1 PASS
460205581  1 1 PASS
460323913  1 0 ses2MesFail
460347575  1 0 ses2MesFail
460479672  1 0 ses2MesFail
460694605  1 0 AltDetFail
460765494  1 0 ses2MesFail
460820330  1 1 PASS
460984940  1 1 PASS
461271719  1 1 PASS
461683405  1 0 ses2MesFail
464680239  1 1 PASS
464886060  1 1 PASS
464893533  1 1 PASS
464893533  2 0 AltDetFail
464901555  1 1 PASS
465049656  1 0 ses2MesFail
465075473  1 1 PASS
465390152  1 1 PASS
465507504  1 1 PASS
465631056  1 0 ChasesFail
466211032  1 1 PASS
466248428  1 0 ses2MesFail
466248428  2 0 ses2MesFail
466323338  1 1 PASS
466494866  1 1 PASS
466771970  1 1 PASS
466773964  1 0 AltDetFail
466840711  1 1 PASS
467062613  1 1 PASS
467136472  1 1 PASS
467167691  1 1 PASS
467368706  1 0 ses2MesFail
467368706  2 0 ses2MesFail
467626646  1 1 PASS
467773418  1 0 ses2MesFail
467773418  2 1 PASS
467920869  1 1 PASS
467980197  1 0 ChasesFail
468162834  1 1 PASS
471015273  1 0 newMesBelowThresh
