 18422438  1 1 PASS
 18422438  2 0 AltDetFail
  5118666  1 0 ChasesFail
 18534397  1 1 PASS
  5205367  1 0 ChasesFail
  5205367  2 0 ses2MesFail
 18433724  1 0 ChasesFail
  5359248  1 0 ChasesFail
  5359248  2 1 PASS
 18534775  1 0 AltDetFail
 18534775  2 0 AltDetFail
  5423347  1 1 PASS
 18566969  1 0 AltDetFail
  7720507  1 0 ses2MesFail
  7720507  2 0 SecondaryOfPN_01
  7720507  3 0 AltDetFail
  7720507  4 0 AltDetFail
 18636142  1 0 ChasesFail
  7772500  1 1 PASS
 20352516  1 0 ses2MesFail
  7849727  1 0 AltDetFail
 20534584  1 0 AltDetFail
 20534584  2 0 AltDetFail
 20534584  3 0 AltDetFail
  7851729  1 1 PASS
  7851729  2 0 AltDetFail
 21125485  1 1 PASS
  7854182  1 1 PASS
  7854182  2 0 AltDetFail
 21126323  1 1 PASS
 21126323  2 0 SecondaryOfPN_01
  9473243  1 1 PASS
  9473243  2 0 SecondaryOfPN_01
 21744120  1 1 PASS
  9703633  1 0 ses2MesFail
  9703633  2 0 ChasesFail
 21829304  1 1 PASS
 21829304  2 0 newMesShrink
 21829304  3 0 AltDetFail
 21829304  4 0 AltDetFail
  9825731  1 0 AltDetFail
  9825731  2 0 AltDetFail
 23059280  1 1 PASS
 10357422  1 0 ses2MesFail
 22513851  1 0 ses2MesFail
 10393493  1 1 PASS
 10393493  2 0 SecondaryOfPN_01
 23229805  1 1 PASS
 10467747  1 1 PASS
 10467747  2 0 SecondaryOfPN_01
 23389349  1 0 AltDetFail
 23389349  2 0 AltDetFail
 15240322  1 0 AltDetFail
 15240322  2 0 AltDetFail
 23539980  1 0 AltDetFail
 18178958  1 0 ses2MesFail
 23541457  1 1 PASS
 18269802  1 0 AltDetFail
 23936839  1 0 AltDetFail
 18271803  1 1 PASS
 18271803  2 0 AltDetFail
 24066056  1 0 AltDetFail
 18315326  1 1 PASS
 27572728  1 0 ses2MesFail
 18317760  1 0 ses2MesFail
 18317760  2 0 ses2MesFail
 27848472  1 1 PASS
 18319090  1 1 PASS
 22112204  1 1 PASS
 22473759  1 1 PASS
 27850773  1 0 ses2MesFail
 28069786  1 0 AltDetFail
 28069786  2 0 AltDetFail
 28069786  3 0 AltDetFail
 39200363  1 1 PASS
 39389004  1 0 AltDetFail
 39389004  2 0 AltDetFail
 39426509  1 0 AltDetFail
 39426509  2 0 AltDetFail
 39427536  1 1 PASS
 39576803  1 1 PASS
 39576803  2 0 ses2MesFail
 39576803  3 0 newMesBelowThresh
 43333148  1 1 PASS
 43333148  2 0 SecondaryOfPN_01
 43434316  1 0 AltDetFail
 43571341  1 1 PASS
 43571341  2 0 AltDetFail
 43676101  1 1 PASS
 43734215  1 0 ChasesFail
 43734215  2 1 PASS
 43791458  1 0 AltDetFail
 43791458  2 0 AltDetFail
 43874704  1 1 PASS
 44022981  1 1 PASS
 44022981  2 0 SecondaryOfPN_01
 44310393  1 0 ses2MesFail
 44310393  2 0 ses2MesFail
 44311634  1 0 AltDetFail
 44311634  2 0 AltDetFail
 44313455  1 1 PASS
 47578779  1 0 ChasesFail
 47579336  1 0 ses2MesFail
 47626069  1 0 ChasesFail
 47629196  1 1 PASS
 47629196  2 0 AltDetFail
 47673438  1 1 PASS
 47757785  1 1 PASS
 47757785  2 0 ses2MesFail
 47758402  1 1 PASS
 47760477  1 1 PASS
 47762157  1 1 PASS
 47762157  2 0 SecondaryOfPN_01
 48084398  1 1 PASS
 48191564  1 1 PASS
 48356677  1 1 PASS
 48356677  2 0 SecondaryOfPN_01
 48357756  1 1 PASS
 48357756  2 0 AltDetFail
 48448653  1 0 ses2MesFail
 48499902  1 0 ChasesFail
 48499902  2 0 SecondaryOfPN_01
 48507019  1 0 ses2MesFail
 49967912  1 1 PASS
 49967912  2 0 AltDetFail
 68271160  1 0 ses2MesFail
 68271160  2 0 ses2MesFail
 68545734  1 1 PASS
 68545734  2 0 AltDetFail
 68632409  1 0 AltDetFail
 68632409  2 0 AltDetFail
 68632409  3 0 AltDetFail
 68667094  1 1 PASS
 71330078  1 1 PASS
 71330078  2 0 SecondaryOfPN_01
 71431780  1 1 PASS
 71585094  1 1 PASS
 75654576  1 1 PASS
 75878355  1 1 PASS
 75883616  1 1 PASS
 75938206  1 1 PASS
 75938206  2 0 SecondaryOfPN_01
 76073981  1 1 PASS
 76073981  2 0 SecondaryOfPN_01
 76078393  1 1 PASS
 76194997  1 1 PASS
 76305215  1 0 AltDetFail
 76419763  1 1 PASS
 82407313  1 0 ChasesFail
 82407313  2 0 AltDetFail
 84884573  1 1 PASS
 84884573  2 0 SecondaryOfPN_01
 85375231  1 1 PASS
 85375231  2 0 SecondaryOfPN_01
 85375231  3 0 AltDetFail
 85375231  4 0 AltDetFail
 85461580  1 0 AltDetFail
 85461580  2 0 AltDetFail
 85512095  1 1 PASS
 85516380  1 1 PASS
 85585141  1 0 AltDetFail
 85585153  1 0 AltDetFail
 85585153  2 0 AltDetFail
 85600400  1 1 PASS
 85743488  1 0 AltDetFail
 85743488  2 0 AltDetFail
 88839129  1 1 PASS
 88840705  1 0 ses2MesFail
 88893153  1 1 PASS
 88893153  2 0 SecondaryOfPN_01
 88992642  1 1 PASS
 88996391  1 1 PASS
 89116996  1 1 PASS
 99639914  1 0 AltDetFail
 99639914  2 0 AltDetFail
 99725941  1 0 ses2MesFail
101675455  1 1 PASS
101675455  2 0 SecondaryOfPN_01
101675455  3 0 SecondaryOfPN_01
101719607  1 1 PASS
101719607  2 0 SecondaryOfPN_01
101720220  1 0 ChasesFail
101720220  2 0 AltDetFail
101721385  1 1 PASS
101721979  1 0 AltDetFail
101721979  2 0 AltDetFail
101767283  1 0 AltDetFail
101767697  1 1 PASS
101808114  1 0 ses2MesFail
101808114  2 0 ChasesFail
101808114  3 0 ChasesFail
101875081  1 1 PASS
102807490  1 1 PASS
103195323  1 1 PASS
103199606  1 1 PASS
103199606  2 0 AltDetFail
103199606  3 0 AltDetFail
103199606  4 0 AltDetFail
103304597  1 0 AltDetFail
103304597  2 0 AltDetFail
103304597  3 0 AltDetFail
103449681  1 0 AltDetFail
103452621  1 1 PASS
103452621  2 0 ses2MesFail
103565448  1 0 newMesBelowThresh
103566595  1 1 PASS
103566595  2 0 SecondaryOfPN_01
115507313  1 1 PASS
115507313  2 0 AltDetFail
115510020  1 0 ses2MesFail
115970839  1 0 AltDetFail
115970839  2 0 AltDetFail
115971584  1 0 ChasesFail
115971584  2 0 ChasesFail
116161302  1 1 PASS
116161302  2 0 SecondaryOfPN_01
116163356  1 1 PASS
116163356  2 0 SecondaryOfPN_01
116242971  1 1 PASS
116264089  1 1 PASS
120043827  1 0 AltDetFail
120251815  1 0 AltDetFail
120251815  2 0 AltDetFail
120258315  1 1 PASS
120258315  2 0 SecondaryOfPN_01
120258315  3 0 AltDetFail
120313660  1 1 PASS
120313660  2 0 AltDetFail
120313660  3 0 AltDetFail
120315082  1 1 PASS
120355394  1 1 PASS
120355394  2 0 SecondaryOfPN_01
120362128  1 0 AltDetFail
120422800  1 1 PASS
120499528  1 0 ses2MesFail
120499528  2 0 ChasesFail
120499528  3 1 PASS
120499528  4 0 SecondaryOfPN_02
120576722  1 1 PASS
120576722  2 0 AltDetFail
120626764  1 1 PASS
120626764  2 0 AltDetFail
120689878  1 1 PASS
120689878  2 0 SecondaryOfPN_01
122891349  1 0 ChasesFail
123014200  1 1 PASS
123014200  2 0 AltDetFail
123014200  3 0 AltDetFail
123038007  1 0 AltDetFail
123038007  2 0 AltDetFail
123042728  1 0 AltDetFail
123042728  2 0 AltDetFail
123042728  3 0 AltDetFail
123201406  1 1 PASS
123201494  1 0 AltDetFail
123202923  1 0 ChasesFail
123357952  1 1 PASS
123357952  2 0 AltDetFail
123416563  1 0 AltDetFail
123416563  2 0 AltDetFail
123416563  3 0 AltDetFail
135413533  1 0 AltDetFail
135416254  1 1 PASS
135443051  1 1 PASS
135443051  2 0 SecondaryOfPN_01
135443051  3 0 AltDetFail
135443051  4 0 AltDetFail
135480917  1 0 ses2MesFail
137205922  1 1 PASS
137501278  1 1 PASS
138168262  1 0 ses2MesFail
138168262  2 0 ses2MesFail
138168780  1 1 PASS
140627676  1 0 ChasesFail
140627676  2 1 PASS
140682376  1 0 AltDetFail
140682376  2 0 AltDetFail
140682376  3 0 AltDetFail
140736015  1 1 PASS
140804999  1 1 PASS
140804999  2 0 AltDetFail
140839172  1 0 AltDetFail
140839172  2 0 AltDetFail
140864169  1 1 PASS
140864169  2 0 AltDetFail
140866969  1 0 ses2MesFail
140963107  1 0 AltDetFail
141525324  1 1 PASS
141525324  2 0 SecondaryOfPN_01
141533801  1 0 ChasesFail
141620020  1 1 PASS
141764786  1 0 ses2MesFail
142047616  1 0 AltDetFail
142090065  1 1 PASS
142100389  1 0 AltDetFail
142100389  2 0 AltDetFail
142100389  3 0 AltDetFail
142154041  1 1 PASS
142154041  2 0 SecondaryOfPN_01
142520696  1 0 AltDetFail
142520696  2 0 AltDetFail
142619515  1 0 AltDetFail
142619515  2 0 AltDetFail
142783746  1 1 PASS
142783746  2 0 SecondaryOfPN_01
150304481  1 1 PASS
150455296  1 0 AltDetFail
150455296  2 0 AltDetFail
153858162  1 0 ChasesFail
153891668  1 1 PASS
153891668  2 0 SecondaryOfPN_01
153891668  3 0 SecondaryOfPN_01
154339226  1 0 AltDetFail
154339226  2 0 AltDetFail
154339231  1 0 AltDetFail
154339231  2 0 AltDetFail
154453805  1 0 AltDetFail
154453805  2 0 AltDetFail
154664604  1 0 AltDetFail
154664604  2 0 AltDetFail
154699047  1 1 PASS
154716863  1 1 PASS
154716863  2 0 SecondaryOfPN_01
154716863  3 0 AltDetFail
154716863  4 0 AltDetFail
154808394  1 0 AltDetFail
154840461  1 1 PASS
154872375  1 1 PASS
154875092  1 0 ChasesFail
154924886  1 0 ChasesFail
155656119  1 0 ChasesFail
155657581  1 1 PASS
155657581  2 0 SecondaryOfPN_01
155657581  3 0 AltDetFail
156103261  1 0 AltDetFail
156103261  2 0 AltDetFail
156103335  1 1 PASS
156103335  2 0 SecondaryOfPN_01
156169159  1 1 PASS
156169159  2 0 AltDetFail
156295869  1 1 PASS
157448336  1 1 PASS
157448336  2 0 SecondaryOfPN_01
157448336  3 0 AltDetFail
157448336  4 0 AltDetFail
157469799  1 1 PASS
157469799  2 0 AltDetFail
157469799  3 0 AltDetFail
157586003  1 1 PASS
157647276  1 0 AltDetFail
157647276  2 0 AltDetFail
157647583  1 0 AltDetFail
157652824  1 1 PASS
157652824  2 0 AltDetFail
157668999  1 1 PASS
157670196  1 1 PASS
157688938  1 0 ses2MesFail
157854400  1 0 AltDetFail
157889314  1 1 PASS
157889314  2 0 AltDetFail
158113583  1 1 PASS
158113583  2 0 SecondaryOfPN_01
158170594  1 1 PASS
158183591  1 0 ses2MesFail
158183591  2 1 PASS
158218818  1 0 AltDetFail
158218818  2 0 AltDetFail
158241252  1 1 PASS
158241252  2 1 PASS
158272742  1 1 PASS
158272742  2 0 SecondaryOfPN_01
158272742  3 0 AltDetFail
158276780  1 1 PASS
158321843  1 1 PASS
158324245  1 1 PASS
158393140  1 1 PASS
158393140  2 0 AltDetFail
158491288  1 1 PASS
158491288  2 0 SecondaryOfPN_01
158561566  1 1 PASS
158849879  1 0 AltDetFail
159296833  1 1 PASS
159298033  1 1 PASS
159298033  2 0 SecondaryOfPN_01
159336052  1 0 AltDetFail
159345581  1 1 PASS
159345581  2 0 SecondaryOfPN_01
159345743  1 1 PASS
159346490  1 1 PASS
159346490  2 0 AltDetFail
159454849  1 0 AltDetFail
159454849  2 0 AltDetFail
159464498  1 1 PASS
159466193  1 1 PASS
159510109  1 0 ses2MesFail
159510109  2 0 ses2MesFail
159510983  1 0 AltDetFail
159510983  2 0 AltDetFail
159742538  1 1 PASS
159892657  1 0 ses2MesFail
159892657  2 0 SecondaryOfPN_01
159892657  3 0 ses2MesFail
160164029  1 1 PASS
160164029  2 0 AltDetFail
160195393  1 0 AltDetFail
160425283  1 0 AltDetFail
160472514  1 1 PASS
160472514  2 0 newMesBelowThresh
160472514  3 0 newMesBelowThresh
160518449  1 1 PASS
160519380  1 0 AltDetFail
160533733  1 1 PASS
160585813  1 1 PASS
160603519  1 0 ses2MesFail
160603897  1 1 PASS
160603897  2 0 SecondaryOfPN_01
160618494  1 1 PASS
160618494  2 0 SecondaryOfPN_01
164374386  1 1 PASS
164374386  2 0 AltDetFail
164375251  1 0 AltDetFail
164413080  1 0 ses2MesFail
164458426  1 1 PASS
164461124  1 1 PASS
164461124  2 0 SecondaryOfPN_01
164461124  3 0 AltDetFail
164463075  1 0 AltDetFail
164463075  2 0 SecondaryOfPN_01
164463430  1 1 PASS
164524541  1 0 AltDetFail
164527723  1 1 PASS
164527723  2 0 SecondaryOfPN_01
164552564  1 1 PASS
164552564  2 1 PASS
164554097  1 1 PASS
164554097  2 0 SecondaryOfPN_01
164557531  1 1 PASS
164558055  1 1 PASS
164558072  1 1 PASS
164644375  1 1 PASS
164644375  2 0 ses2MesFail
164644375  3 0 AltDetFail
164646288  1 0 AltDetFail
164646288  2 0 AltDetFail
164646288  3 0 AltDetFail
164674992  1 1 PASS
164674992  2 0 SecondaryOfPN_01
164677806  1 1 PASS
164677806  2 0 SecondaryOfPN_01
164781045  1 1 PASS
164782264  1 0 AltDetFail
164784457  1 1 PASS
164784457  2 0 SecondaryOfPN_01
164833847  1 1 PASS
164883253  1 0 AltDetFail
165531514  1 1 PASS
165618747  1 0 AltDetFail
165642663  1 0 ChasesFail
166276444  1 1 PASS
180697987  1 0 AltDetFail
180698725  1 0 AltDetFail
180761818  1 1 PASS
180761818  2 0 SecondaryOfPN_01
180770456  1 1 PASS
180770456  2 0 ses2MesFail
180770456  3 0 SecondaryOfPN_01
180770456  4 0 SecondaryOfPN_01
180770456  5 0 ses2MesFail
188632557  1 0 ses2MesFail
188766090  1 1 PASS
188766090  2 0 AltDetFail
188777430  1 0 ses2MesFail
188777432  1 0 ses2MesFail
188816156  1 1 PASS
188816156  2 0 AltDetFail
188816156  3 0 AltDetFail
188819111  1 0 ChasesFail
193578361  1 0 AltDetFail
193578361  2 0 AltDetFail
193580427  1 0 AltDetFail
193580427  2 0 AltDetFail
193624940  1 0 AltDetFail
193624940  2 0 AltDetFail
193627658  1 1 PASS
193627658  2 0 AltDetFail
193635719  1 0 AltDetFail
193635719  2 0 AltDetFail
193728983  1 1 PASS
193728983  2 0 SecondaryOfPN_01
193770329  1 0 AltDetFail
193774939  1 1 PASS
193774939  2 0 SecondaryOfPN_01
193774939  3 0 AltDetFail
193819456  1 0 ses2MesFail
193819456  2 0 AltDetFail
193821046  1 0 ses2MesFail
193821046  2 0 ChasesFail
193821046  3 0 ses2MesFail
193822785  1 1 PASS
193823999  1 0 AltDetFail
193867475  1 1 PASS
193869952  1 0 ChasesFail
193869952  2 0 SecondaryOfPN_01
198082689  1 1 PASS
198179599  1 1 PASS
198242676  1 1 PASS
198242676  2 0 SecondaryOfPN_01
198280388  1 0 AltDetFail
198354443  1 0 AltDetFail
198354443  2 0 AltDetFail
198358825  1 0 ses2MesFail
198366673  1 1 PASS
198366673  2 0 SecondaryOfPN_01
198381449  1 1 PASS
198382308  1 1 PASS
198382838  1 0 ses2MesFail
198382901  1 1 PASS
198387206  1 1 PASS
198387206  2 0 ses2MesFail
198387206  3 1 PASS
198388925  1 0 ses2MesFail
198389292  1 0 ses2MesFail
198390707  1 0 AltDetFail
198390707  2 0 AltDetFail
198408416  1 1 PASS
198408416  2 0 AltDetFail
198408416  3 0 AltDetFail
198410119  1 0 AltDetFail
198410462  1 0 AltDetFail
198410480  1 1 PASS
198410480  2 0 SecondaryOfPN_01
198416591  1 0 ChasesFail
198416591  2 0 ChasesFail
198416591  3 0 ChasesFail
198420098  1 1 PASS
198457251  1 1 PASS
198457251  2 0 SecondaryOfPN_01
198457457  1 0 ChasesFail
198560607  1 0 AltDetFail
198588220  1 1 PASS
198614722  1 1 PASS
198614722  2 0 SecondaryOfPN_01
199574208  1 1 PASS
199574208  2 0 newMesBelowThresh
199574211  1 1 PASS
199574211  2 0 newMesShrink
199574211  3 0 AltDetFail
199574211  4 0 AltDetFail
199610171  1 1 PASS
199611434  1 1 PASS
199661915  1 0 ses2MesFail
199662929  1 1 PASS
199662929  2 0 SecondaryOfPN_01
199662939  1 1 PASS
199682033  1 0 AltDetFail
199682033  2 0 AltDetFail
199682037  1 0 AltDetFail
199682037  2 0 AltDetFail
199688409  1 1 PASS
199688409  2 0 AltDetFail
199688472  1 1 PASS
199708835  1 1 PASS
199708835  2 0 SecondaryOfPN_01
199709055  1 1 PASS
199715197  1 0 AltDetFail
199716496  1 0 AltDetFail
199716496  2 0 AltDetFail
202276766  1 1 PASS
202276766  2 0 AltDetFail
202276766  3 0 AltDetFail
219107776  1 0 AltDetFail
219109908  1 0 AltDetFail
219468088  1 0 ses2MesFail
219750638  1 0 ChasesFail
219750638  2 0 AltDetFail
219751969  1 1 PASS
219751969  2 0 AltDetFail
219765652  1 1 PASS
219771660  1 0 ses2MesFail
219771660  2 0 ses2MesFail
219771690  1 0 ses2MesFail
219777401  1 1 PASS
219780464  1 1 PASS
219790151  1 0 ses2MesFail
219790151  2 0 ChasesFail
219791033  1 1 PASS
219791033  2 0 AltDetFail
219819617  1 1 PASS
219819617  2 0 AltDetFail
219821826  1 1 PASS
219850915  1 1 PASS
219851943  1 0 AltDetFail
219851943  2 0 AltDetFail
219852584  1 1 PASS
219854185  1 1 PASS
219857398  1 0 newMesShrink
219859691  1 1 PASS
219859691  2 0 AltDetFail
219865181  1 1 PASS
219865181  2 0 SecondaryOfPN_01
219879302  1 1 PASS
219882262  1 1 PASS
219882262  2 0 SecondaryOfPN_01
219884807  1 0 AltDetFail
219892705  1 1 PASS
219893380  1 1 PASS
219900027  1 1 PASS
224602502  1 0 AltDetFail
224602502  2 0 AltDetFail
224606205  1 1 PASS
229400092  1 1 PASS
229400643  1 1 PASS
229400643  2 0 AltDetFail
229446477  1 1 PASS
229480487  1 0 ses2MesFail
229487733  1 1 PASS
229490898  1 1 PASS
229501295  1 0 newMesBelowThresh
229510628  1 1 PASS
229510628  2 0 AltDetFail
229510866  1 1 PASS
229538448  1 0 AltDetFail
229538448  2 0 AltDetFail
229585356  1 0 AltDetFail
229585356  2 0 AltDetFail
229585365  1 1 PASS
229585542  1 1 PASS
229586455  1 1 PASS
229597404  1 1 PASS
229597404  2 0 SecondaryOfPN_01
229675762  1 1 PASS
229675969  1 0 ses2MesFail
229687624  1 0 ses2MesFail
229689154  1 1 PASS
229689154  2 0 SecondaryOfPN_01
229706827  1 0 ses2MesFail
229715760  1 1 PASS
229740848  1 1 PASS
229740848  2 0 SecondaryOfPN_01
229742951  1 0 ses2MesFail
229742951  2 0 ses2MesFail
229750058  1 1 PASS
229751802  1 1 PASS
229751802  2 0 AltDetFail
229760134  1 1 PASS
229766985  1 0 AltDetFail
229770036  1 1 PASS
229771234  1 0 AltDetFail
229776076  1 0 ses2MesFail
229776076  2 0 ses2MesFail
229781583  1 1 PASS
229788204  1 0 ses2MesFail
229791084  1 1 PASS
229791903  1 1 PASS
229791903  2 0 SecondaryOfPN_01
229791903  3 0 AltDetFail
229791903  4 0 AltDetFail
229796245  1 0 ChasesFail
229910234  1 0 ses2MesFail
229910746  1 1 PASS
229913521  1 0 ChasesFail
229914020  1 1 PASS
229914020  2 0 SecondaryOfPN_01
229975095  1 1 PASS
230007816  1 1 PASS
230016502  1 1 PASS
230017324  1 1 PASS
230023734  1 1 PASS
230024775  1 1 PASS
230050959  1 1 PASS
230086096  1 1 PASS
230087585  1 1 PASS
230088370  1 1 PASS
230114503  1 1 PASS
230114503  2 0 ses2MesFail
230115455  1 1 PASS
230118963  1 1 PASS
230123475  1 1 PASS
230124233  1 1 PASS
230124355  1 1 PASS
230127302  1 1 PASS
230130569  1 1 PASS
230131178  1 0 ses2MesFail
230131630  1 0 ses2MesFail
230136846  1 1 PASS
230233157  1 0 AltDetFail
230233157  2 0 AltDetFail
230236827  1 1 PASS
230273344  1 0 AltDetFail
230345672  1 0 ses2MesFail
230375747  1 1 PASS
230384382  1 0 ChasesFail
230386284  1 1 PASS
230386284  2 0 AltDetFail
230389303  1 1 PASS
230393824  1 1 PASS
230393824  2 0 SecondaryOfPN_01
232612416  1 1 PASS
232612421  1 1 PASS
232616666  1 0 ses2MesFail
232617358  1 1 PASS
232617358  2 0 SecondaryOfPN_01
232629077  1 1 PASS
232629077  2 0 SecondaryOfPN_01
232633119  1 0 ses2MesFail
232633677  1 0 AltDetFail
232633677  2 0 AltDetFail
232634196  1 0 ChasesFail
232634196  2 0 newMesBelowThresh
232634196  3 0 SecondaryOfPN_01
232634196  4 0 SecondaryOfPN_01
232634196  5 0 AltDetFail
232643392  1 1 PASS
232649837  1 0 AltDetFail
232649837  2 0 AltDetFail
232649837  3 0 AltDetFail
232982938  1 1 PASS
232982938  2 1 PASS
232984544  1 0 AltDetFail
232984544  2 0 AltDetFail
232985036  1 1 PASS
233005602  1 0 AltDetFail
233006806  1 1 PASS
233006806  2 0 SecondaryOfPN_01
233043818  1 0 ChasesFail
233043818  2 0 ChasesFail
233047097  1 1 PASS
233051157  1 1 PASS
233078665  1 1 PASS
233079659  1 1 PASS
233079659  2 0 AltDetFail
233080133  1 0 AltDetFail
233083216  1 1 PASS
233087860  1 1 PASS
233120979  1 1 PASS
233128614  1 0 ses2MesFail
233131533  1 0 ses2MesFail
233131533  2 1 PASS
233159259  1 0 ChasesFail
233193944  1 1 PASS
233193944  2 0 SecondaryOfPN_01
233195052  1 1 PASS
233207585  1 0 AltDetFail
233207585  2 0 AltDetFail
233208885  1 0 AltDetFail
233208885  2 0 AltDetFail
233211759  1 0 ses2MesFail
233211762  1 1 PASS
233233639  1 0 AltDetFail
233233639  2 0 AltDetFail
233497719  1 1 PASS
233531814  1 1 PASS
233532554  1 1 PASS
233532554  2 0 SecondaryOfPN_01
233532554  3 0 SecondaryOfPN_01
233532554  4 0 SecondaryOfPN_01
233539736  1 1 PASS
233541860  1 0 AltDetFail
233544995  1 0 AltDetFail
233546272  1 1 PASS
233546272  2 0 AltDetFail
233569141  1 0 ses2MesFail
233576872  1 1 PASS
233576872  2 0 SecondaryOfPN_01
233679640  1 0 ChasesFail
233679640  2 0 ses2MesFail
233679640  3 0 ses2MesFail
233681149  1 1 PASS
233684822  1 1 PASS
233689243  1 0 ChasesFail
233692083  1 0 ses2MesFail
233720276  1 1 PASS
233720276  2 0 AltDetFail
233722938  1 1 PASS
233722938  2 0 SecondaryOfPN_01
233735068  1 1 PASS
233738458  1 1 PASS
233744223  1 0 ses2MesFail
235598526  1 1 PASS
235598526  2 0 SecondaryOfPN_01
235612261  1 1 PASS
235612261  2 0 AltDetFail
235651762  1 0 AltDetFail
235652250  1 0 ChasesFail
235666667  1 0 ses2MesFail
235712394  1 0 AltDetFail
235718636  1 0 AltDetFail
235726293  1 0 ChasesFail
235726293  2 0 AltDetFail
235735125  1 1 PASS
235735125  2 0 SecondaryOfPN_01
235874837  1 1 PASS
235874837  2 0 AltDetFail
235905185  1 1 PASS
235930066  1 0 ChasesFail
235945613  1 1 PASS
235945613  2 0 SecondaryOfPN_01
235982039  1 1 PASS
235982039  2 0 AltDetFail
235982927  1 1 PASS
235985439  1 1 PASS
236757919  1 0 ses2MesFail
236761861  1 1 PASS
236766358  1 0 AltDetFail
236766358  2 0 AltDetFail
236766358  3 0 AltDetFail
236776750  1 1 PASS
236776750  2 0 AltDetFail
236788376  1 1 PASS
236817949  1 1 PASS
237104103  1 1 PASS
237130278  1 0 AltDetFail
237158644  1 1 PASS
237200747  1 1 PASS
237200979  1 0 ses2MesFail
237201422  1 0 ses2MesFail
237204998  1 0 AltDetFail
237222539  1 0 AltDetFail
237222864  1 1 PASS
237229242  1 0 AltDetFail
237229242  2 0 AltDetFail
237234024  1 1 PASS
237277760  1 1 PASS
237277760  2 0 AltDetFail
237278994  1 0 ChasesFail
237280575  1 1 PASS
237290473  1 1 PASS
237290473  2 0 SecondaryOfPN_01
243316446  1 0 AltDetFail
243319567  1 1 PASS
243319567  2 0 AltDetFail
243335710  1 1 PASS
243352373  1 0 AltDetFail
243352809  1 0 AltDetFail
255574842  1 1 PASS
255574842  2 0 newMesShrink
255574842  3 0 AltDetFail
255921197  1 1 PASS
255921197  2 0 AltDetFail
256258168  1 1 PASS
256258168  2 0 ses2MesFail
256298934  1 0 ChasesFail
256298934  2 0 SecondaryOfPN_01
256298934  3 0 AltDetFail
256770297  1 0 ses2MesFail
256771035  1 0 AltDetFail
257023157  1 0 ChasesFail
257048637  1 0 ses2MesFail
257048637  2 0 ses2MesFail
257048642  1 0 ses2MesFail
257048642  2 1 PASS
257199824  1 0 ses2MesFail
257458670  1 0 ses2MesFail
257583211  1 1 PASS
257583211  2 0 SecondaryOfPN_01
257648522  1 1 PASS
257817286  1 0 ses2MesFail
257817286  2 0 ses2MesFail
258271315  1 1 PASS
258276136  1 0 AltDetFail
258351350  1 1 PASS
258351350  2 0 AltDetFail
258391911  1 1 PASS
258391911  2 0 AltDetFail
258391911  3 0 AltDetFail
258773798  1 0 AltDetFail
258777137  1 1 PASS
258799793  1 0 AltDetFail
258871793  1 0 ses2MesFail
258918831  1 1 PASS
258918831  2 0 SecondaryOfPN_01
258918835  1 1 PASS
258923466  1 1 PASS
258923466  2 1 PASS
258923466  3 0 SecondaryOfPN_02
259003868  1 1 PASS
259003868  2 0 newMesShrink
259003868  3 0 AltDetFail
259006174  1 1 PASS
259006185  1 1 PASS
259006185  2 0 SecondaryOfPN_01
259099970  1 1 PASS
259126549  1 1 PASS
259126645  1 1 PASS
259126645  2 0 newMesBelowThresh
259126645  3 0 AltDetFail
259126645  4 0 AltDetFail
260231573  1 0 ChasesFail
260231573  2 0 ses2MesFail
260273161  1 0 ses2MesFail
263635510  1 1 PASS
263930790  1 1 PASS
263930790  2 0 SecondaryOfPN_01
263930790  3 0 AltDetFail
263966193  1 1 PASS
263968694  1 1 PASS
263968694  2 0 AltDetFail
264007205  1 1 PASS
264007205  2 0 AltDetFail
264051559  1 1 PASS
264052522  1 0 ses2MesFail
264052522  2 0 ses2MesFail
264173786  1 1 PASS
264253573  1 1 PASS
264253573  2 0 AltDetFail
264544867  1 1 PASS
264544867  2 0 SecondaryOfPN_01
264897244  1 0 ses2MesFail
267572272  1 0 AltDetFail
268392799  1 1 PASS
268392799  2 0 newMesShrink
268403451  1 1 PASS
268404844  1 1 PASS
268404844  2 0 SecondaryOfPN_01
269696438  1 1 PASS
270215222  1 0 AltDetFail
270256611  1 0 AltDetFail
270450687  1 0 ses2MesFail
272650576  1 0 ses2MesFail
272705043  1 0 AltDetFail
272758199  1 1 PASS
272781944  1 1 PASS
274509791  1 0 ChasesFail
274509791  2 0 AltDetFail
274509791  3 0 AltDetFail
274551602  1 1 PASS
274551602  2 1 PASS
274575202  1 1 PASS
274575202  2 0 SecondaryOfPN_01
274599035  1 1 PASS
274599035  2 0 AltDetFail
274676647  1 0 AltDetFail
274969703  1 1 PASS
275063368  1 0 AltDetFail
275063368  2 0 AltDetFail
275141150  1 1 PASS
275147680  1 0 AltDetFail
275147680  2 0 AltDetFail
275147680  3 0 AltDetFail
276232142  1 1 PASS
276232142  2 0 newMesBelowThresh
278281138  1 0 AltDetFail
279918206  1 1 PASS
280031832  1 1 PASS
280031832  2 0 SecondaryOfPN_01
280033918  1 0 AltDetFail
280033934  1 0 ChasesFail
280033934  2 0 newMesBelowThresh
280033934  3 0 AltDetFail
280033934  4 0 AltDetFail
281114303  1 1 PASS
281114303  2 0 SecondaryOfPN_01
281486906  1 1 PASS
281486906  2 0 SecondaryOfPN_01
281486951  1 0 AltDetFail
281486951  2 0 AltDetFail
282034703  1 0 ses2MesFail
284269936  1 0 ses2MesFail
284364590  1 1 PASS
284364590  2 0 SecondaryOfPN_01
284457791  1 1 PASS
284457791  2 0 SecondaryOfPN_01
284457791  3 0 newMesBelowThresh
284461108  1 1 PASS
284461108  2 0 AltDetFail
284475976  1 1 PASS
284564211  1 1 PASS
284890361  1 0 AltDetFail
284891601  1 0 AltDetFail
284891601  2 0 AltDetFail
285290940  1 0 AltDetFail
285290940  2 0 AltDetFail
285392907  1 0 ses2MesFail
286338346  1 0 AltDetFail
286379032  1 1 PASS
286380389  1 1 PASS
286380389  2 0 SecondaryOfPN_01
286580535  1 0 ChasesFail
286968775  1 1 PASS
286968775  2 0 newMesBelowThresh
286968775  3 0 ses2MesFail
286969175  1 1 PASS
287085893  1 0 AltDetFail
287085893  2 0 AltDetFail
287085893  3 0 AltDetFail
287151976  1 1 PASS
287196418  1 1 PASS
287256222  1 0 AltDetFail
287256222  2 0 AltDetFail
287256222  3 0 AltDetFail
287256467  1 1 PASS
287318353  1 0 AltDetFail
287318353  2 0 AltDetFail
287318353  3 0 AltDetFail
287321618  1 1 PASS
287321618  2 0 ses2MesFail
288132261  1 1 PASS
288312840  1 1 PASS
288312840  2 0 SecondaryOfPN_01
288312840  3 0 AltDetFail
288312840  4 0 AltDetFail
288317543  1 1 PASS
288317543  2 0 SecondaryOfPN_01
288344202  1 0 ChasesFail
288391801  1 0 ses2MesFail
288471108  1 1 PASS
288471108  2 0 SecondaryOfPN_01
288507910  1 1 PASS
288516828  1 0 AltDetFail
288621065  1 0 ses2MesFail
288636342  1 0 ChasesFail
288735205  1 1 PASS
288843874  1 1 PASS
288878839  1 1 PASS
288882010  1 1 PASS
288882010  2 0 SecondaryOfPN_01
288979840  1 1 PASS
288979840  2 0 SecondaryOfPN_01
288979840  3 0 ses2MesFail
289166536  1 0 AltDetFail
289166536  2 0 AltDetFail
289167258  1 1 PASS
289318854  1 1 PASS
289370888  1 0 AltDetFail
289379110  1 1 PASS
289379110  2 0 newMesBelowThresh
289379110  3 0 SecondaryOfPN_01
289379110  4 0 ChasesFail
289456142  1 1 PASS
289531669  1 0 AltDetFail
289564387  1 1 PASS
289564387  2 0 SecondaryOfPN_01
289564387  3 0 AltDetFail
289722957  1 1 PASS
289815523  1 0 AltDetFail
289949453  1 1 PASS
289969374  1 0 AltDetFail
289969374  2 0 AltDetFail
289970992  1 1 PASS
289972535  1 0 ses2MesFail
296083226  1 0 ses2MesFail
296084068  1 1 PASS
298363685  1 0 ChasesFail
298418002  1 1 PASS
298418002  2 0 AltDetFail
298442933  1 1 PASS
298442933  2 0 ses2MesFail
298442933  3 0 newMesBelowThresh
298498697  1 0 AltDetFail
298541138  1 1 PASS
298544913  1 1 PASS
298544913  2 0 AltDetFail
298544913  3 0 SecondaryOfPN_01
298649058  1 0 newMesShrink
298661555  1 0 AltDetFail
298661555  2 0 AltDetFail
298661555  3 0 AltDetFail
298661555  4 0 AltDetFail
298665328  1 0 AltDetFail
298681701  1 1 PASS
298734307  1 0 ChasesFail
298734307  2 0 AltDetFail
298756723  1 1 PASS
298967445  1 0 ses2MesFail
298969838  1 1 PASS
299091036  1 0 AltDetFail
299091036  2 0 AltDetFail
299096355  1 0 ses2MesFail
299160301  1 1 PASS
299160301  2 0 SecondaryOfPN_01
299160301  3 0 ses2MesFail
303255899  1 1 PASS
307956397  1 1 PASS
307957997  1 1 PASS
308089398  1 1 PASS
308091162  1 1 PASS
308172249  1 1 PASS
308297858  1 1 PASS
308297858  2 0 SecondaryOfPN_01
308297858  3 0 AltDetFail
308297858  4 0 AltDetFail
309965134  1 0 ses2MesFail
309965134  2 0 ses2MesFail
309965134  3 0 ses2MesFail
309998013  1 1 PASS
309998013  2 0 AltDetFail
309998013  3 0 AltDetFail
311188656  1 1 PASS
311236477  1 1 PASS
311408969  1 1 PASS
311432346  1 0 AltDetFail
311432346  2 0 AltDetFail
312865025  1 0 AltDetFail
312954266  1 1 PASS
313193981  1 0 ses2MesFail
313611753  1 0 AltDetFail
313807671  1 1 PASS
313807671  2 0 SecondaryOfPN_01
313808331  1 0 ses2MesFail
313988572  1 0 ses2MesFail
314604460  1 1 PASS
314604460  2 0 ses2MesFail
315810194  1 0 AltDetFail
316489770  1 1 PASS
316490067  1 1 PASS
316633520  1 1 PASS
316633520  2 0 SecondaryOfPN_01
317065438  1 1 PASS
317372176  1 0 AltDetFail
317553420  1 1 PASS
317553420  2 0 AltDetFail
320323992  1 0 AltDetFail
320323992  2 0 AltDetFail
320524167  1 1 PASS
320524167  2 0 SecondaryOfPN_01
320524751  1 1 PASS
320524751  2 0 SecondaryOfPN_01
320524751  3 1 PASS
320798691  1 1 PASS
320959269  1 0 AltDetFail
321602098  1 0 ses2MesFail
321668398  1 1 PASS
321849859  1 1 PASS
321849859  2 0 ses2MesFail
322523216  1 1 PASS
322523216  2 0 AltDetFail
322606029  1 1 PASS
323143096  1 1 PASS
326257590  1 1 PASS
326257590  2 0 SecondaryOfPN_01
329246824  1 1 PASS
329246824  2 0 AltDetFail
329248002  1 1 PASS
329347439  1 0 AltDetFail
329347439  2 0 AltDetFail
329510125  1 0 AltDetFail
329510125  2 0 AltDetFail
331791400  1 0 newMesShrink
332624489  1 1 PASS
332624864  1 1 PASS
332624864  2 0 SecondaryOfPN_01
333057755  1 1 PASS
333057755  2 0 AltDetFail
333239615  1 0 ses2MesFail
333239615  2 0 ChasesFail
333325948  1 0 ses2MesFail
333443591  1 0 ses2MesFail
333784916  1 0 ses2MesFail
334990259  1 0 ses2MesFail
335116364  1 0 ChasesFail
335210145  1 1 PASS
335391381  1 1 PASS
336119914  1 0 ses2MesFail
336119914  2 0 ses2MesFail
336128819  1 1 PASS
336208030  1 0 AltDetFail
336267424  1 1 PASS
336405638  1 1 PASS
336405638  2 0 SecondaryOfPN_01
336410894  1 1 PASS
336410894  2 0 SecondaryOfPN_01
336410894  3 0 AltDetFail
336485975  1 1 PASS
336898945  1 0 ses2MesFail
337017458  1 1 PASS
342010156  1 1 PASS
342010156  2 0 SecondaryOfPN_01
342010156  3 0 ses2MesFail
342060048  1 0 ses2MesFail
342061072  1 1 PASS
342061072  2 0 SecondaryOfPN_01
342573820  1 0 AltDetFail
342645261  1 1 PASS
342645261  2 0 ses2MesFail
342741675  1 0 AltDetFail
342741675  2 0 AltDetFail
346751893  1 0 ses2MesFail
348211340  1 0 ses2MesFail
348211340  2 0 ChasesFail
348319604  1 0 AltDetFail
350987976  1 0 AltDetFail
351667692  1 1 PASS
351667692  2 0 SecondaryOfPN_01
351701483  1 1 PASS
352012002  1 1 PASS
352012002  2 0 AltDetFail
352012002  3 0 AltDetFail
352979549  1 0 AltDetFail
352979549  2 0 AltDetFail
353778788  1 1 PASS
353780788  1 0 AltDetFail
353783319  1 0 ses2MesFail
353854078  1 1 PASS
353854078  2 0 ses2MesFail
353854078  3 1 PASS
353854078  4 1 PASS
353854078  5 0 ses2MesFail
353894978  1 1 PASS
353939279  1 1 PASS
353939279  2 0 SecondaryOfPN_01
353939279  3 0 SecondaryOfPN_01
353989471  1 1 PASS
355978205  1 1 PASS
356015357  1 1 PASS
356015357  2 0 SecondaryOfPN_01
356064345  1 1 PASS
356150515  1 1 PASS
356150515  2 0 AltDetFail
356150515  3 0 AltDetFail
356192212  1 1 PASS
356192212  2 0 SecondaryOfPN_01
356192212  3 0 ChasesFail
356234487  1 1 PASS
356234487  2 0 AltDetFail
356235833  1 1 PASS
356240274  1 1 PASS
356240274  2 0 SecondaryOfPN_01
356340346  1 1 PASS
356701798  1 1 PASS
356867115  1 1 PASS
356896550  1 0 AltDetFail
356896561  1 1 PASS
356919658  1 1 PASS
357032546  1 0 ses2MesFail
357032546  2 0 ChasesFail
357036564  1 0 ChasesFail
357050556  1 0 AltDetFail
357050556  2 0 AltDetFail
357050556  3 0 AltDetFail
357185902  1 0 ses2MesFail
357685999  1 1 PASS
357719182  1 1 PASS
357719182  2 0 SecondaryOfPN_01
357719182  3 0 AltDetFail
357790008  1 1 PASS
357790008  2 0 SecondaryOfPN_01
357794973  1 0 AltDetFail
358017960  1 0 AltDetFail
358018612  1 0 AltDetFail
358018764  1 1 PASS
358018764  2 0 AltDetFail
358018764  3 0 AltDetFail
358300248  1 1 PASS
358516596  1 1 PASS
358516596  2 1 PASS
358517121  1 1 PASS
358517121  2 0 ses2MesFail
358606882  1 1 PASS
358606882  2 0 AltDetFail
358613523  1 1 PASS
358613523  2 0 SecondaryOfPN_01
359312795  1 1 PASS
359313701  1 0 ses2MesFail
359313701  2 0 ChasesFail
359390362  1 0 ses2MesFail
359390362  2 0 SecondaryOfPN_01
359496368  1 1 PASS
359497418  1 1 PASS
359497418  2 0 SecondaryOfPN_01
359552286  1 1 PASS
359552286  2 0 AltDetFail
359587754  1 0 ses2MesFail
359631418  1 1 PASS
359631482  1 0 AltDetFail
359631482  2 0 AltDetFail
359631482  3 0 AltDetFail
359675849  1 1 PASS
359675849  2 0 SecondaryOfPN_01
359676320  1 0 AltDetFail
359676320  2 0 AltDetFail
359676320  3 0 AltDetFail
359677968  1 0 AltDetFail
359678111  1 0 AltDetFail
359678111  2 0 AltDetFail
362103921  1 1 PASS
362104293  1 0 ses2MesFail
362131340  1 1 PASS
362259855  1 0 AltDetFail
363730147  1 1 PASS
363730147  2 0 AltDetFail
363730147  3 0 AltDetFail
363730147  4 0 AltDetFail
363732296  1 1 PASS
363732296  2 0 AltDetFail
363823661  1 1 PASS
363823661  2 0 AltDetFail
363924136  1 0 ses2MesFail
364075921  1 0 ses2MesFail
364075921  2 0 ses2MesFail
364120439  1 1 PASS
364120439  2 0 SecondaryOfPN_01
364130065  1 0 ses2MesFail
364186087  1 1 PASS
366122523  1 1 PASS
366122523  2 0 AltDetFail
366122523  3 0 AltDetFail
366517337  1 1 PASS
366517337  2 0 SecondaryOfPN_01
366517381  1 1 PASS
366517381  2 0 ses2MesFail
366517381  3 0 AltDetFail
367681735  1 0 AltDetFail
367681735  2 0 AltDetFail
367815306  1 0 ses2MesFail
367853806  1 0 ses2MesFail
368207862  1 1 PASS
368207862  2 0 SecondaryOfPN_01
368207862  3 0 AltDetFail
368208585  1 0 AltDetFail
368208585  2 0 AltDetFail
368208652  1 1 PASS
368260545  1 1 PASS
371706494  1 1 PASS
372712310  1 0 ses2MesFail
372758722  1 1 PASS
372758722  2 0 SecondaryOfPN_01
372758788  1 0 newMesBelowThresh
376589519  1 0 AltDetFail
376589519  2 0 AltDetFail
376589519  3 0 AltDetFail
376593757  1 0 AltDetFail
376593757  2 0 AltDetFail
376595143  1 0 ses2MesFail
376595143  2 0 SecondaryOfPN_01
376997143  1 1 PASS
376997143  2 1 PASS
377055044  1 1 PASS
377055044  2 0 newMesBelowThresh
377165060  1 1 PASS
377190161  1 1 PASS
377190161  2 0 newMesBelowThresh
377190658  1 0 AltDetFail
377190658  2 0 AltDetFail
377192658  1 1 PASS
377192658  2 0 SecondaryOfPN_01
377192659  1 1 PASS
377192659  2 0 SecondaryOfPN_01
377251803  1 0 AltDetFail
377251803  2 0 AltDetFail
377251803  3 0 AltDetFail
377253090  1 0 AltDetFail
377257650  1 1 PASS
377296926  1 0 AltDetFail
377307592  1 1 PASS
377307592  2 0 AltDetFail
377731192  1 1 PASS
383676981  1 1 PASS
383722507  1 0 AltDetFail
388431706  1 1 PASS
388431711  1 1 PASS
388431711  2 0 SecondaryOfPN_01
388436487  1 1 PASS
388436487  2 0 SecondaryOfPN_01
388436487  3 0 ses2MesFail
388529207  1 1 PASS
388529207  2 0 SecondaryOfPN_01
388583226  1 1 PASS
388583226  2 0 ses2MesFail
388602832  1 1 PASS
388602832  2 0 AltDetFail
388602832  3 0 AltDetFail
388602832  4 0 AltDetFail
389773936  1 0 AltDetFail
389773936  2 0 AltDetFail
389916225  1 1 PASS
389916225  2 0 newMesBelowThresh
389916225  3 0 AltDetFail
389916225  4 0 AltDetFail
389968719  1 1 PASS
389968719  2 0 AltDetFail
390020415  1 1 PASS
390020415  2 0 SecondaryOfPN_01
392531346  1 1 PASS
392531346  2 0 AltDetFail
392536805  1 1 PASS
392536812  1 0 AltDetFail
393787548  1 1 PASS
393824894  1 0 ses2MesFail
393824894  2 0 ses2MesFail
393871721  1 0 AltDetFail
393904939  1 0 ses2MesFail
393999666  1 1 PASS
393999666  2 0 AltDetFail
394030788  1 0 ChasesFail
394030788  2 0 ses2MesFail
396486931  1 1 PASS
396486931  2 0 SecondaryOfPN_01
396562848  1 1 PASS
396713719  1 1 PASS
397100292  1 1 PASS
397100292  2 0 SecondaryOfPN_01
399689377  1 0 AltDetFail
399719111  1 0 AltDetFail
399737080  1 1 PASS
399737080  2 0 AltDetFail
399788405  1 1 PASS
399788405  2 0 AltDetFail
399797809  1 1 PASS
399822840  1 1 PASS
399832376  1 1 PASS
399832376  2 0 SecondaryOfPN_01
399860444  1 1 PASS
399952805  1 1 PASS
399954349  1 1 PASS
399962207  1 0 AltDetFail
399962207  2 0 AltDetFail
400302671  1 0 AltDetFail
400361232  1 0 ses2MesFail
402980664  1 1 PASS
402980664  2 0 SecondaryOfPN_01
402980664  3 0 AltDetFail
405543959  1 1 PASS
405687343  1 1 PASS
406832259  1 0 ses2MesFail
406832261  1 0 ses2MesFail
406881134  1 1 PASS
407515765  1 1 PASS
407515765  2 0 SecondaryOfPN_01
407515765  3 0 AltDetFail
416195870  1 1 PASS
416269516  1 1 PASS
416269516  2 0 AltDetFail
417735733  1 1 PASS
417735733  2 0 newMesBelowThresh
418221292  1 1 PASS
418244848  1 1 PASS
418292123  1 1 PASS
418292123  2 0 AltDetFail
418292424  1 1 PASS
418292424  2 0 SecondaryOfPN_01
418343229  1 0 AltDetFail
420110967  1 1 PASS
420114772  1 1 PASS
420114772  2 0 SecondaryOfPN_01
420114776  1 1 PASS
420130716  1 0 ses2MesFail
420137341  1 0 AltDetFail
420574964  1 0 ses2MesFail
420574964  2 0 ses2MesFail
420645952  1 1 PASS
420645952  2 0 SecondaryOfPN_01
420645952  3 0 AltDetFail
420757505  1 1 PASS
420801158  1 0 ChasesFail
420887915  1 1 PASS
420947477  1 0 ses2MesFail
420947520  1 1 PASS
420947520  2 0 SecondaryOfPN_01
421334320  1 0 ses2MesFail
422987634  1 1 PASS
423027012  1 1 PASS
423027012  2 0 SecondaryOfPN_01
423311936  1 1 PASS
423311936  2 0 AltDetFail
423367460  1 1 PASS
423367460  2 0 AltDetFail
424388628  1 1 PASS
424435940  1 1 PASS
424439457  1 1 PASS
424439457  2 0 SecondaryOfPN_01
424461577  1 0 ChasesFail
424461577  2 0 AltDetFail
424508303  1 1 PASS
424508303  2 0 ses2MesFail
424508303  3 0 ses2MesFail
424508303  4 0 AltDetFail
424508303  5 0 AltDetFail
428679607  1 1 PASS
428772119  1 0 AltDetFail
428772119  2 0 AltDetFail
428784674  1 1 PASS
428784674  2 0 SecondaryOfPN_01
428795527  1 1 PASS
428795527  2 0 SecondaryOfPN_01
428796528  1 0 AltDetFail
428988656  1 1 PASS
428988656  2 1 PASS
428988981  1 1 PASS
429000467  1 0 ses2MesFail
429021446  1 0 ses2MesFail
429021446  2 0 ses2MesFail
441567967  1 1 PASS
441584047  1 1 PASS
441591821  1 1 PASS
441591821  2 0 AltDetFail
441602378  1 1 PASS
441602378  2 0 SecondaryOfPN_01
441606527  1 0 AltDetFail
441608092  1 0 AltDetFail
441608092  2 0 AltDetFail
441613385  1 0 AltDetFail
441618236  1 0 AltDetFail
441618236  2 0 AltDetFail
441619502  1 0 ChasesFail
441732151  1 1 PASS
441732151  2 0 SecondaryOfPN_01
441734144  1 0 AltDetFail
441734910  1 0 ses2MesFail
441739153  1 1 PASS
441739153  2 0 SecondaryOfPN_01
441741602  1 0 ChasesFail
441764197  1 0 AltDetFail
441764197  2 0 AltDetFail
441794509  1 1 PASS
441794509  2 1 PASS
441794509  3 0 SecondaryOfPN_01
441804674  1 0 ses2MesFail
441804674  2 0 SecondaryOfPN_01
441804674  3 0 newMesBelowThresh
441804888  1 1 PASS
441806350  1 1 PASS
441806350  2 0 AltDetFail
441808796  1 1 PASS
445805961  1 0 ses2MesFail
457100137  1 0 ses2MesFail
459182601  1 1 PASS
459182624  1 1 PASS
459894011  1 0 ChasesFail
459894730  1 1 PASS
459894730  2 0 SecondaryOfPN_01
459915346  1 0 ses2MesFail
459915346  2 0 ses2MesFail
459978466  1 1 PASS
459978466  2 0 AltDetFail
459979709  1 0 AltDetFail
459979709  2 0 AltDetFail
459979709  3 0 AltDetFail
459979709  4 0 AltDetFail
460055375  1 1 PASS
460055375  2 0 SecondaryOfPN_01
460099092  1 1 PASS
460099092  2 0 SecondaryOfPN_01
461498341  1 0 ses2MesFail
461498341  2 0 ses2MesFail
461498341  3 0 ChasesFail
461512871  1 1 PASS
461540602  1 0 ses2MesFail
461540602  2 0 ses2MesFail
461540602  3 0 ses2MesFail
461579141  1 0 ses2MesFail
461579405  1 1 PASS
461625381  1 1 PASS
461625381  2 0 AltDetFail
461634737  1 1 PASS
462617334  1 0 AltDetFail
462617334  2 0 AltDetFail
462871358  1 1 PASS
462871358  2 0 SecondaryOfPN_01
462871358  3 0 AltDetFail
467181063  1 1 PASS
468276605  1 1 PASS
468276605  2 0 ChasesFail
468276746  1 1 PASS
468276746  2 0 SecondaryOfPN_01
468276746  3 0 AltDetFail
468293391  1 0 ChasesFail
468293391  2 0 ChasesFail
468318035  1 0 AltDetFail
468318035  2 0 AltDetFail
468330671  1 1 PASS
470085533  1 1 PASS
470085533  2 0 SecondaryOfPN_01
470121167  1 0 ses2MesFail
470124714  1 0 ses2MesFail
470124714  2 0 SecondaryOfPN_01
470152814  1 1 PASS
470196589  1 0 ChasesFail
470196589  2 1 PASS
470239358  1 0 AltDetFail
470269751  1 0 ChasesFail
470671606  1 0 AltDetFail
470671606  2 0 AltDetFail
470677450  1 1 PASS
470677450  2 0 SecondaryOfPN_01
470679277  1 0 ses2MesFail
470679277  2 0 ses2MesFail
470679277  3 0 ses2MesFail
471000657  1 0 ses2MesFail
471000657  2 0 ChasesFail
670710618  1 0 newMesBelowThresh
802663625  1 0 AltDetFail
1400770435  1 1 PASS
1506355332  1 0 AltDetFail
1506355332  2 0 AltDetFail
1506471554  1 1 PASS
1551345499  1 0 ses2MesFail
1551345500  1 0 ses2MesFail
1551660228  1 0 ses2MesFail
1687496434  1 0 AltDetFail
1717079071  1 1 PASS
1884091865  1 1 PASS
