344087362  1 1 PASS
349408306  1 1 PASS
349408306  2 0 SecondaryOfPN_01
218791259  1 0 ses2MesFail
218791259  2 0 AltDetFail
 97700520  1 1 PASS
 97700520  2 0 SecondaryOfPN_01
112604564  1 1 PASS
285519100  1 1 PASS
100940603  1 1 PASS
339633702  1 1 PASS
339633702  2 0 SecondaryOfPN_01
370236000  1 0 AltDetFail
370236000  2 0 AltDetFail
 31515092  1 1 PASS
  7843830  1 0 ses2MesFail
   927257  1 1 PASS
267527924  1 1 PASS
141768070  1 1 PASS
149512793  1 1 PASS
238086649  1 1 PASS
388056282  1 1 PASS
100205373  1 0 newMesShrink
182776916  1 0 AltDetFail
458582595  1 1 PASS
458582595  2 0 SecondaryOfPN_01
148463213  1 1 PASS
148463213  2 0 SecondaryOfPN_01
342169848  1 0 ses2MesFail
219203188  1 0 AltDetFail
157571722  1 0 ses2MesFail
140030318  1 1 PASS
445586472  1 1 PASS
 11748495  1 1 PASS
309657355  1 0 AltDetFail
106627605  1 0 ses2MesFail
320413718  1 1 PASS
320413718  2 0 SecondaryOfPN_01
339637059  1 1 PASS
339637059  2 0 AltDetFail
118339710  1 0 ses2MesFail
453211454  1 1 PASS
453211454  2 1 PASS
339890862  1 1 PASS
339890862  2 0 SecondaryOfPN_01
458624708  1 1 PASS
373915220  1 0 ses2MesFail
373915220  2 1 PASS
141187075  1 1 PASS
149843139  1 1 PASS
 23041132  1 1 PASS
 63572058  1 0 AltDetFail
 63572058  2 0 AltDetFail
 63572058  3 0 AltDetFail
  7060775  1 0 ses2MesFail
  7060775  2 0 SecondaryOfPN_01
405049078  1 1 PASS
405049078  2 0 SecondaryOfPN_01
382302241  1 1 PASS
270648838  1 1 PASS
270648838  2 0 SecondaryOfPN_01
220474209  1 0 ses2MesFail
220474209  2 0 newMesShrink
220474209  3 0 AltDetFail
220474209  4 0 AltDetFail
150603433  1 1 PASS
157000246  1 1 PASS
 55848818  1 1 PASS
 55848818  2 0 AltDetFail
 52641430  1 1 PASS
437026879  1 1 PASS
184666472  1 1 PASS
299941037  1 1 PASS
232030067  1 1 PASS
232030067  2 0 SecondaryOfPN_01
141428309  1 0 ses2MesFail
 31109583  1 1 PASS
 27649847  1 1 PASS
231928131  1 0 AltDetFail
 65549019  1 1 PASS
 65549019  2 0 newMesBelowThresh
173180455  1 0 ses2MesFail
260265964  1 1 PASS
182777019  1 1 PASS
182777019  2 0 AltDetFail
167815117  1 0 ses2MesFail
 55404385  1 0 ses2MesFail
 55404385  2 0 SecondaryOfPN_01
 22529346  1 1 PASS
287327575  1 0 ses2MesFail
264973344  1 0 ChasesFail
274138511  1 1 PASS
412259468  1 1 PASS
412259468  2 0 ses2MesFail
134471108  1 0 ChasesFail
238923315  1 1 PASS
238923315  2 0 SecondaryOfPN_01
123191608  1 1 PASS
123191608  2 0 SecondaryOfPN_01
339668420  1 0 ses2MesFail
266742662  1 0 ses2MesFail
140309502  1 0 ses2MesFail
231963185  1 1 PASS
100204397  1 1 PASS
824981850  1 0 ses2MesFail
824981850  2 0 SecondaryOfPN_01
111314129  1 1 PASS
111314129  2 0 SecondaryOfPN_01
458652853  1 0 ses2MesFail
167526485  1 1 PASS
 31529035  1 0 ses2MesFail
 31529035  2 0 ses2MesFail
748824173  1 1 PASS
308543286  1 0 ChasesFail
 63301562  1 1 PASS
169111723  1 1 PASS
169111723  2 0 SecondaryOfPN_01
341547269  1 0 ses2MesFail
   927554  1 1 PASS
   927554  2 0 ses2MesFail
  7561203  1 1 PASS
 54957535  1 0 ses2MesFail
 54957535  2 0 AltDetFail
 64701575  1 0 ses2MesFail
139777251  1 0 ses2MesFail
139777251  2 0 SecondaryOfPN_01
388089437  1 1 PASS
281582156  1 0 ses2MesFail
281582156  2 0 ses2MesFail
782322066  1 0 AltDetFail
 13349647  1 1 PASS
182317262  1 0 AltDetFail
182317262  2 0 AltDetFail
293649602  1 0 ses2MesFail
269400980  1 1 PASS
231742782  1 1 PASS
 81615511  1 0 AltDetFail
150101472  1 1 PASS
184724339  1 1 PASS
413094526  1 0 AltDetFail
265077027  1 1 PASS
412961700  1 1 PASS
412961700  2 0 SecondaryOfPN_01
409794137  1 1 PASS
 55269690  1 0 ses2MesFail
142015852  1 0 ses2MesFail
101011575  1 1 PASS
238235259  1 1 PASS
129672595  1 1 PASS
 81329338  1 0 ses2MesFail
347098457  1 1 PASS
265281426  1 0 ses2MesFail
274229062  1 0 ses2MesFail
268301217  1 1 PASS
280618999  1 1 PASS
280618999  2 0 AltDetFail
 82121994  1 1 PASS
268966707  1 1 PASS
280371111  1 0 ses2MesFail
280371111  2 1 PASS
280371111  3 0 AltDetFail
261335113  1 1 PASS
261335113  2 0 SecondaryOfPN_01
255638398  1 1 PASS
149603524  1 1 PASS
269408970  1 1 PASS
 53458803  1 1 PASS
 55740857  1 1 PASS
319933145  1 1 PASS
319933145  2 0 AltDetFail
150437346  1 1 PASS
231969683  1 0 ses2MesFail
260353841  1 1 PASS
260353841  2 0 AltDetFail
 73038411  1 1 PASS
388624270  1 1 PASS
443957081  1 1 PASS
146968478  1 1 PASS
146968478  2 0 newMesShrink
 38469354  1 0 ses2MesFail
468978823  1 0 ses2MesFail
393491149  1 0 AltDetFail
 55627261  1 1 PASS
271799457  1 1 PASS
366410512  1 0 ses2MesFail
270604417  1 1 PASS
 36198337  1 0 ses2MesFail
150167319  1 0 ses2MesFail
238063079  1 0 ses2MesFail
309659126  1 0 AltDetFail
260351540  1 0 ses2MesFail
260351540  2 1 PASS
128905715  1 0 ses2MesFail
231411363  1 1 PASS
458686651  1 0 ses2MesFail
 66101152  1 0 ses2MesFail
 66101152  2 0 ses2MesFail
143543413  1 1 PASS
382626661  1 1 PASS
131420290  1 1 PASS
  1133072  1 1 PASS
218996233  1 0 ses2MesFail
218996233  2 1 PASS
218791808  1 1 PASS
218791808  2 0 AltDetFail
 97489285  1 0 ses2MesFail
153436251  1 0 AltDetFail
153436251  2 0 AltDetFail
156883253  1 1 PASS
452955107  1 1 PASS
452955107  2 0 SecondaryOfPN_01
118427067  1 0 ses2MesFail
294090620  1 1 PASS
118021229  1 1 PASS
118021229  2 0 SecondaryOfPN_01
813529007  1 1 PASS
385861326  1 1 PASS
 55727842  1 0 ses2MesFail
262579022  1 0 ses2MesFail
 31838435  1 0 ses2MesFail
 41483281  1 0 AltDetFail
 41483281  2 0 AltDetFail
 41483281  3 0 AltDetFail
280438497  1 0 ses2MesFail
143385484  1 0 ses2MesFail
147528018  1 1 PASS
231922739  1 0 ses2MesFail
231922739  2 0 AltDetFail
231922739  3 0 AltDetFail
410451083  1 1 PASS
410451083  2 0 SecondaryOfPN_01
117942905  1 1 PASS
155954671  1 0 ses2MesFail
347545476  1 0 AltDetFail
 81709032  1 1 PASS
 81709032  2 0 ses2MesFail
 81709032  3 0 ChasesFail
 81709032  4 0 AltDetFail
 81709032  5 0 AltDetFail
167554898  1 1 PASS
455096220  1 1 PASS
381974193  1 0 ses2MesFail
381974193  2 0 ses2MesFail
294159330  1 1 PASS
294159330  2 0 AltDetFail
 25799609  1 1 PASS
 64360693  1 1 PASS
 63199675  1 1 PASS
122724462  1 0 ses2MesFail
 63303499  1 1 PASS
 30275662  1 1 PASS
259450144  1 1 PASS
111242177  1 1 PASS
334055028  1 1 PASS
334055028  2 0 SecondaryOfPN_01
143156471  1 1 PASS
143156471  2 0 SecondaryOfPN_01
255614079  1 1 PASS
334247565  1 1 PASS
334247565  2 0 SecondaryOfPN_01
366632312  1 1 PASS
366632312  2 1 PASS
366632312  3 0 AltDetFail
238709783  1 1 PASS
 65412605  1 1 PASS
 30848598  1 1 PASS
319039689  1 1 PASS
262580681  1 0 ses2MesFail
134404603  1 1 PASS
134404603  2 0 ses2MesFail
379929661  1 1 PASS
113746001  1 0 AltDetFail
220395389  1 0 ChasesFail
126436062  1 1 PASS
 13623021  1 0 ses2MesFail
280526693  1 0 ses2MesFail
280526693  2 0 SecondaryOfPN_01
280526693  3 0 ses2MesFail
 19118053  1 0 AltDetFail
 19118053  2 0 AltDetFail
219180568  1 0 AltDetFail
375034551  1 0 ses2MesFail
339672028  1 1 PASS
178002833  1 1 PASS
126031519  1 1 PASS
393272120  1 1 PASS
 19025965  1 1 PASS
 19025965  2 0 newMesBelowThresh
452845139  1 1 PASS
452845139  2 0 ses2MesFail
175385241  1 1 PASS
372913432  1 1 PASS
267532125  1 0 ses2MesFail
813529012  1 1 PASS
260476837  1 1 PASS
170224449  1 1 PASS
176156961  1 1 PASS
341420329  1 1 PASS
255641117  1 1 PASS
 66057631  1 0 newMesShrink
 59855698  1 0 ses2MesFail
255630077  1 1 PASS
255630077  2 1 PASS
145289125  1 1 PASS
 55601705  1 1 PASS
141116696  1 0 ses2MesFail
444013500  1 0 AltDetFail
154545901  1 1 PASS
154545901  2 0 SecondaryOfPN_01
111537651  1 1 PASS
381949410  1 0 ses2MesFail
 65757182  1 1 PASS
 65757182  2 0 SecondaryOfPN_01
280436609  1 1 PASS
280436609  2 0 AltDetFail
238374636  1 1 PASS
260353507  1 1 PASS
260353507  2 0 AltDetFail
288473353  1 0 ses2MesFail
 98479862  1 1 PASS
 98479862  2 0 SecondaryOfPN_01
 55873500  1 1 PASS
294328887  1 1 PASS
294328887  2 0 AltDetFail
144804862  1 1 PASS
144804862  2 0 SecondaryOfPN_01
265014861  1 0 ChasesFail
265305112  1 0 ses2MesFail
182266101  1 0 newMesShrink
294500964  1 1 PASS
294500964  2 1 PASS
333821572  1 1 PASS
255756592  1 0 AltDetFail
255756592  2 0 AltDetFail
255756592  3 0 AltDetFail
339859782  1 0 AltDetFail
309659124  1 0 AltDetFail
372851229  1 0 AltDetFail
372851229  2 0 AltDetFail
372851229  3 0 AltDetFail
 98080595  1 1 PASS
 51327191  1 1 PASS
 51327191  2 0 newMesShrink
382068562  1 1 PASS
306576958  1 0 AltDetFail
355450245  1 1 PASS
355450245  2 0 SecondaryOfPN_01
132529464  1 1 PASS
280230750  1 0 ses2MesFail
 40340867  1 1 PASS
 40612150  1 1 PASS
 66508582  1 1 PASS
218795833  1 1 PASS
169168102  1 1 PASS
169168102  2 0 ses2MesFail
100952636  1 0 AltDetFail
 64779742  1 1 PASS
 64779742  2 0 AltDetFail
238073953  1 1 PASS
238073953  2 0 AltDetFail
219210314  1 1 PASS
125894957  1 1 PASS
293975288  1 0 ses2MesFail
 25154831  1 1 PASS
 25155310  1 1 PASS
 83092282  1 1 PASS
 99086567  1 1 PASS
 13560980  1 0 ses2MesFail
134536188  1 1 PASS
150021408  1 1 PASS
234479593  1 0 ChasesFail
147977348  1 1 PASS
348538431  1 1 PASS
179308923  1 0 AltDetFail
149570686  1 0 ses2MesFail
389669796  1 1 PASS
255589523  1 0 AltDetFail
255589523  2 0 AltDetFail
238914789  1 0 AltDetFail
238914789  2 0 AltDetFail
184318481  1 1 PASS
184318481  2 0 ses2MesFail
184318481  3 0 AltDetFail
184318481  4 0 AltDetFail
260131643  1 1 PASS
150413414  1 1 PASS
150413414  2 1 PASS
150413414  3 0 ses2MesFail
294273900  1 0 ses2MesFail
294273900  2 0 AltDetFail
306828113  1 1 PASS
220435095  1 1 PASS
140691463  1 1 PASS
 65944056  1 0 AltDetFail
183143120  1 0 AltDetFail
183143120  2 0 AltDetFail
114827044  1 0 ses2MesFail
114827044  2 0 ses2MesFail
238930658  1 1 PASS
432208244  1 0 AltDetFail
260043723  1 1 PASS
 66307320  1 1 PASS
122985747  1 1 PASS
122985747  2 0 SecondaryOfPN_01
156832130  1 0 AltDetFail
280909668  1 1 PASS
139570309  1 0 ses2MesFail
106411436  1 1 PASS
340634383  1 1 PASS
144043410  1 1 PASS
144043410  2 0 AltDetFail
144043410  3 0 AltDetFail
238317637  1 1 PASS
134537478  1 1 PASS
289336320  1 0 AltDetFail
289336320  2 0 AltDetFail
260160482  1 0 AltDetFail
  7848746  1 1 PASS
452895993  1 0 ses2MesFail
 60381595  1 0 ses2MesFail
289535142  1 1 PASS
283307274  1 1 PASS
149740928  1 0 ses2MesFail
 38846515  1 1 PASS
 23087068  1 1 PASS
404804908  1 1 PASS
  6610653  1 1 PASS
176355865  1 0 ses2MesFail
311925584  1 1 PASS
311925584  2 0 SecondaryOfPN_01
169904935  1 1 PASS
270678609  1 1 PASS
270678609  2 0 SecondaryOfPN_01
423124942  1 1 PASS
423124942  2 0 ses2MesFail
 54390047  1 1 PASS
 81408050  1 0 AltDetFail
 81408050  2 0 AltDetFail
 81408050  3 0 AltDetFail
255565860  1 1 PASS
255565860  2 0 SecondaryOfPN_01
143677045  1 0 ses2MesFail
141865875  1 0 AltDetFail
141865875  2 0 AltDetFail
141865875  3 0 AltDetFail
179317684  1 1 PASS
131419878  1 1 PASS
145620527  1 0 ses2MesFail
 99619687  1 0 ses2MesFail
 55727833  1 0 ses2MesFail
140278302  1 0 ses2MesFail
366577510  1 0 ses2MesFail
366577510  2 0 ses2MesFail
260239481  1 0 ses2MesFail
260239481  2 0 SecondaryOfPN_01
 95190770  1 0 AltDetFail
179582003  1 0 ses2MesFail
257073305  1 0 AltDetFail
167602738  1 1 PASS
167602738  2 0 AltDetFail
238928197  1 0 ses2MesFail
238928197  2 0 SecondaryOfPN_01
431798338  1 1 PASS
272086159  1 1 PASS
237944385  1 1 PASS
109313394  1 0 ChasesFail
306635088  1 1 PASS
173439314  1 0 newMesShrink
125057320  1 1 PASS
409880242  1 1 PASS
 38907808  1 0 AltDetFail
151423258  1 1 PASS
279425357  1 1 PASS
364538560  1 1 PASS
364538560  2 0 SecondaryOfPN_01
364538560  3 1 PASS
382577618  1 1 PASS
 33864821  1 1 PASS
 33864821  2 0 SecondaryOfPN_01
281343752  1 1 PASS
281343752  2 0 SecondaryOfPN_01
141122198  1 0 ses2MesFail
141122198  2 0 newMesBelowThresh
141122198  3 1 PASS
 31381651  1 1 PASS
144475181  1 0 AltDetFail
144475181  2 0 SecondaryOfPN_01
 95422260  1 1 PASS
146766374  1 1 PASS
146766374  2 0 SecondaryOfPN_01
 19970087  1 0 ses2MesFail
143526444  1 1 PASS
260304800  1 1 PASS
444039081  1 0 ChasesFail
121389437  1 1 PASS
269401186  1 1 PASS
 93594834  1 1 PASS
177175199  1 1 PASS
444037955  1 0 ses2MesFail
349765573  1 1 PASS
110106945  1 1 PASS
 93688352  1 0 AltDetFail
 36437636  1 1 PASS
 36437636  2 0 SecondaryOfPN_01
 63884928  1 1 PASS
167303776  1 1 PASS
167303776  2 0 ses2MesFail
167303776  3 1 PASS
 94229743  1 0 ses2MesFail
 94229743  2 1 PASS
156833628  1 0 ses2MesFail
468981993  1 1 PASS
343963409  1 1 PASS
343963409  2 0 SecondaryOfPN_01
125245420  1 0 ses2MesFail
388104525  1 1 PASS
350025490  1 1 PASS
271116239  1 1 PASS
271116239  2 0 AltDetFail
179637387  1 0 AltDetFail
238061845  1 1 PASS
123702439  1 1 PASS
278683844  1 1 PASS
109931835  1 0 AltDetFail
381979901  1 1 PASS
 35882116  1 1 PASS
 55650494  1 1 PASS
268644785  1 1 PASS
109976784  1 1 PASS
 68065944  1 0 newMesBelowThresh
 19899729  1 1 PASS
755291147  1 0 ses2MesFail
348995212  1 1 PASS
166969346  1 1 PASS
279740441  1 1 PASS
148002142  1 0 ChasesFail
261136000  1 1 PASS
144631502  1 0 ChasesFail
145338612  1 0 ses2MesFail
319610598  1 1 PASS
140333329  1 1 PASS
453209605  1 1 PASS
123482865  1 1 PASS
 52541466  1 1 PASS
341549737  1 0 ses2MesFail
341549737  2 0 newMesShrink
375034557  1 1 PASS
344026538  1 1 PASS
139854100  1 1 PASS
456744637  1 1 PASS
130199380  1 1 PASS
 56332484  1 0 AltDetFail
 54927937  1 1 PASS
386131764  1 0 ses2MesFail
 60382241  1 0 ses2MesFail
157459952  1 1 PASS
157459952  2 0 SecondaryOfPN_01
382157212  1 0 ses2MesFail
 25195864  1 0 AltDetFail
 25195864  2 0 AltDetFail
 25195864  3 0 AltDetFail
 40797468  1 1 PASS
 64360680  1 1 PASS
 51104846  1 1 PASS
 51104846  2 0 newMesShrink
 51104846  3 0 AltDetFail
167812449  1 1 PASS
167812449  2 0 SecondaryOfPN_01
 81579641  1 1 PASS
145585255  1 1 PASS
231809798  1 1 PASS
 95244521  1 0 AltDetFail
271891098  1 0 ses2MesFail
141652585  1 0 ses2MesFail
278683641  1 0 ses2MesFail
278683641  2 0 SecondaryOfPN_01
111953887  1 0 AltDetFail
332204965  1 1 PASS
296603933  1 1 PASS
 31767465  1 1 PASS
265402860  1 0 AltDetFail
265402860  2 0 AltDetFail
238570141  1 1 PASS
238570141  2 1 PASS
154677780  1 1 PASS
154677780  2 0 SecondaryOfPN_01
823928955  1 0 AltDetFail
382258517  1 0 ses2MesFail
382258517  2 0 ChasesFail
320419365  1 0 AltDetFail
320419365  2 0 AltDetFail
  1011834  1 1 PASS
366622585  1 1 PASS
444003712  1 0 ses2MesFail
444003712  2 1 PASS
323493308  1 0 newMesBelowThresh
178367144  1 1 PASS
782663306  1 1 PASS
782663306  2 0 SecondaryOfPN_01
184071291  1 1 PASS
184071291  2 0 SecondaryOfPN_01
184071291  3 0 AltDetFail
184071291  4 0 AltDetFail
 80711765  1 1 PASS
112924653  1 1 PASS
112924653  2 0 SecondaryOfPN_01
  1649643  1 1 PASS
272236017  1 1 PASS
347408713  1 0 ses2MesFail
260476635  1 1 PASS
504768256  1 1 PASS
261136679  1 1 PASS
349972412  1 0 ses2MesFail
350332997  1 1 PASS
140802498  1 1 PASS
140802498  2 0 SecondaryOfPN_01
445582160  1 0 ses2MesFail
   889317  1 0 ses2MesFail
 66224033  1 0 AltDetFail
114300563  1 0 ses2MesFail
114300563  2 0 ses2MesFail
 36025500  1 1 PASS
 62076666  1 1 PASS
 52640302  1 1 PASS
 66101137  1 0 ses2MesFail
139853601  1 1 PASS
458611649  1 1 PASS
323686506  1 0 ses2MesFail
323686506  2 0 newMesShrink
349907707  1 0 ses2MesFail
 32163601  1 1 PASS
141268467  1 1 PASS
141268467  2 0 newMesShrink
149248196  1 1 PASS
149248196  2 0 ses2MesFail
278825715  1 0 ses2MesFail
287474726  1 1 PASS
350623533  1 0 newMesBelowThresh
143516279  1 0 AltDetFail
143516279  2 0 AltDetFail
 98802123  1 1 PASS
174420274  1 1 PASS
 32051721  1 1 PASS
260657291  1 1 PASS
 26049273  1 1 PASS
 73296637  1 1 PASS
 73296637  2 1 PASS
 73296637  3 0 SecondaryOfPN_01
271017097  1 0 ChasesFail
150359500  1 0 ses2MesFail
150359500  2 0 ses2MesFail
123327422  1 1 PASS
123327422  2 0 AltDetFail
255590987  1 0 ses2MesFail
219173916  1 0 ses2MesFail
219173916  2 0 newMesShrink
415045920  1 1 PASS
308452910  1 1 PASS
  6276559  1 1 PASS
266194572  1 1 PASS
266194572  2 0 SecondaryOfPN_01
279614617  1 0 ses2MesFail
133428395  1 1 PASS
284738182  1 1 PASS
178366477  1 0 ses2MesFail
231963182  1 0 AltDetFail
231963182  2 1 PASS
231963182  3 0 AltDetFail
308537791  1 0 AltDetFail
308537791  2 0 AltDetFail
388413127  1 1 PASS
259070502  1 0 ChasesFail
 30275737  1 1 PASS
111953678  1 0 ses2MesFail
393914310  1 0 newMesShrink
437212966  1 1 PASS
437212966  2 0 SecondaryOfPN_01
131743355  1 1 PASS
267833722  1 0 AltDetFail
179576115  1 1 PASS
174966696  1 0 AltDetFail
174966696  2 0 AltDetFail
174966696  3 0 AltDetFail
 65212867  1 1 PASS
346881042  1 0 ses2MesFail
346881042  2 0 SecondaryOfPN_01
219181266  1 0 ses2MesFail
 52641320  1 0 AltDetFail
 52641320  2 0 AltDetFail
153352537  1 1 PASS
153352537  2 0 ses2MesFail
349307344  1 0 ses2MesFail
300013489  1 1 PASS
126594282  1 0 ses2MesFail
126594282  2 0 AltDetFail
452902558  1 0 ses2MesFail
452902558  2 0 ses2MesFail
 38699825  1 0 AltDetFail
114741367  1 1 PASS
427508467  1 1 PASS
300037002  1 0 ses2MesFail
139921890  1 1 PASS
 88629211  1 0 ses2MesFail
182170926  1 1 PASS
 22766106  1 1 PASS
 22766106  2 0 SecondaryOfPN_01
260536927  1 1 PASS
272194883  1 0 ses2MesFail
114112263  1 1 PASS
114112263  2 0 SecondaryOfPN_01
 19118532  1 1 PASS
 19118532  2 0 SecondaryOfPN_01
284288080  1 1 PASS
 53301636  1 1 PASS
261261490  1 1 PASS
261261490  2 0 SecondaryOfPN_01
 65471953  1 0 AltDetFail
 55298910  1 0 ses2MesFail
 55298910  2 0 ses2MesFail
 55298910  3 0 ses2MesFail
453206842  1 0 ses2MesFail
 80815542  1 1 PASS
 80815542  2 0 SecondaryOfPN_01
289002332  1 0 ses2MesFail
289002332  2 0 SecondaryOfPN_01
261107974  1 1 PASS
129266852  1 1 PASS
155268582  1 1 PASS
381950094  1 0 AltDetFail
348842168  1 0 ses2MesFail
150284425  1 1 PASS
150284425  2 0 ses2MesFail
291466214  1 1 PASS
182943944  1 1 PASS
238097136  1 1 PASS
271372236  1 1 PASS
780094504  1 0 AltDetFail
300871376  1 0 AltDetFail
300871376  2 0 AltDetFail
300871376  3 0 AltDetFail
364588501  1 0 ses2MesFail
149102762  1 0 AltDetFail
 95246892  1 1 PASS
238059180  1 1 PASS
348995211  1 1 PASS
259072377  1 1 PASS
141975926  1 1 PASS
141975926  2 0 ses2MesFail
150083458  1 1 PASS
150083458  2 0 AltDetFail
350293646  1 1 PASS
142076382  1 0 AltDetFail
142076382  2 0 AltDetFail
150151262  1 1 PASS
141708335  1 1 PASS
 29984014  1 0 AltDetFail
145027461  1 1 PASS
268914377  1 1 PASS
152953620  1 0 ChasesFail
134355981  1 1 PASS
134355981  2 0 SecondaryOfPN_01
271893367  1 1 PASS
412782773  1 1 PASS
106997505  1 1 PASS
177283493  1 0 ses2MesFail
334252569  1 0 ses2MesFail
306773798  1 0 ses2MesFail
237957506  1 0 ses2MesFail
237957506  2 0 SecondaryOfPN_01
 56630835  1 0 AltDetFail
 56239667  1 1 PASS
 50841523  1 1 PASS
 50841523  2 0 SecondaryOfPN_01
350954265  1 1 PASS
294206429  1 1 PASS
294206429  2 0 SecondaryOfPN_01
175303052  1 0 AltDetFail
175303052  2 0 AltDetFail
 63895476  1 1 PASS
 22641187  1 0 AltDetFail
 22641187  2 0 AltDetFail
183776571  1 1 PASS
183776571  2 0 SecondaryOfPN_01
155654271  1 1 PASS
279251651  1 1 PASS
300038246  1 1 PASS
 68202266  1 1 PASS
268757175  1 1 PASS
 55497281  1 0 ses2MesFail
 55497281  2 0 ses2MesFail
126769473  1 1 PASS
123212059  1 0 ChasesFail
255563650  1 0 ChasesFail
349762144  1 1 PASS
349762144  2 0 SecondaryOfPN_01
 13670299  1 0 ses2MesFail
323594608  1 0 ses2MesFail
 68060528  1 1 PASS
 94327030  1 0 AltDetFail
150083410  1 0 AltDetFail
151164344  1 1 PASS
431940255  1 0 ses2MesFail
270677813  1 0 ses2MesFail
270677813  2 0 ses2MesFail
238542895  1 1 PASS
123132564  1 0 ses2MesFail
257167932  1 0 ses2MesFail
294750180  1 0 ses2MesFail
 50712784  1 1 PASS
 32052779  1 0 ses2MesFail
153597831  1 1 PASS
106344480  1 1 PASS
348898049  1 0 ChasesFail
167891320  1 0 ses2MesFail
118206212  1 1 PASS
118206212  2 0 SecondaryOfPN_01
363963079  1 1 PASS
363963079  2 0 AltDetFail
363963079  3 0 AltDetFail
415434817  1 0 AltDetFail
415434817  2 0 AltDetFail
 22766107  1 1 PASS
 22766107  2 0 SecondaryOfPN_01
 60229510  1 0 ses2MesFail
 52689469  1 1 PASS
 32246786  1 1 PASS
113182611  1 0 ses2MesFail
300012172  1 0 ses2MesFail
300012172  2 0 AltDetFail
231972938  1 1 PASS
231972938  2 0 SecondaryOfPN_01
288474555  1 1 PASS
260473548  1 0 ses2MesFail
 97578357  1 0 AltDetFail
231799463  1 0 newMesBelowThresh
231799463  2 0 ses2MesFail
321227603  1 1 PASS
321227603  2 0 SecondaryOfPN_01
 35880934  1 0 ses2MesFail
 35880934  2 0 AltDetFail
293689266  1 0 ses2MesFail
425997655  1 1 PASS
340458804  1 1 PASS
169104981  1 1 PASS
286065379  1 0 ses2MesFail
149672027  1 1 PASS
431971818  1 1 PASS
 64327217  1 1 PASS
 64327217  2 0 AltDetFail
 56639629  1 1 PASS
 50894724  1 0 ses2MesFail
 50894724  2 0 AltDetFail
 50894724  3 0 AltDetFail
 50894724  4 0 AltDetFail
300651846  1 1 PASS
300651846  2 0 SecondaryOfPN_01
300651846  3 0 AltDetFail
382188882  1 1 PASS
113745412  1 1 PASS
133760004  1 1 PASS
 62577144  1 0 ses2MesFail
276793501  1 0 AltDetFail
177078970  1 1 PASS
260504446  1 1 PASS
260504446  2 1 PASS
260504446  3 0 AltDetFail
260504446  4 0 AltDetFail
114879861  1 1 PASS
114879861  2 0 AltDetFail
114879861  3 0 AltDetFail
 53457068  1 0 AltDetFail
114018671  1 1 PASS
 98545929  1 1 PASS
153660339  1 0 AltDetFail
153660339  2 0 AltDetFail
129094637  1 1 PASS
140900726  1 1 PASS
 22866086  1 1 PASS
 55139557  1 1 PASS
 55139557  2 0 AltDetFail
114804400  1 1 PASS
271806353  1 1 PASS
238932509  1 1 PASS
766896522  1 0 AltDetFail
 19515735  1 0 AltDetFail
 19515735  2 0 newMesBelowThresh
320536216  1 1 PASS
170102285  1 1 PASS
265279725  1 1 PASS
149990841  1 1 PASS
187707459  1 1 PASS
350480660  1 1 PASS
350480660  2 0 SecondaryOfPN_01
238592526  1 1 PASS
121336770  1 0 ses2MesFail
 30267198  1 1 PASS
432009487  1 0 newMesBelowThresh
432009487  2 0 newMesBelowThresh
432009487  3 0 ses2MesFail
432009487  4 0 ses2MesFail
432009487  5 1 PASS
 64608449  1 1 PASS
 64608449  2 0 SecondaryOfPN_01
259353953  1 1 PASS
455106524  1 1 PASS
455106524  2 0 AltDetFail
458584944  1 0 ses2MesFail
389568266  1 1 PASS
382266319  1 0 ses2MesFail
358154354  1 1 PASS
358154354  2 0 AltDetFail
358154354  3 0 AltDetFail
150167117  1 0 ses2MesFail
149573659  1 1 PASS
149573659  2 0 SecondaryOfPN_01
269342892  1 0 AltDetFail
366499928  1 0 ses2MesFail
 53750200  1 1 PASS
238597883  1 1 PASS
260161144  1 0 ses2MesFail
149473467  1 0 ses2MesFail
 79931363  1 0 AltDetFail
431879042  1 1 PASS
281428790  1 1 PASS
 81609273  1 1 PASS
 81609273  2 0 ses2MesFail
260655797  1 0 AltDetFail
294396667  1 1 PASS
294396667  2 0 SecondaryOfPN_01
179381768  1 0 newMesBelowThresh
772008800  1 1 PASS
323688675  1 0 newMesBelowThresh
334411051  1 1 PASS
 56639628  1 1 PASS
176874136  1 1 PASS
139234336  1 1 PASS
141914082  1 0 ses2MesFail
141914082  2 0 newMesShrink
196665257  1 1 PASS
196665257  2 0 AltDetFail
 22937402  1 1 PASS
 22937402  2 0 SecondaryOfPN_01
114299824  1 1 PASS
456676473  1 0 AltDetFail
456676473  2 0 AltDetFail
 26045729  1 0 ChasesFail
386259537  1 1 PASS
132778035  1 1 PASS
 21184505  1 1 PASS
 50753397  1 0 ses2MesFail
 50753397  2 0 AltDetFail
271307951  1 0 AltDetFail
271307951  2 0 AltDetFail
271307951  3 0 AltDetFail
 80181457  1 1 PASS
174469887  1 0 ses2MesFail
174469887  2 0 ses2MesFail
174469887  3 0 AltDetFail
260506296  1 0 ses2MesFail
334452308  1 0 ses2MesFail
456766466  1 1 PASS
141811446  1 1 PASS
141811446  2 0 SecondaryOfPN_01
271495349  1 0 AltDetFail
271495349  2 0 AltDetFail
341729521  1 1 PASS
341729521  2 0 SecondaryOfPN_01
293694151  1 0 ses2MesFail
375148305  1 1 PASS
155044736  1 1 PASS
148228019  1 1 PASS
458685569  1 0 ses2MesFail
458685569  2 0 AltDetFail
458685569  3 0 AltDetFail
148659924  1 1 PASS
 64211262  1 1 PASS
231604266  1 1 PASS
231604266  2 1 PASS
177309964  1 1 PASS
177309964  2 0 AltDetFail
410487677  1 0 AltDetFail
410487677  2 0 AltDetFail
279570232  1 0 ses2MesFail
139871765  1 0 ses2MesFail
306510653  1 1 PASS
270674067  1 0 ses2MesFail
107782586  1 1 PASS
268041302  1 1 PASS
268041302  2 0 SecondaryOfPN_01
358463513  1 1 PASS
126366000  1 0 ses2MesFail
177077475  1 1 PASS
269071169  1 0 ses2MesFail
 50646638  1 1 PASS
255700967  1 1 PASS
182469311  1 1 PASS
110606015  1 1 PASS
110606015  2 0 SecondaryOfPN_01
 36238680  1 0 AltDetFail
755395286  1 0 newMesBelowThresh
 50717816  1 0 ses2MesFail
 95188169  1 0 AltDetFail
 81429971  1 1 PASS
319239933  1 0 ses2MesFail
 32008233  1 0 AltDetFail
 32008233  2 0 AltDetFail
134396419  1 1 PASS
 50758245  1 0 ses2MesFail
 50758245  2 0 newMesShrink
185574842  1 1 PASS
114804401  1 0 ses2MesFail
 52924466  1 0 ses2MesFail
364398410  1 0 ses2MesFail
364398410  2 0 AltDetFail
364398410  3 0 AltDetFail
 65478517  1 1 PASS
271584681  1 1 PASS
271584681  2 0 SecondaryOfPN_01
125049227  1 1 PASS
 38827910  1 0 ses2MesFail
382575703  1 0 ses2MesFail
184912979  1 0 AltDetFail
334061567  1 1 PASS
142918609  1 1 PASS
323688555  1 0 ses2MesFail
111542619  1 0 ses2MesFail
131979339  1 0 ses2MesFail
456855363  1 1 PASS
281423013  1 1 PASS
130297425  1 0 ChasesFail
149845414  1 1 PASS
150098860  1 1 PASS
288572630  1 0 newMesShrink
388106735  1 0 ses2MesFail
388106735  2 0 newMesBelowThresh
349647488  1 1 PASS
349647488  2 0 ChasesFail
110200988  1 1 PASS
348897766  1 0 AltDetFail
 97158538  1 1 PASS
131788333  1 1 PASS
 64665987  1 1 PASS
 64665987  2 0 AltDetFail
231915964  1 1 PASS
348751896  1 0 ChasesFail
348751896  2 0 ChasesFail
348751896  3 0 ses2MesFail
123153249  1 1 PASS
123153249  2 1 PASS
264766922  1 0 AltDetFail
264766922  2 0 AltDetFail
150441015  1 0 AltDetFail
231385280  1 1 PASS
231385280  2 0 SecondaryOfPN_01
121338379  1 0 AltDetFail
289596375  1 1 PASS
289596375  2 0 SecondaryOfPN_01
167208380  1 1 PASS
342454977  1 1 PASS
342454977  2 0 SecondaryOfPN_01
452357628  1 0 ses2MesFail
141871560  1 0 ses2MesFail
141871560  2 0 AltDetFail
133334108  1 1 PASS
294092966  1 1 PASS
294092966  2 0 ses2MesFail
294092966  3 0 AltDetFail
186812530  1 1 PASS
278138619  1 1 PASS
279999655  1 1 PASS
 30034081  1 1 PASS
 30034081  2 0 newMesBelowThresh
311967383  1 0 ses2MesFail
260502102  1 1 PASS
260502102  2 0 SecondaryOfPN_01
133654092  1 1 PASS
114300579  1 0 ses2MesFail
114300579  2 0 ses2MesFail
123874127  1 1 PASS
123874127  2 0 SecondaryOfPN_01
167896870  1 0 ses2MesFail
443969553  1 1 PASS
443969553  2 0 SecondaryOfPN_01
350479496  1 1 PASS
350479496  2 0 SecondaryOfPN_01
238597707  1 1 PASS
238597707  2 0 SecondaryOfPN_01
157340109  1 0 AltDetFail
174599051  1 1 PASS
364398097  1 1 PASS
 56534123  1 1 PASS
471013517  1 0 ChasesFail
471013517  2 1 PASS
270605300  1 0 AltDetFail
350025488  1 1 PASS
382575967  1 1 PASS
293271581  1 1 PASS
293271581  2 0 AltDetFail
293271581  3 0 AltDetFail
126534808  1 1 PASS
143669332  1 1 PASS
468979441  1 0 ChasesFail
150105822  1 1 PASS
 13625860  1 0 AltDetFail
 25133286  1 0 newMesBelowThresh
231968441  1 1 PASS
196286587  1 1 PASS
283881816  1 0 ses2MesFail
283881816  2 0 SecondaryOfPN_01
269342631  1 1 PASS
112603301  1 1 PASS
112603301  2 0 ses2MesFail
112603301  3 0 ChasesFail
255594396  1 1 PASS
255594396  2 0 SecondaryOfPN_01
382101519  1 0 AltDetFail
382101519  2 0 AltDetFail
452840044  1 0 ses2MesFail
 73296233  1 0 ses2MesFail
 73296233  2 0 newMesBelowThresh
409797166  1 1 PASS
409797166  2 0 SecondaryOfPN_01
409797166  3 0 AltDetFail
267459131  1 1 PASS
 51153333  1 0 ses2MesFail
443900361  1 1 PASS
443900361  2 0 SecondaryOfPN_01
455145576  1 0 AltDetFail
184594806  1 1 PASS
113178928  1 0 ses2MesFail
113178928  2 0 ses2MesFail
113178928  3 0 AltDetFail
113178928  4 0 AltDetFail
141776043  1 1 PASS
366398398  1 0 ChasesFail
271204416  1 0 newMesBelowThresh
123828144  1 1 PASS
123828144  2 0 AltDetFail
 19686666  1 1 PASS
 96391732  1 0 AltDetFail
140748121  1 1 PASS
382028425  1 1 PASS
382028425  2 1 PASS
269337582  1 1 PASS
107542132  1 0 AltDetFail
107542132  2 0 AltDetFail
107542132  3 0 AltDetFail
 25132999  1 0 ChasesFail
735229757  1 0 AltDetFail
735229757  2 0 AltDetFail
178722492  1 0 ses2MesFail
149176080  1 0 AltDetFail
149176080  2 0 AltDetFail
141391675  1 1 PASS
234479010  1 0 ses2MesFail
  1003831  1 1 PASS
774789442  1 1 PASS
366352860  1 0 ses2MesFail
 11006971  1 1 PASS
 53122807  1 1 PASS
   759171  1 1 PASS
   759171  2 0 SecondaryOfPN_01
272232401  1 0 ses2MesFail
272232401  2 0 ses2MesFail
281430065  1 1 PASS
 96798502  1 1 PASS
812787337  1 1 PASS
130513139  1 1 PASS
366622912  1 1 PASS
366622912  2 0 ChasesFail
437224583  1 0 ses2MesFail
130792766  1 0 ses2MesFail
130792766  2 0 ses2MesFail
153116065  1 1 PASS
350274840  1 1 PASS
 96246348  1 1 PASS
261202953  1 0 AltDetFail
261202953  2 0 AltDetFail
 63304632  1 0 AltDetFail
456885057  1 1 PASS
152581643  1 1 PASS
342167886  1 0 ses2MesFail
409797086  1 1 PASS
409797086  2 0 newMesShrink
386316688  1 1 PASS
386316688  2 0 SecondaryOfPN_01
437031784  1 1 PASS
437031784  2 0 ChasesFail
350230129  1 0 ses2MesFail
350230129  2 0 AltDetFail
219175972  1 1 PASS
118602619  1 1 PASS
372909935  1 1 PASS
238129783  1 1 PASS
 53361605  1 1 PASS
 38634085  1 1 PASS
 38634085  2 0 SecondaryOfPN_01
 38634085  3 0 AltDetFail
 38634085  4 0 AltDetFail
260130483  1 0 ses2MesFail
403672198  1 1 PASS
403672198  2 0 AltDetFail
443968884  1 1 PASS
111821490  1 1 PASS
267685608  1 0 ChasesFail
 11177996  1 0 ses2MesFail
 11177996  2 0 AltDetFail
271204362  1 0 ses2MesFail
271204362  2 0 ses2MesFail
271204362  3 0 SecondaryOfPN_02
157698565  1 0 ses2MesFail
175687669  1 0 newMesShrink
147238759  1 1 PASS
156836699  1 1 PASS
156182608  1 0 ses2MesFail
260003467  1 1 PASS
287438823  1 0 newMesShrink
167551757  1 0 ses2MesFail
300969581  1 0 ses2MesFail
143157580  1 0 ses2MesFail
 22863205  1 1 PASS
255548311  1 1 PASS
255548311  2 0 SecondaryOfPN_01
444038730  1 0 ses2MesFail
270507305  1 1 PASS
156115723  1 1 PASS
219205407  1 1 PASS
259072694  1 1 PASS
144085463  1 1 PASS
144085463  2 0 SecondaryOfPN_01
144085463  3 0 ses2MesFail
 50365310  1 1 PASS
266328148  1 0 ses2MesFail
270468559  1 1 PASS
238616361  1 1 PASS
 98540149  1 1 PASS
126586580  1 0 ses2MesFail
444013020  1 1 PASS
 22767596  1 1 PASS
271891552  1 1 PASS
409385807  1 1 PASS
409385807  2 0 AltDetFail
409385807  3 0 AltDetFail
 41364284  1 1 PASS
333937883  1 0 AltDetFail
333937883  2 0 AltDetFail
118562817  1 1 PASS
143541371  1 1 PASS
176494100  1 1 PASS
264977161  1 0 ChasesFail
 41230180  1 1 PASS
 38842861  1 1 PASS
141807839  1 0 ChasesFail
232052561  1 0 ses2MesFail
232052561  2 0 SecondaryOfPN_01
176874062  1 0 ses2MesFail
176874062  2 0 SecondaryOfPN_01
170402154  1 0 ses2MesFail
 93963408  1 1 PASS
 97356407  1 0 ses2MesFail
 97356407  2 0 ses2MesFail
 97356407  3 0 ChasesFail
 97356407  4 0 AltDetFail
109560523  1 1 PASS
109560523  2 0 SecondaryOfPN_01
458687478  1 0 ses2MesFail
231529621  1 1 PASS
231529621  2 0 SecondaryOfPN_01
270472265  1 1 PASS
153651591  1 1 PASS
288649477  1 1 PASS
183202332  1 0 ses2MesFail
 62576534  1 1 PASS
 62576534  2 0 SecondaryOfPN_01
 66602813  1 1 PASS
 66602813  2 0 AltDetFail
220476782  1 0 AltDetFail
141866704  1 1 PASS
300293197  1 1 PASS
122796551  1 0 ChasesFail
122796551  2 0 AltDetFail
122796551  3 0 AltDetFail
300141210  1 1 PASS
300141210  2 0 ses2MesFail
 81292606  1 1 PASS
150068381  1 0 AltDetFail
 19518720  1 1 PASS
 19518720  2 0 SecondaryOfPN_01
170112986  1 1 PASS
130415266  1 0 ses2MesFail
 54637745  1 1 PASS
 81352708  1 1 PASS
278863611  1 0 ses2MesFail
278863611  2 0 AltDetFail
280437559  1 1 PASS
127572976  1 0 ses2MesFail
 98283926  1 1 PASS
261259291  1 0 ses2MesFail
261259291  2 0 AltDetFail
307306545  1 0 AltDetFail
294269932  1 0 AltDetFail
268290940  1 1 PASS
220586422  1 0 AltDetFail
220586422  2 0 AltDetFail
358464975  1 0 ses2MesFail
 18940649  1 0 ses2MesFail
323659017  1 0 newMesBelowThresh
323659017  2 0 newMesShrink
294396726  1 0 ses2MesFail
294396726  2 0 AltDetFail
173077965  1 1 PASS
366577296  1 0 ChasesFail
149673491  1 0 ses2MesFail
150357290  1 1 PASS
169173084  1 0 ses2MesFail
169173084  2 0 AltDetFail
385916950  1 0 ses2MesFail
385916950  2 0 AltDetFail
385916950  3 0 AltDetFail
385916950  4 0 AltDetFail
385916950  5 0 AltDetFail
385916950  6 0 AltDetFail
134549022  1 1 PASS
 52543092  1 0 AltDetFail
 52543092  2 0 AltDetFail
 29778064  1 1 PASS
 29778064  2 0 AltDetFail
175182754  1 0 ses2MesFail
175182754  2 0 SecondaryOfPN_01
461825190  1 0 ChasesFail
 68206050  1 1 PASS
 68206050  2 0 ses2MesFail
409262929  1 1 PASS
409262929  2 1 PASS
141515717  1 0 AltDetFail
141515717  2 0 AltDetFail
238951019  1 0 AltDetFail
238951019  2 0 AltDetFail
 55407769  1 1 PASS
 55407769  2 0 AltDetFail
 80275202  1 1 PASS
167201539  1 1 PASS
167201539  2 0 SecondaryOfPN_01
836353664  1 1 PASS
836353664  2 0 SecondaryOfPN_01
332381968  1 1 PASS
332381968  2 0 ses2MesFail
127750189  1 0 AltDetFail
127750189  2 0 AltDetFail
260162387  1 0 ses2MesFail
 17746821  1 1 PASS
133028154  1 1 PASS
 88863718  1 1 PASS
321085708  1 0 ses2MesFail
187657618  1 1 PASS
458589165  1 0 ses2MesFail
173640199  1 1 PASS
 64725879  1 0 newMesShrink
468991774  1 0 ses2MesFail
468991774  2 0 SecondaryOfPN_01
468991774  3 0 ses2MesFail
148399880  1 1 PASS
149059954  1 1 PASS
149059954  2 0 AltDetFail
238086647  1 1 PASS
182588086  1 1 PASS
146776480  1 0 ses2MesFail
290777240  1 0 ses2MesFail
272357134  1 1 PASS
272357134  2 0 SecondaryOfPN_01
255587619  1 1 PASS
255587619  2 0 SecondaryOfPN_01
125289048  1 1 PASS
125289048  2 0 SecondaryOfPN_01
169019499  1 1 PASS
 11178319  1 1 PASS
375148300  1 0 ChasesFail
111377228  1 0 AltDetFail
349156098  1 1 PASS
349156098  2 0 SecondaryOfPN_01
 31933620  1 1 PASS
 31933620  2 0 AltDetFail
 82128636  1 1 PASS
 22868366  1 1 PASS
146333918  1 1 PASS
146406806  1 1 PASS
452866790  1 1 PASS
173756330  1 1 PASS
280441724  1 0 ses2MesFail
409319605  1 0 ses2MesFail
409319605  2 0 SecondaryOfPN_01
409319605  3 0 ses2MesFail
167163906  1 0 ses2MesFail
 52771513  1 0 AltDetFail
 52771513  2 0 AltDetFail
 52771513  3 0 AltDetFail
140099600  1 1 PASS
140099600  2 0 AltDetFail
 88684250  1 1 PASS
179439014  1 1 PASS
262320829  1 0 AltDetFail
262320829  2 0 AltDetFail
262320829  3 0 AltDetFail
459056725  1 0 ses2MesFail
459056725  2 0 SecondaryOfPN_01
129998442  1 1 PASS
278199349  1 1 PASS
167415965  1 0 ses2MesFail
288484840  1 0 ChasesFail
388567031  1 0 AltDetFail
388567031  2 0 AltDetFail
386435344  1 0 ses2MesFail
260636730  1 0 ses2MesFail
260636730  2 0 newMesShrink
260636730  3 0 ses2MesFail
174754016  1 1 PASS
174754016  2 0 SecondaryOfPN_01
140014999  1 1 PASS
130443621  1 0 ses2MesFail
459056359  1 0 ses2MesFail
262587675  1 0 ses2MesFail
255760319  1 1 PASS
260131665  1 0 ses2MesFail
291555748  1 1 PASS
167418903  1 0 ses2MesFail
271795511  1 1 PASS
271795511  2 0 SecondaryOfPN_01
364395234  1 1 PASS
173532792  1 0 AltDetFail
173532792  2 0 AltDetFail
176956893  1 1 PASS
141608198  1 1 PASS
219212899  1 0 ChasesFail
150358433  1 1 PASS
 64600977  1 1 PASS
 64600977  2 0 SecondaryOfPN_01
231514405  1 0 ses2MesFail
 54570054  1 1 PASS
260654645  1 0 AltDetFail
737802458  1 0 ChasesFail
737802458  2 0 ses2MesFail
443905631  1 1 PASS
443905631  2 0 SecondaryOfPN_01
219208037  1 1 PASS
149208625  1 1 PASS
373846934  1 1 PASS
333941023  1 0 ses2MesFail
333941023  2 0 ses2MesFail
333941023  3 0 AltDetFail
177116487  1 1 PASS
285027836  1 1 PASS
157041453  1 0 ses2MesFail
 65589187  1 0 ses2MesFail
 65589187  2 1 PASS
279615956  1 1 PASS
150187916  1 1 PASS
150187916  2 0 SecondaryOfPN_01
150187916  3 1 PASS
332079835  1 1 PASS
 55746262  1 1 PASS
 22939937  1 0 ses2MesFail
 64211715  1 1 PASS
   867234  1 1 PASS
   867234  2 0 AltDetFail
437216521  1 0 ses2MesFail
437216521  2 0 ses2MesFail
 93953782  1 0 AltDetFail
 47904788  1 1 PASS
 47904788  2 0 SecondaryOfPN_01
 98161143  1 0 AltDetFail
 98161143  2 0 AltDetFail
 98161143  3 0 AltDetFail
 55383975  1 0 ses2MesFail
141782808  1 0 AltDetFail
 53688674  1 1 PASS
 53688674  2 0 ses2MesFail
 53688674  3 0 ses2MesFail
  4783276  1 0 ses2MesFail
  4783276  2 1 PASS
  4783276  3 0 AltDetFail
294209741  1 0 ses2MesFail
 13474493  1 0 AltDetFail
 13474493  2 0 AltDetFail
264767454  1 1 PASS
264767454  2 0 SecondaryOfPN_01
264767454  3 0 AltDetFail
177118939  1 0 AltDetFail
177118939  2 0 AltDetFail
177118939  3 0 AltDetFail
382069435  1 0 ses2MesFail
382069435  2 0 SecondaryOfPN_01
341186896  1 1 PASS
111232895  1 0 ses2MesFail
307551517  1 1 PASS
187522975  1 0 AltDetFail
187522975  2 0 AltDetFail
341192914  1 1 PASS
341192914  2 0 SecondaryOfPN_01
  6873691  1 0 ChasesFail
468957969  1 0 ChasesFail
 30940692  1 1 PASS
167344029  1 0 ses2MesFail
123749272  1 0 ses2MesFail
155491828  1 1 PASS
278024057  1 0 ses2MesFail
   862763  1 1 PASS
   862763  2 0 AltDetFail
281581467  1 1 PASS
366355413  1 0 ses2MesFail
366355413  2 0 ses2MesFail
 54846979  1 0 ChasesFail
382528174  1 0 AltDetFail
140830390  1 1 PASS
232038798  1 1 PASS
340179350  1 1 PASS
340179350  2 0 SecondaryOfPN_01
455206965  1 0 AltDetFail
455206965  2 0 AltDetFail
455206965  3 0 AltDetFail
434425683  1 0 ses2MesFail
 30531417  1 0 AltDetFail
140760434  1 0 ses2MesFail
766998699  1 0 ses2MesFail
 32083556  1 1 PASS
418975725  1 1 PASS
418975725  2 0 SecondaryOfPN_01
 32254517  1 1 PASS
 31961007  1 1 PASS
 31961007  2 0 SecondaryOfPN_01
 99081747  1 1 PASS
 99081747  2 0 SecondaryOfPN_01
106752670  1 1 PASS
452979074  1 0 AltDetFail
452979074  2 0 AltDetFail
391745744  1 1 PASS
156115721  1 0 ses2MesFail
232023953  1 1 PASS
167572975  1 0 ses2MesFail
220473309  1 0 ses2MesFail
122902148  1 0 ChasesFail
157568289  1 1 PASS
 66232113  1 0 AltDetFail
107629669  1 0 ses2MesFail
107629669  2 0 AltDetFail
156886111  1 0 ses2MesFail
144956678  1 1 PASS
153598773  1 0 AltDetFail
 81419525  1 1 PASS
280866656  1 1 PASS
 53059882  1 1 PASS
 53059882  2 0 SecondaryOfPN_01
278731274  1 0 ses2MesFail
 18914916  1 1 PASS
 18914916  2 0 SecondaryOfPN_01
 18914916  3 0 ses2MesFail
300810086  1 1 PASS
238069203  1 0 AltDetFail
238069203  2 0 AltDetFail
142105158  1 1 PASS
147152188  1 1 PASS
175604551  1 1 PASS
128463355  1 0 ses2MesFail
128463355  2 0 ses2MesFail
300448520  1 1 PASS
143157800  1 1 PASS
143157800  2 0 SecondaryOfPN_01
260269456  1 1 PASS
133423912  1 1 PASS
 30312711  1 1 PASS
290162844  1 0 AltDetFail
349192028  1 0 ses2MesFail
404927661  1 0 ses2MesFail
443898802  1 0 ses2MesFail
 66594335  1 1 PASS
231455022  1 1 PASS
231455022  2 0 SecondaryOfPN_01
179308939  1 0 AltDetFail
177162886  1 1 PASS
293968698  1 0 ses2MesFail
293968698  2 0 ses2MesFail
350443417  1 1 PASS
350443417  2 0 newMesShrink
350443417  3 0 AltDetFail
445648583  1 1 PASS
 33878971  1 0 ChasesFail
157316453  1 1 PASS
423124895  1 1 PASS
423124895  2 0 SecondaryOfPN_01
 23084451  1 1 PASS
 88794091  1 0 AltDetFail
 88794091  2 0 AltDetFail
300560295  1 1 PASS
300560295  2 0 SecondaryOfPN_01
112603237  1 0 ses2MesFail
167251459  1 1 PASS
294784522  1 0 AltDetFail
112593860  1 0 AltDetFail
156987351  1 1 PASS
 25078924  1 1 PASS
 25078924  2 0 SecondaryOfPN_01
278825952  1 0 ses2MesFail
278825952  2 0 AltDetFail
278137593  1 0 AltDetFail
173077966  1 1 PASS
140254249  1 1 PASS
 10823084  1 1 PASS
175310067  1 1 PASS
175310067  2 0 SecondaryOfPN_01
266744225  1 0 ses2MesFail
266744225  2 0 ses2MesFail
363914762  1 1 PASS
341419787  1 1 PASS
140316430  1 1 PASS
140316430  2 0 SecondaryOfPN_01
106493402  1 0 ChasesFail
106493402  2 0 ses2MesFail
 80914862  1 1 PASS
319863494  1 1 PASS
262588562  1 1 PASS
262588562  2 0 ses2MesFail
134200185  1 1 PASS
283784587  1 0 ses2MesFail
283784587  2 0 ChasesFail
 31962715  1 0 ses2MesFail
 63359522  1 0 ses2MesFail
107953743  1 1 PASS
445330462  1 1 PASS
445330462  2 0 ses2MesFail
238235254  1 1 PASS
122893800  1 0 ses2MesFail
122893800  2 0 SecondaryOfPN_01
267608606  1 0 ses2MesFail
279216869  1 0 ChasesFail
455135327  1 1 PASS
333941034  1 0 ses2MesFail
333941034  2 0 ses2MesFail
270411819  1 0 AltDetFail
270411819  2 0 AltDetFail
270411819  3 0 AltDetFail
258228074  1 1 PASS
 19519368  1 1 PASS
350431335  1 1 PASS
350431335  2 0 AltDetFail
131569174  1 1 PASS
 95115365  1 0 ChasesFail
147647548  1 0 AltDetFail
175176327  1 1 PASS
175176327  2 0 SecondaryOfPN_01
468987719  1 1 PASS
 98478101  1 1 PASS
 68013287  1 1 PASS
 68013287  2 0 SecondaryOfPN_01
260504147  1 0 ses2MesFail
183907025  1 1 PASS
183907025  2 0 SecondaryOfPN_01
183907025  3 1 PASS
143601280  1 1 PASS
458581443  1 0 ses2MesFail
265353588  1 1 PASS
265353588  2 0 SecondaryOfPN_01
306773020  1 1 PASS
294394049  1 0 AltDetFail
294394049  2 0 AltDetFail
294394049  3 0 AltDetFail
410448693  1 1 PASS
266542828  1 1 PASS
231926410  1 0 ses2MesFail
 38586438  1 1 PASS
 38586438  2 0 ses2MesFail
237979468  1 1 PASS
