 71103363  1 1 PASS
 71103363  2 0 SecondaryOfPN_01
 71103363  3 0 AltDetFail
 11893837  1 1 PASS
 86274156  1 1 PASS
 22017780  1 1 PASS
 22017780  2 0 ChasesFail
 86232609  1 1 PASS
 86232609  2 0 ses2MesFail
 86232609  3 0 ses2MesFail
 22818693  1 1 PASS
 86279245  1 1 PASS
 23814735  1 1 PASS
 86279327  1 0 ChasesFail
 27415380  1 0 ChasesFail
 27415380  2 0 ses2MesFail
 27415380  3 1 PASS
 27415380  4 0 AltDetFail
 86337145  1 0 newMesBelowThresh
 27434899  1 0 AltDetFail
 86339506  1 0 ses2MesFail
 86339506  2 0 ChasesFail
 86339506  3 0 ses2MesFail
 86339506  4 0 ses2MesFail
 86339506  5 1 PASS
 86339506  6 0 ses2MesFail
 27491137  1 0 ses2MesFail
 27491137  2 1 PASS
 86385104  1 1 PASS
 86385104  2 0 SecondaryOfPN_01
 48021750  1 0 ses2MesFail
 99381358  1 0 ses2MesFail
 48220551  1 1 PASS
 48220551  2 0 AltDetFail
 99381596  1 0 ses2MesFail
 99381596  2 0 newMesBelowThresh
 99381596  3 0 ses2MesFail
 48357756  1 1 PASS
 48357756  2 0 AltDetFail
 48357756  3 0 AltDetFail
 99391575  1 1 PASS
 48415693  1 0 ChasesFail
 99430670  1 0 AltDetFail
 99430670  2 0 AltDetFail
 51269636  1 1 PASS
 51269636  2 0 AltDetFail
 99937746  1 1 PASS
 55723955  1 0 ses2MesFail
 99901644  1 1 PASS
 99901644  2 0 SecondaryOfPN_01
 99901644  3 0 AltDetFail
 99901644  4 0 AltDetFail
 99901644  5 0 AltDetFail
 55753802  1 0 AltDetFail
102928809  1 1 PASS
102928809  2 0 SecondaryOfPN_01
 55753808  1 0 AltDetFail
 55753808  2 0 AltDetFail
102929927  1 1 PASS
 55778901  1 0 ses2MesFail
 55778901  2 1 PASS
 55778901  3 0 AltDetFail
 55778901  4 0 AltDetFail
103571388  1 1 PASS
103571388  2 0 ses2MesFail
103571388  3 0 ses2MesFail
 68015032  1 0 ses2MesFail
103573024  1 1 PASS
103573024  2 1 PASS
103573024  3 1 PASS
 68015843  1 0 AltDetFail
 68015843  2 0 AltDetFail
103580569  1 0 ChasesFail
103580569  2 0 ses2MesFail
103580569  3 1 PASS
 68032870  1 1 PASS
 68032870  2 0 AltDetFail
103605168  1 0 ses2MesFail
103605168  2 0 ses2MesFail
 68076619  1 0 ChasesFail
 68076619  2 0 newMesShrink
 68076619  3 0 ses2MesFail
103605399  1 0 ses2MesFail
 70927360  1 0 AltDetFail
103631501  1 0 ses2MesFail
103631501  2 1 PASS
 70999666  1 1 PASS
 70999666  2 0 SecondaryOfPN_01
 99834970  1 1 PASS
 99900760  1 1 PASS
103632031  1 0 newMesShrink
103632031  2 0 ChasesFail
103632402  1 1 PASS
103632402  2 0 AltDetFail
103633434  1 1 PASS
103633672  1 1 PASS
103656297  1 0 AltDetFail
103656470  1 0 ChasesFail
103687176  1 0 ses2MesFail
103687176  2 0 ses2MesFail
103687176  3 0 ChasesFail
103687873  1 0 newMesBelowThresh
103687873  2 0 ses2MesFail
103743317  1 1 PASS
103743317  2 0 SecondaryOfPN_01
103743690  1 0 AltDetFail
103743690  2 0 AltDetFail
103743755  1 0 ses2MesFail
116483514  1 1 PASS
116483734  1 1 PASS
116486054  1 0 ChasesFail
136995130  1 0 AltDetFail
136995130  2 0 AltDetFail
136995130  3 0 AltDetFail
136999714  1 0 ses2MesFail
136999714  2 0 ses2MesFail
137003988  1 1 PASS
137025855  1 0 ses2MesFail
137025855  2 0 ses2MesFail
137501278  1 1 PASS
137649380  1 1 PASS
137713981  1 0 ChasesFail
137726810  1 0 ChasesFail
137726810  2 0 ses2MesFail
137770089  1 0 ses2MesFail
137800226  1 1 PASS
137803226  1 0 ses2MesFail
137804387  1 0 newMesShrink
137808982  1 0 ses2MesFail
137808982  2 0 ses2MesFail
137830316  1 1 PASS
137830316  2 0 AltDetFail
137830316  3 0 AltDetFail
137834492  1 0 AltDetFail
137834492  2 0 AltDetFail
137835068  1 0 ses2MesFail
137835068  2 0 ses2MesFail
137985716  1 0 ses2MesFail
138168262  1 0 ses2MesFail
138168262  2 0 ses2MesFail
138168780  1 1 PASS
138171285  1 1 PASS
138171285  2 1 PASS
138353604  1 1 PASS
138399197  1 0 ses2MesFail
138438661  1 0 ses2MesFail
138476641  1 1 PASS
138476641  2 0 ses2MesFail
138476641  3 0 AltDetFail
138505004  1 1 PASS
138505004  2 0 AltDetFail
138505829  1 0 ses2MesFail
138558387  1 1 PASS
138558673  1 1 PASS
138558673  2 0 SecondaryOfPN_01
138578906  1 0 AltDetFail
138578906  2 0 AltDetFail
138579249  1 1 PASS
138579249  2 0 AltDetFail
138588540  1 1 PASS
138618351  1 1 PASS
138618351  2 0 SecondaryOfPN_01
138634813  1 1 PASS
138634813  2 0 AltDetFail
138650903  1 1 PASS
138650903  2 0 ChasesFail
141120071  1 1 PASS
141120071  2 0 ses2MesFail
141120071  3 0 ses2MesFail
141120071  4 0 ChasesFail
141247578  1 0 ses2MesFail
141521914  1 1 PASS
141525324  1 1 PASS
141525324  2 0 SecondaryOfPN_01
141533801  1 0 ses2MesFail
141535785  1 1 PASS
141535785  2 0 AltDetFail
141602778  1 0 ses2MesFail
141620020  1 1 PASS
141717360  1 0 ses2MesFail
141814272  1 0 ses2MesFail
141814272  2 1 PASS
141821186  1 0 AltDetFail
141821186  2 0 AltDetFail
141821186  3 0 AltDetFail
141821609  1 1 PASS
141821609  2 0 AltDetFail
141861147  1 0 ses2MesFail
141861147  2 0 AltDetFail
141861147  3 0 AltDetFail
141861147  4 0 AltDetFail
142047616  1 0 AltDetFail
142047616  2 0 AltDetFail
142047616  3 0 AltDetFail
142047616  4 0 AltDetFail
142090065  1 1 PASS
142100389  1 0 ses2MesFail
142100389  2 0 AltDetFail
142100389  3 0 AltDetFail
142100389  4 0 AltDetFail
142100389  5 0 AltDetFail
142154041  1 1 PASS
142154041  2 0 SecondaryOfPN_01
142276270  1 1 PASS
142276270  2 0 SecondaryOfPN_01
142276270  3 0 ses2MesFail
142276270  4 1 PASS
142308209  1 1 PASS
142308209  2 0 SecondaryOfPN_01
142317501  1 0 AltDetFail
142317501  2 0 AltDetFail
142317501  3 0 AltDetFail
142317598  1 0 ses2MesFail
142317598  2 1 PASS
142373362  1 0 ses2MesFail
142373362  2 0 ses2MesFail
142373362  3 0 ses2MesFail
142373362  4 0 ses2MesFail
142381364  1 0 AltDetFail
142381364  2 0 AltDetFail
142381532  1 1 PASS
142385359  1 1 PASS
142385396  1 1 PASS
142387023  1 1 PASS
142387024  1 1 PASS
142394656  1 1 PASS
142439694  1 1 PASS
142441910  1 1 PASS
142441910  2 0 SecondaryOfPN_01
142441910  3 0 ses2MesFail
142441910  4 0 SecondaryOfPN_01
142443425  1 1 PASS
142443425  2 0 SecondaryOfPN_01
142445505  1 1 PASS
142489030  1 1 PASS
142502288  1 0 AltDetFail
142502288  2 0 AltDetFail
142502288  3 0 AltDetFail
142502288  4 0 AltDetFail
142502288  5 0 AltDetFail
142502288  6 0 AltDetFail
142503130  1 0 AltDetFail
142503130  2 0 AltDetFail
142587827  1 0 AltDetFail
142588954  1 0 ses2MesFail
142590224  1 1 PASS
142590224  2 0 AltDetFail
142592153  1 1 PASS
142618244  1 1 PASS
142618244  2 0 SecondaryOfPN_01
142619583  1 0 AltDetFail
142619583  2 0 AltDetFail
142619583  3 0 AltDetFail
142619583  4 0 AltDetFail
142619583  5 0 AltDetFail
142748283  1 1 PASS
142748283  2 1 PASS
142783746  1 1 PASS
142783746  2 0 SecondaryOfPN_01
142847572  1 0 ses2MesFail
142848794  1 1 PASS
142848794  2 0 SecondaryOfPN_01
142848794  3 0 ChasesFail
142848794  4 0 AltDetFail
142864870  1 0 AltDetFail
142864870  2 0 AltDetFail
142878895  1 0 ses2MesFail
142878895  2 0 ses2MesFail
142963349  1 1 PASS
142979644  1 1 PASS
142979644  2 0 SecondaryOfPN_01
142979644  3 0 SecondaryOfPN_01
142979644  4 0 newMesShrink
142980026  1 0 ChasesFail
142980026  2 0 ChasesFail
147576476  1 0 AltDetFail
147576862  1 1 PASS
147605858  1 1 PASS
147610499  1 0 AltDetFail
147625755  1 1 PASS
147625755  2 0 SecondaryOfPN_01
147625755  3 0 AltDetFail
147671396  1 1 PASS
147673716  1 0 ses2MesFail
147686743  1 1 PASS
147686743  2 0 SecondaryOfPN_01
147686743  3 1 PASS
147892875  1 0 ChasesFail
147892875  2 0 ses2MesFail
147935743  1 1 PASS
147940462  1 1 PASS
147940462  2 0 AltDetFail
147950620  1 1 PASS
147951030  1 1 PASS
148656659  1 1 PASS
148656659  2 0 SecondaryOfPN_01
148781497  1 1 PASS
148781497  2 0 SecondaryOfPN_01
148782377  1 1 PASS
148895152  1 0 AltDetFail
148895152  2 0 AltDetFail
148914403  1 1 PASS
148914403  2 0 SecondaryOfPN_01
148914403  3 0 newMesBelowThresh
148914403  4 0 newMesShrink
148914726  1 1 PASS
148963419  1 1 PASS
148963419  2 0 SecondaryOfPN_01
149919095  1 1 PASS
150326075  1 0 ses2MesFail
150326668  1 1 PASS
150326668  2 0 SecondaryOfPN_01
153919379  1 1 PASS
153949511  1 1 PASS
153949511  2 1 PASS
153951307  1 1 PASS
153951307  2 1 PASS
153976712  1 0 ses2MesFail
153976712  2 0 ses2MesFail
153976712  3 0 ChasesFail
153977353  1 1 PASS
153977353  2 0 newMesBelowThresh
153977353  3 1 PASS
153977353  4 0 ses2MesFail
153977353  5 1 PASS
153991851  1 0 AltDetFail
153991851  2 0 AltDetFail
154007246  1 1 PASS
154007402  1 1 PASS
154009700  1 1 PASS
154010979  1 1 PASS
154067797  1 0 AltDetFail
154067797  2 0 AltDetFail
154070829  1 0 AltDetFail
154070829  2 0 AltDetFail
154070829  3 0 AltDetFail
154070829  4 0 AltDetFail
154089169  1 1 PASS
154092074  1 0 ses2MesFail
154093217  1 0 ses2MesFail
154093217  2 1 PASS
154108146  1 1 PASS
154108146  2 0 AltDetFail
154126070  1 1 PASS
154126070  2 0 ses2MesFail
154126070  3 0 SecondaryOfPN_01
154165672  1 0 ChasesFail
154222671  1 0 ses2MesFail
154271808  1 0 ses2MesFail
154271808  2 0 ses2MesFail
154339226  1 0 AltDetFail
154339226  2 0 AltDetFail
154359523  1 0 AltDetFail
154359523  2 0 AltDetFail
154381790  1 0 ses2MesFail
154381790  2 0 ses2MesFail
154383539  1 1 PASS
154475149  1 1 PASS
154475149  2 0 AltDetFail
154511165  1 1 PASS
154511165  2 0 AltDetFail
154568734  1 0 ses2MesFail
154570928  1 1 PASS
154570928  2 0 SecondaryOfPN_01
154716798  1 1 PASS
154716863  1 1 PASS
154716863  2 0 AltDetFail
154716863  3 0 AltDetFail
154840461  1 1 PASS
154869216  1 1 PASS
154869216  2 0 AltDetFail
154872375  1 1 PASS
154924886  1 0 ses2MesFail
154924886  2 1 PASS
154924886  3 0 ChasesFail
154925091  1 1 PASS
155634533  1 0 ChasesFail
155634533  2 0 ChasesFail
155657579  1 1 PASS
155657579  2 0 SecondaryOfPN_01
155657581  1 1 PASS
155657581  2 0 SecondaryOfPN_01
155657581  3 0 AltDetFail
155872634  1 1 PASS
155872634  2 0 AltDetFail
155894704  1 1 PASS
155894704  2 0 AltDetFail
155915231  1 0 ses2MesFail
155915231  2 0 ChasesFail
155915231  3 0 AltDetFail
156103261  1 0 AltDetFail
156103261  2 0 AltDetFail
156169159  1 1 PASS
156169159  2 0 SecondaryOfPN_01
156171822  1 1 PASS
156196698  1 0 ses2MesFail
156196698  2 0 ses2MesFail
156196698  3 1 PASS
156199502  1 1 PASS
156200902  1 1 PASS
156462488  1 1 PASS
156462488  2 1 PASS
156462488  3 1 PASS
156462488  4 1 PASS
156462488  5 1 PASS
156462488  6 1 PASS
156491690  1 0 ses2MesFail
156491887  1 0 AltDetFail
156491887  2 0 AltDetFail
157273321  1 1 PASS
157273321  2 0 SecondaryOfPN_01
157273362  1 1 PASS
157318322  1 0 ChasesFail
157318662  1 0 ses2MesFail
157319257  1 1 PASS
157320424  1 0 AltDetFail
157320424  2 0 AltDetFail
157320424  3 0 AltDetFail
157757898  1 0 AltDetFail
157770450  1 1 PASS
157999789  1 1 PASS
158002130  1 1 PASS
158025009  1 1 PASS
158075010  1 1 PASS
158498107  1 0 ChasesFail
158498107  2 1 PASS
158498107  3 0 SecondaryOfPN_02
158532193  1 0 ChasesFail
158534472  1 1 PASS
158565141  1 1 PASS
158565141  2 0 ChasesFail
158565141  3 0 ses2MesFail
158565141  4 0 ChasesFail
158565141  5 0 ChasesFail
158565141  6 0 AltDetFail
158579379  1 1 PASS
158579379  2 0 AltDetFail
158579468  1 1 PASS
159159087  1 0 ses2MesFail
159159087  2 0 ses2MesFail
159190000  1 1 PASS
159209261  1 0 ChasesFail
159214489  1 0 AltDetFail
159214489  2 0 AltDetFail
159241096  1 1 PASS
159241096  2 0 AltDetFail
159244568  1 1 PASS
159296833  1 0 AltDetFail
159298033  1 1 PASS
159330793  1 1 PASS
159331270  1 1 PASS
159336052  1 1 PASS
159343218  1 1 PASS
159344597  1 0 AltDetFail
159344597  2 0 AltDetFail
159345743  1 1 PASS
159345743  2 0 SecondaryOfPN_01
159345743  3 0 AltDetFail
159346490  1 1 PASS
159346490  2 0 AltDetFail
159347992  1 1 PASS
159418353  1 1 PASS
159420856  1 1 PASS
159464498  1 1 PASS
159466193  1 0 AltDetFail
159466193  2 0 AltDetFail
159500786  1 1 PASS
159502465  1 0 AltDetFail
159503663  1 0 AltDetFail
159504833  1 1 PASS
159505118  1 1 PASS
159505118  2 0 AltDetFail
159508998  1 0 ChasesFail
159509283  1 1 PASS
159509283  2 0 AltDetFail
159509283  3 0 AltDetFail
159509446  1 0 ses2MesFail
159509446  2 0 newMesBelowThresh
159509446  3 1 PASS
159509446  4 0 SecondaryOfPN_03
159509748  1 0 ses2MesFail
159510109  1 1 PASS
159510109  2 0 SecondaryOfPN_01
159547473  1 1 PASS
159548152  1 1 PASS
159548152  2 0 SecondaryOfPN_01
159570042  1 1 PASS
159585853  1 0 ses2MesFail
159613900  1 1 PASS
159613900  2 0 ses2MesFail
159613900  3 0 ses2MesFail
159613900  4 0 ses2MesFail
159614850  1 0 ses2MesFail
159628659  1 0 AltDetFail
159628659  2 0 AltDetFail
159636127  1 1 PASS
159636127  2 1 PASS
159636127  3 0 AltDetFail
159636302  1 0 ses2MesFail
159854126  1 1 PASS
159854126  2 1 PASS
159854358  1 1 PASS
159854358  2 0 AltDetFail
159854358  3 0 AltDetFail
159854359  1 0 AltDetFail
159940256  1 0 ses2MesFail
159940256  2 0 ses2MesFail
160039081  1 1 PASS
160045097  1 1 PASS
160045097  2 1 PASS
160115012  1 1 PASS
160115012  2 0 SecondaryOfPN_01
160115012  3 0 AltDetFail
160143733  1 0 AltDetFail
160143733  2 0 AltDetFail
160143733  3 0 AltDetFail
160143733  4 0 AltDetFail
160143733  5 0 AltDetFail
160195393  1 0 AltDetFail
160228595  1 1 PASS
160228595  2 0 AltDetFail
160268882  1 1 PASS
160268882  2 0 SecondaryOfPN_01
160268882  3 0 SecondaryOfPN_01
160268882  4 0 SecondaryOfPN_01
160268882  5 0 AltDetFail
160268882  6 0 AltDetFail
160268897  1 1 PASS
160297243  1 1 PASS
160308419  1 1 PASS
160393513  1 1 PASS
160394891  1 1 PASS
160408494  1 1 PASS
160409846  1 1 PASS
160421752  1 1 PASS
160423353  1 0 AltDetFail
160425283  1 0 AltDetFail
160425283  2 0 AltDetFail
160438869  1 0 ChasesFail
160472514  1 1 PASS
160472514  2 1 PASS
160472514  3 0 SecondaryOfPN_01
160472901  1 0 ses2MesFail
160491359  1 1 PASS
160491374  1 0 ChasesFail
160491374  2 0 newMesBelowThresh
160492551  1 1 PASS
160492551  2 0 SecondaryOfPN_01
160492551  3 0 AltDetFail
160519380  1 0 AltDetFail
160519380  2 0 ses2MesFail
160519380  3 1 PASS
160519380  4 0 ses2MesFail
160519380  5 0 ses2MesFail
160521567  1 0 ses2MesFail
160521779  1 1 PASS
160521779  2 0 AltDetFail
160521779  3 0 AltDetFail
160533144  1 0 AltDetFail
160533144  2 0 AltDetFail
160533144  3 0 AltDetFail
160533144  4 0 AltDetFail
160533144  5 0 AltDetFail
160533144  6 0 AltDetFail
160535706  1 0 ses2MesFail
160536227  1 1 PASS
160536227  2 0 ses2MesFail
160552560  1 0 AltDetFail
160553438  1 1 PASS
160553438  2 0 AltDetFail
160582982  1 0 AltDetFail
160582982  2 0 AltDetFail
160582982  3 0 AltDetFail
160582982  4 0 AltDetFail
160582982  5 0 AltDetFail
160582982  6 0 AltDetFail
160583426  1 1 PASS
160585671  1 1 PASS
160585671  2 0 AltDetFail
160585813  1 1 PASS
160600404  1 0 ses2MesFail
160600404  2 0 ChasesFail
160600404  3 0 ses2MesFail
160600404  4 0 ChasesFail
160600404  5 0 ses2MesFail
160600809  1 1 PASS
160600809  2 0 AltDetFail
160602230  1 0 ChasesFail
160602230  2 1 PASS
160602230  3 0 AltDetFail
160602798  1 1 PASS
160603519  1 0 ses2MesFail
160603519  2 0 newMesShrink
160603519  3 1 PASS
160603693  1 0 AltDetFail
160603693  2 0 AltDetFail
160603693  3 0 AltDetFail
160603848  1 0 AltDetFail
160603848  2 0 AltDetFail
160603848  3 0 AltDetFail
160603848  4 0 AltDetFail
160603848  5 0 AltDetFail
160618342  1 1 PASS
160618342  2 0 AltDetFail
160618342  3 0 AltDetFail
160618494  1 1 PASS
160618494  2 0 SecondaryOfPN_01
160619243  1 0 newMesShrink
160619243  2 0 ChasesFail
160619243  3 1 PASS
160619243  4 0 ses2MesFail
160619243  5 0 ses2MesFail
160619243  6 0 ChasesFail
161045717  1 1 PASS
161668117  1 0 ses2MesFail
161668117  2 0 ses2MesFail
161668117  3 0 ses2MesFail
161685732  1 0 newMesBelowThresh
161687311  1 0 ses2MesFail
161687311  2 0 AltDetFail
161687311  3 0 AltDetFail
161723589  1 1 PASS
161744580  1 1 PASS
161744580  2 0 SecondaryOfPN_01
161744828  1 1 PASS
161744828  2 0 AltDetFail
161819549  1 0 ses2MesFail
161825707  1 1 PASS
161840630  1 1 PASS
165371937  1 1 PASS
165371937  2 0 AltDetFail
165371937  3 0 AltDetFail
165453878  1 1 PASS
165453878  2 0 SecondaryOfPN_01
165470014  1 1 PASS
165470014  2 0 SecondaryOfPN_01
165471200  1 0 ses2MesFail
165471200  2 0 ses2MesFail
165498437  1 1 PASS
165500708  1 1 PASS
165527358  1 1 PASS
165527918  1 1 PASS
165528645  1 1 PASS
165528645  2 0 AltDetFail
165529451  1 0 ses2MesFail
165530589  1 0 ses2MesFail
165530589  2 0 ChasesFail
165551380  1 0 ses2MesFail
165551380  2 1 PASS
165554103  1 1 PASS
165599287  1 0 ses2MesFail
165599287  2 0 ses2MesFail
165599288  1 1 PASS
165599288  2 0 ChasesFail
165599288  3 0 ChasesFail
165599289  1 1 PASS
165599289  2 0 ses2MesFail
165626871  1 1 PASS
165626871  2 0 SecondaryOfPN_01
165628502  1 0 AltDetFail
165628502  2 0 AltDetFail
165638789  1 1 PASS
165688184  1 0 AltDetFail
165688184  2 0 AltDetFail
165688184  3 0 AltDetFail
165720650  1 1 PASS
165720650  2 0 ses2MesFail
165720650  3 0 ses2MesFail
165720650  4 0 newMesShrink
165721304  1 1 PASS
165721304  2 0 SesStatFail
165721554  1 0 newMesShrink
165721554  2 0 ses2MesFail
165721554  3 0 ChasesFail
165763244  1 1 PASS
165944402  1 1 PASS
165991532  1 1 PASS
165991532  2 0 SecondaryOfPN_01
166074503  1 0 AltDetFail
166087190  1 0 ChasesFail
166087190  2 0 ses2MesFail
166087190  3 0 AltDetFail
166087289  1 0 AltDetFail
166087289  2 0 AltDetFail
166087289  3 0 AltDetFail
166087289  4 0 AltDetFail
166090445  1 1 PASS
166090445  2 0 newMesBelowThresh
166090445  3 0 ses2MesFail
166127560  1 1 PASS
166150901  1 1 PASS
166150901  2 0 AltDetFail
166152871  1 1 PASS
166152871  2 0 AltDetFail
166178948  1 0 ses2MesFail
166178948  2 0 ses2MesFail
166178948  3 0 ses2MesFail
166178948  4 1 PASS
168700034  1 0 AltDetFail
168700034  2 0 AltDetFail
168707425  1 1 PASS
168707746  1 0 newMesBelowThresh
168707746  2 0 newMesShrink
168707746  3 0 newMesBelowThresh
168707746  4 0 newMesBelowThresh
168707746  5 0 newMesBelowThresh
168707746  6 0 newMesShrink
168748224  1 1 PASS
168748224  2 0 AltDetFail
168809669  1 1 PASS
168809669  2 0 SecondaryOfPN_01
180570279  1 1 PASS
180570279  2 0 SecondaryOfPN_01
180570279  3 0 AltDetFail
180671254  1 0 ses2MesFail
180671254  2 0 ses2MesFail
180695581  1 1 PASS
188768068  1 1 PASS
188836205  1 0 ChasesFail
193948188  1 1 PASS
193948188  2 0 SecondaryOfPN_01
193971913  1 1 PASS
193971913  2 0 SecondaryOfPN_01
198082689  1 1 PASS
198082689  2 0 AltDetFail
198099910  1 0 newMesBelowThresh
198100206  1 1 PASS
198104202  1 1 PASS
198104202  2 0 AltDetFail
198152578  1 0 AltDetFail
198153540  1 1 PASS
198153540  2 0 AltDetFail
198155069  1 0 AltDetFail
198179599  1 1 PASS
198179599  2 0 AltDetFail
198179969  1 0 AltDetFail
198179969  2 0 AltDetFail
198179969  3 0 AltDetFail
198179969  4 0 AltDetFail
198181552  1 1 PASS
198181552  2 1 PASS
198181552  3 0 AltDetFail
198182825  1 1 PASS
198182825  2 0 AltDetFail
198185267  1 1 PASS
198185267  2 0 AltDetFail
198187008  1 1 PASS
198187008  2 0 ChasesFail
198187008  3 1 PASS
198187008  4 0 ChasesFail
198187008  5 1 PASS
198187008  6 0 AltDetFail
198187049  1 1 PASS
198187049  2 0 ses2MesFail
198188047  1 1 PASS
198188047  2 0 AltDetFail
198188047  3 0 AltDetFail
198188157  1 1 PASS
198188157  2 0 SecondaryOfPN_01
198188157  3 0 AltDetFail
198188157  4 0 AltDetFail
198188157  5 0 AltDetFail
198189672  1 1 PASS
198189672  2 0 AltDetFail
198204753  1 1 PASS
198206613  1 1 PASS
198207384  1 1 PASS
198207384  2 0 AltDetFail
198211975  1 1 PASS
198211975  2 0 AltDetFail
198212955  1 1 PASS
198236067  1 0 ses2MesFail
198236067  2 0 ChasesFail
198236067  3 0 ses2MesFail
198236067  4 0 AltDetFail
198238736  1 0 ses2MesFail
198238736  2 0 ChasesFail
198238736  3 0 ses2MesFail
198241702  1 1 PASS
198241702  2 1 PASS
198242676  1 1 PASS
198242676  2 0 ses2MesFail
198242678  1 1 PASS
198242678  2 1 PASS
198280388  1 0 AltDetFail
198280388  2 0 AltDetFail
198280388  3 0 AltDetFail
198280388  4 0 AltDetFail
198313291  1 1 PASS
198313291  2 0 AltDetFail
198313291  3 0 AltDetFail
198314518  1 1 PASS
198314518  2 0 AltDetFail
198315591  1 0 ses2MesFail
198316592  1 0 ses2MesFail
198317411  1 0 ses2MesFail
198354443  1 0 AltDetFail
198356533  1 1 PASS
198357134  1 0 ses2MesFail
198357390  1 1 PASS
198358825  1 1 PASS
198358825  2 0 SecondaryOfPN_01
198360694  1 1 PASS
198382838  1 1 PASS
198382838  2 0 SecondaryOfPN_01
198383073  1 0 AltDetFail
198383073  2 0 AltDetFail
198383073  3 0 AltDetFail
198384408  1 0 ChasesFail
198385324  1 0 ses2MesFail
198385543  1 1 PASS
198388252  1 1 PASS
198388252  2 0 ses2MesFail
198388252  3 1 PASS
198388925  1 0 ChasesFail
198388925  2 0 ses2MesFail
198389292  1 0 ChasesFail
198390247  1 1 PASS
198390247  2 1 PASS
198391312  1 1 PASS
198408416  1 1 PASS
198409739  1 0 ses2MesFail
198410462  1 0 AltDetFail
198410462  2 0 AltDetFail
198410480  1 1 PASS
198410480  2 0 SecondaryOfPN_01
198410480  3 0 AltDetFail
198410480  4 0 AltDetFail
198410480  5 0 AltDetFail
198410480  6 0 AltDetFail
198412265  1 1 PASS
198413255  1 1 PASS
198416591  1 1 PASS
198416591  2 0 SecondaryOfPN_01
198416591  3 0 AltDetFail
198456033  1 0 AltDetFail
198456033  2 0 AltDetFail
198456033  3 0 AltDetFail
198456033  4 0 AltDetFail
198456033  5 0 AltDetFail
198456033  6 0 AltDetFail
198457103  1 1 PASS
198457103  2 0 AltDetFail
198457457  1 0 ChasesFail
198457457  2 0 ses2MesFail
198457457  3 1 PASS
198457457  4 0 AltDetFail
198478755  1 1 PASS
198478755  2 0 AltDetFail
198485881  1 1 PASS
198516246  1 0 AltDetFail
198516246  2 0 AltDetFail
198516246  3 0 AltDetFail
198516246  4 0 AltDetFail
198516246  5 0 AltDetFail
198516312  1 0 ses2MesFail
198516864  1 0 AltDetFail
198537349  1 1 PASS
198537783  1 0 ChasesFail
198537783  2 0 ses2MesFail
198537783  3 0 ses2MesFail
198537783  4 0 ses2MesFail
198538690  1 1 PASS
198555959  1 1 PASS
198555959  2 0 SecondaryOfPN_01
198557730  1 0 ses2MesFail
198557860  1 0 AltDetFail
198557860  2 0 AltDetFail
199524888  1 0 ses2MesFail
199547605  1 0 AltDetFail
199547605  2 0 AltDetFail
199547605  3 0 AltDetFail
199547605  4 0 AltDetFail
199547605  5 0 AltDetFail
199547605  6 0 AltDetFail
199547911  1 0 ses2MesFail
199549116  1 1 PASS
199573123  1 1 PASS
199574208  1 1 PASS
199574208  2 0 newMesShrink
199574208  3 0 AltDetFail
199574208  4 0 AltDetFail
199574208  5 0 AltDetFail
199574208  6 0 AltDetFail
199574211  1 1 PASS
199574211  2 0 newMesShrink
199574211  3 0 AltDetFail
199574211  4 0 AltDetFail
199574211  5 0 AltDetFail
199574211  6 0 AltDetFail
199610813  1 1 PASS
199610813  2 0 AltDetFail
199610813  3 0 AltDetFail
199610813  4 0 AltDetFail
199610813  5 0 AltDetFail
199610813  6 0 AltDetFail
199610815  1 1 PASS
199610815  2 0 AltDetFail
199610815  3 0 AltDetFail
199610815  4 0 AltDetFail
199612934  1 0 ses2MesFail
199612934  2 0 SecondaryOfPN_01
199614307  1 0 ses2MesFail
199632300  1 0 AltDetFail
199632300  2 0 AltDetFail
199661489  1 0 ses2MesFail
199661915  1 1 PASS
199661915  2 0 SecondaryOfPN_01
199662929  1 1 PASS
199662929  2 0 SecondaryOfPN_01
199664165  1 1 PASS
199665230  1 1 PASS
199666114  1 0 AltDetFail
199667467  1 0 ChasesFail
199682037  1 0 AltDetFail
199682037  2 0 AltDetFail
199682037  3 0 AltDetFail
199685781  1 1 PASS
199686461  1 1 PASS
199688409  1 1 PASS
199688409  2 0 AltDetFail
199688472  1 1 PASS
199709055  1 1 PASS
199715706  1 0 ses2MesFail
199715706  2 0 ses2MesFail
199716496  1 0 AltDetFail
202276766  1 1 PASS
202276766  2 0 AltDetFail
202276766  3 0 AltDetFail
202278022  1 0 AltDetFail
202292236  1 0 ses2MesFail
202295392  1 1 PASS
202295392  2 0 ses2MesFail
202295392  3 0 ses2MesFail
202299805  1 1 PASS
202299805  2 0 ses2MesFail
202381829  1 1 PASS
202424768  1 0 newMesBelowThresh
202424768  2 0 ses2MesFail
202425022  1 0 ses2MesFail
202426247  1 1 PASS
202427220  1 0 ses2MesFail
202427680  1 1 PASS
202442615  1 1 PASS
202442615  2 0 AltDetFail
202442617  1 0 AltDetFail
202442617  2 0 AltDetFail
202442617  3 0 AltDetFail
202442617  4 0 AltDetFail
202442974  1 1 PASS
202442974  2 0 SecondaryOfPN_01
202442974  3 0 AltDetFail
202442982  1 1 PASS
202442982  2 0 SecondaryOfPN_01
202443380  1 0 AltDetFail
202444594  1 1 PASS
202467266  1 0 AltDetFail
202467266  2 0 AltDetFail
202467266  3 0 AltDetFail
202467266  4 0 AltDetFail
202490797  1 1 PASS
202490797  2 0 AltDetFail
202490797  3 0 AltDetFail
202490797  4 0 AltDetFail
202490973  1 1 PASS
202509016  1 0 ses2MesFail
202509016  2 0 ses2MesFail
202509016  3 0 ses2MesFail
202509019  1 0 ses2MesFail
202509442  1 0 ses2MesFail
202509442  2 0 ses2MesFail
202509442  3 0 ses2MesFail
202509442  4 0 ses2MesFail
202509442  5 1 PASS
207384197  1 0 AltDetFail
207398432  1 1 PASS
207398432  2 0 ChasesFail
207398432  3 0 ses2MesFail
207399229  1 0 ses2MesFail
207402944  1 0 AltDetFail
207402944  2 0 AltDetFail
207425167  1 0 ses2MesFail
207425167  2 1 PASS
207427971  1 1 PASS
207436278  1 0 ses2MesFail
207466546  1 1 PASS
207493152  1 1 PASS
207493152  2 0 SecondaryOfPN_01
207496306  1 0 AltDetFail
207496824  1 1 PASS
207496824  2 0 SecondaryOfPN_01
207496824  3 0 AltDetFail
207504899  1 1 PASS
219011645  1 0 AltDetFail
219016721  1 1 PASS
219016721  2 1 PASS
219033506  1 1 PASS
219033506  2 0 ChasesFail
219033506  3 0 SecondaryOfPN_01
219041246  1 0 ses2MesFail
219091656  1 1 PASS
219091656  2 0 AltDetFail
219091656  3 0 AltDetFail
219092312  1 0 AltDetFail
219092312  2 0 AltDetFail
219092312  3 0 AltDetFail
219092312  4 0 AltDetFail
219092312  5 0 AltDetFail
219092860  1 1 PASS
219092860  2 0 AltDetFail
219095273  1 1 PASS
219095664  1 1 PASS
219095664  2 0 AltDetFail
219096494  1 1 PASS
219099369  1 1 PASS
219099369  2 0 AltDetFail
219100626  1 0 AltDetFail
219100626  2 0 AltDetFail
219105733  1 1 PASS
219107776  1 0 AltDetFail
219107776  2 0 AltDetFail
219107930  1 1 PASS
219108314  1 1 PASS
219109908  1 0 AltDetFail
219112871  1 1 PASS
219113011  1 0 ses2MesFail
219116889  1 1 PASS
219428571  1 0 ChasesFail
219428571  2 0 ses2MesFail
219429236  1 0 AltDetFail
219429236  2 0 AltDetFail
219429236  3 0 AltDetFail
219429236  4 0 AltDetFail
219429236  5 0 AltDetFail
219429236  6 0 AltDetFail
219435542  1 1 PASS
219436394  1 1 PASS
219436667  1 0 ses2MesFail
219458881  1 1 PASS
219461569  1 1 PASS
219462190  1 1 PASS
219463771  1 0 ses2MesFail
219463771  2 0 ses2MesFail
219466784  1 0 ses2MesFail
219467383  1 1 PASS
219467409  1 1 PASS
219698333  1 0 AltDetFail
219698333  2 0 AltDetFail
219698776  1 1 PASS
219705847  1 0 AltDetFail
219705847  2 0 AltDetFail
219707463  1 1 PASS
219707463  2 0 SecondaryOfPN_01
219708393  1 0 newMesBelowThresh
219732655  1 0 ses2MesFail
219738202  1 0 AltDetFail
219738202  2 0 AltDetFail
219738202  3 0 AltDetFail
219738222  1 1 PASS
219739405  1 1 PASS
219740926  1 1 PASS
219741079  1 1 PASS
219741079  2 0 AltDetFail
219750618  1 0 AltDetFail
219750629  1 1 PASS
219750629  2 0 AltDetFail
219750638  1 0 AltDetFail
219751364  1 0 ChasesFail
219751969  1 1 PASS
219751969  2 0 AltDetFail
219751969  3 0 AltDetFail
219751969  4 0 AltDetFail
219751969  5 0 AltDetFail
219755626  1 1 PASS
219755626  2 0 AltDetFail
219756421  1 1 PASS
219756421  2 0 AltDetFail
219765652  1 1 PASS
219765652  2 0 AltDetFail
219766348  1 1 PASS
219766348  2 0 AltDetFail
219771660  1 1 PASS
219771660  2 0 SecondaryOfPN_01
219771690  1 0 ChasesFail
219771690  2 0 ses2MesFail
219771690  3 0 ses2MesFail
219771690  4 0 ses2MesFail
219771690  5 0 ses2MesFail
219771690  6 1 PASS
219773223  1 1 PASS
219773223  2 0 AltDetFail
219775888  1 1 PASS
219775888  2 0 AltDetFail
219776325  1 1 PASS
219777482  1 1 PASS
219777482  2 1 PASS
219778329  1 1 PASS
219785910  1 1 PASS
219785910  2 0 AltDetFail
219785910  3 0 AltDetFail
219785910  4 0 AltDetFail
219785910  5 0 AltDetFail
219787770  1 1 PASS
219787770  2 0 AltDetFail
219788401  1 0 AltDetFail
219788401  2 0 AltDetFail
219790149  1 0 ses2MesFail
219790149  2 0 ChasesFail
219790149  3 0 AltDetFail
219790151  1 0 ses2MesFail
219790151  2 1 PASS
219790151  3 0 ses2MesFail
219790151  4 1 PASS
219790151  5 0 ChasesFail
219790151  6 0 newMesShrink
219791033  1 1 PASS
219791033  2 0 AltDetFail
219793020  1 1 PASS
219793020  2 0 AltDetFail
219795029  1 0 AltDetFail
219798168  1 1 PASS
219799330  1 1 PASS
219803078  1 0 ses2MesFail
219804674  1 0 AltDetFail
219804674  2 0 AltDetFail
219804674  3 0 AltDetFail
219804674  4 0 AltDetFail
219804674  5 0 AltDetFail
219805839  1 1 PASS
219807052  1 0 ses2MesFail
219807052  2 1 PASS
219807052  3 0 AltDetFail
219807735  1 1 PASS
219807735  2 0 SecondaryOfPN_01
219810107  1 0 ses2MesFail
219810107  2 1 PASS
219810122  1 0 AltDetFail
219810122  2 0 AltDetFail
219810122  3 0 AltDetFail
219810122  4 0 AltDetFail
219810391  1 1 PASS
219811129  1 1 PASS
219811129  2 0 AltDetFail
219812248  1 1 PASS
219812248  2 0 AltDetFail
219812966  1 1 PASS
219812966  2 0 AltDetFail
219812966  3 0 AltDetFail
219812966  4 0 AltDetFail
219812966  5 0 AltDetFail
219812966  6 0 AltDetFail
219816058  1 0 ses2MesFail
219816151  1 0 ses2MesFail
219816797  1 0 AltDetFail
219818889  1 1 PASS
219820991  1 1 PASS
219823570  1 0 AltDetFail
219823570  2 0 AltDetFail
219846064  1 1 PASS
219846064  2 0 AltDetFail
219846107  1 1 PASS
219846107  2 0 AltDetFail
219850915  1 1 PASS
219852882  1 1 PASS
219852882  2 1 PASS
219853206  1 1 PASS
219853206  2 0 AltDetFail
219855010  1 0 ChasesFail
219855548  1 1 PASS
219856738  1 0 ses2MesFail
219857012  1 1 PASS
219857398  1 0 ses2MesFail
219857398  2 0 newMesShrink
219857791  1 0 newMesBelowThresh
219857791  2 0 ses2MesFail
219858309  1 1 PASS
219858309  2 0 ses2MesFail
219859691  1 1 PASS
219859691  2 0 AltDetFail
219860288  1 1 PASS
219860549  1 0 ses2MesFail
219860549  2 0 ses2MesFail
219861429  1 1 PASS
219861551  1 0 AltDetFail
219861551  2 0 AltDetFail
219861551  3 0 AltDetFail
219861551  4 0 AltDetFail
219863247  1 0 AltDetFail
219863247  2 0 AltDetFail
219863247  3 0 AltDetFail
219863247  4 0 AltDetFail
219863247  5 0 AltDetFail
219863247  6 0 AltDetFail
219871477  1 1 PASS
219871477  2 0 AltDetFail
219872017  1 0 ses2MesFail
219872479  1 0 ses2MesFail
219874414  1 0 newMesShrink
219877043  1 1 PASS
219877043  2 0 AltDetFail
219877043  3 0 AltDetFail
219878156  1 1 PASS
219880902  1 0 ses2MesFail
219882262  1 1 PASS
219883898  1 1 PASS
219884807  1 0 AltDetFail
219884807  2 0 AltDetFail
219884807  3 0 AltDetFail
219884807  4 0 AltDetFail
219884963  1 1 PASS
219892254  1 1 PASS
219892705  1 1 PASS
219893761  1 0 AltDetFail
219893761  2 0 AltDetFail
219893761  3 0 AltDetFail
219893761  4 0 AltDetFail
219897017  1 1 PASS
219898924  1 0 AltDetFail
219899058  1 1 PASS
219900027  1 1 PASS
219900027  2 0 AltDetFail
224289450  1 0 ses2MesFail
224289450  2 0 ses2MesFail
224292240  1 0 AltDetFail
224297258  1 1 PASS
224298134  1 1 PASS
224299927  1 0 ses2MesFail
224313636  1 1 PASS
224596152  1 1 PASS
224597955  1 1 PASS
224600500  1 1 PASS
224601129  1 0 ses2MesFail
224605072  1 1 PASS
224605072  2 0 AltDetFail
224605072  3 0 AltDetFail
224607716  1 1 PASS
224608226  1 0 AltDetFail
224608234  1 0 ChasesFail
224608234  2 0 newMesBelowThresh
229398041  1 1 PASS
229400643  1 1 PASS
229400643  2 0 AltDetFail
229402137  1 1 PASS
229438448  1 0 newMesBelowThresh
229438448  2 1 PASS
229438910  1 0 AltDetFail
229438910  2 0 AltDetFail
229438910  3 0 AltDetFail
229447727  1 1 PASS
229447727  2 0 AltDetFail
229452961  1 1 PASS
229452961  2 0 AltDetFail
229455001  1 1 PASS
229455001  2 0 AltDetFail
229456081  1 1 PASS
229456125  1 1 PASS
229456125  2 0 AltDetFail
229461186  1 0 AltDetFail
229472112  1 1 PASS
229472112  2 0 AltDetFail
229473197  1 1 PASS
229473197  2 0 AltDetFail
229476105  1 1 PASS
229476285  1 1 PASS
229480487  1 0 ses2MesFail
229480487  2 1 PASS
229480487  3 0 ses2MesFail
229480487  4 0 ses2MesFail
229480487  5 0 ses2MesFail
229480487  6 0 SecondaryOfPN_03
229486109  1 0 AltDetFail
229487733  1 1 PASS
229495981  1 1 PASS
229498188  1 1 PASS
229498188  2 0 AltDetFail
229501295  1 0 newMesBelowThresh
229501295  2 0 ses2MesFail
229501295  3 1 PASS
229502230  1 1 PASS
229538190  1 1 PASS
229538190  2 1 PASS
229538190  3 0 AltDetFail
229538190  4 0 AltDetFail
229538190  5 0 AltDetFail
229539127  1 1 PASS
229583484  1 0 AltDetFail
229583484  2 0 AltDetFail
229583484  3 0 AltDetFail
229585356  1 0 AltDetFail
229585365  1 1 PASS
229585542  1 1 PASS
229585542  2 0 AltDetFail
229585958  1 1 PASS
229586778  1 1 PASS
229588059  1 0 ses2MesFail
229588059  2 1 PASS
229588059  3 0 ses2MesFail
229588059  4 0 ses2MesFail
229588059  5 0 ses2MesFail
229590038  1 1 PASS
229591601  1 1 PASS
229591601  2 0 AltDetFail
229605578  1 0 ses2MesFail
229614158  1 0 ses2MesFail
229614158  2 1 PASS
229614158  3 0 AltDetFail
229614158  4 0 AltDetFail
229614158  5 0 AltDetFail
229618154  1 0 ses2MesFail
229618964  1 1 PASS
229618964  2 0 AltDetFail
229619206  1 0 AltDetFail
229619206  2 0 AltDetFail
229619206  3 0 AltDetFail
229619206  4 0 AltDetFail
229619206  5 0 AltDetFail
229619206  6 0 AltDetFail
229639589  1 1 PASS
229639589  2 0 AltDetFail
229640059  1 1 PASS
229640059  2 1 PASS
229640059  3 0 ses2MesFail
229640059  4 1 PASS
229640059  5 0 ChasesFail
229640059  6 0 ses2MesFail
229640235  1 0 newMesShrink
229641441  1 1 PASS
229641441  2 0 SecondaryOfPN_01
229641441  3 0 AltDetFail
229641441  4 0 AltDetFail
229641441  5 0 AltDetFail
229641441  6 0 AltDetFail
229641533  1 0 AltDetFail
229641533  2 0 AltDetFail
229641533  3 0 AltDetFail
229641533  4 0 AltDetFail
229643655  1 1 PASS
229644973  1 1 PASS
229644973  2 0 AltDetFail
229650439  1 1 PASS
229650439  2 1 PASS
229650995  1 0 ses2MesFail
229670516  1 1 PASS
229670516  2 0 AltDetFail
229671667  1 0 AltDetFail
229674699  1 0 AltDetFail
229674699  2 0 AltDetFail
229675893  1 0 AltDetFail
229675893  2 0 AltDetFail
229675893  3 0 AltDetFail
229675893  4 0 AltDetFail
229675950  1 1 PASS
229676244  1 0 AltDetFail
229676244  2 0 AltDetFail
229683420  1 0 ses2MesFail
229683574  1 1 PASS
229683574  2 0 AltDetFail
229686437  1 1 PASS
229686929  1 1 PASS
229686929  2 0 AltDetFail
229687624  1 0 ses2MesFail
229687624  2 0 AltDetFail
229687631  1 1 PASS
229687631  2 0 AltDetFail
229687980  1 1 PASS
229687980  2 0 AltDetFail
229705199  1 0 ses2MesFail
229706827  1 0 ses2MesFail
229706827  2 0 ses2MesFail
229706827  3 0 ses2MesFail
229708864  1 1 PASS
229708864  2 0 AltDetFail
229712257  1 0 ses2MesFail
229712257  2 0 ses2MesFail
229712257  3 0 ses2MesFail
229712257  4 1 PASS
229715654  1 1 PASS
229738635  1 1 PASS
229738650  1 0 AltDetFail
229740543  1 1 PASS
229740543  2 0 AltDetFail
229741273  1 1 PASS
229742722  1 1 PASS
229742951  1 0 ChasesFail
229742951  2 0 newMesShrink
229745140  1 1 PASS
229747848  1 1 PASS
229747848  2 1 PASS
229750195  1 0 ses2MesFail
229751802  1 1 PASS
229751802  2 0 AltDetFail
229758994  1 0 AltDetFail
229758994  2 0 AltDetFail
229759788  1 0 ses2MesFail
229760249  1 1 PASS
229760249  2 0 AltDetFail
229762152  1 1 PASS
229765827  1 1 PASS
229766985  1 1 PASS
229766985  2 0 AltDetFail
229770036  1 1 PASS
229771234  1 0 AltDetFail
229771234  2 0 AltDetFail
229776076  1 1 PASS
229776076  2 1 PASS
229776076  3 0 ses2MesFail
229778044  1 1 PASS
229779790  1 1 PASS
229780215  1 0 ChasesFail
229780215  2 1 PASS
229780215  3 1 PASS
229781583  1 1 PASS
229782841  1 1 PASS
229783705  1 0 ses2MesFail
229783705  2 0 ses2MesFail
229783705  3 0 ses2MesFail
229783705  4 1 PASS
229783705  5 1 PASS
229784742  1 0 AltDetFail
229786610  1 0 AltDetFail
229786610  2 0 AltDetFail
229788204  1 1 PASS
229788552  1 1 PASS
229790589  1 0 newMesShrink
229790589  2 0 ChasesFail
229790589  3 0 ChasesFail
229790589  4 0 ses2MesFail
229791097  1 1 PASS
229791903  1 0 ses2MesFail
229791903  2 0 AltDetFail
229791903  3 0 AltDetFail
229791903  4 0 AltDetFail
229793100  1 1 PASS
229795026  1 0 AltDetFail
229795026  2 0 AltDetFail
229795026  3 0 AltDetFail
229796245  1 0 ses2MesFail
229867821  1 0 ChasesFail
229910746  1 1 PASS
229914020  1 1 PASS
229914020  2 0 SecondaryOfPN_01
229914020  3 0 AltDetFail
229914020  4 0 AltDetFail
229914020  5 0 AltDetFail
229914020  6 0 AltDetFail
229914087  1 0 ses2MesFail
229938135  1 1 PASS
229938135  2 0 AltDetFail
229940491  1 1 PASS
229941134  1 1 PASS
229944188  1 1 PASS
229944666  1 1 PASS
229945262  1 0 ses2MesFail
229945262  2 0 ses2MesFail
229945262  3 0 ses2MesFail
229945408  1 1 PASS
229945408  2 0 AltDetFail
229949018  1 0 AltDetFail
229949018  2 0 AltDetFail
229949018  3 0 AltDetFail
229949340  1 0 ses2MesFail
229949340  2 0 ChasesFail
229954300  1 0 ses2MesFail
229954300  2 1 PASS
229954300  3 0 ses2MesFail
229954300  4 0 SecondaryOfPN_01
229954300  5 0 AltDetFail
229954300  6 0 AltDetFail
229956797  1 1 PASS
229961933  1 1 PASS
229974851  1 1 PASS
229975095  1 1 PASS
229977459  1 0 ChasesFail
229978829  1 1 PASS
229979957  1 0 AltDetFail
229979957  2 0 AltDetFail
229979957  3 0 AltDetFail
229979957  4 0 AltDetFail
229979957  5 0 AltDetFail
230001220  1 1 PASS
230001220  2 0 AltDetFail
230001220  3 0 AltDetFail
230003363  1 0 AltDetFail
230005939  1 1 PASS
230005939  2 0 AltDetFail
230010749  1 0 ses2MesFail
230015169  1 0 AltDetFail
230015742  1 1 PASS
230016910  1 1 PASS
230016910  2 0 AltDetFail
230017324  1 1 PASS
230019699  1 0 ses2MesFail
230020283  1 1 PASS
230023734  1 1 PASS
230023734  2 0 SecondaryOfPN_01
230060668  1 1 PASS
230060668  2 0 AltDetFail
230063769  1 1 PASS
230063769  2 0 SecondaryOfPN_01
230065962  1 1 PASS
230065962  2 0 SecondaryOfPN_01
230066201  1 0 ses2MesFail
230066201  2 1 PASS
230069191  1 0 AltDetFail
230069191  2 0 AltDetFail
230069191  3 0 AltDetFail
230069191  4 0 AltDetFail
230069191  5 0 AltDetFail
230072155  1 1 PASS
230073280  1 0 AltDetFail
230073280  2 0 AltDetFail
230073281  1 0 newMesBelowThresh
230073281  2 0 newMesShrink
230073281  3 0 ChasesFail
230073281  4 1 PASS
230073281  5 0 AltDetFail
230075227  1 1 PASS
230075227  2 1 PASS
230077015  1 1 PASS
230077015  2 0 AltDetFail
230079674  1 0 ses2MesFail
230079674  2 0 ses2MesFail
230079674  3 1 PASS
230079674  4 0 AltDetFail
230079674  5 0 AltDetFail
230079674  6 0 AltDetFail
230081977  1 1 PASS
230083417  1 0 newMesShrink
230083417  2 0 ses2MesFail
230083417  3 0 ses2MesFail
230085095  1 0 AltDetFail
230085095  2 0 AltDetFail
230086683  1 0 ses2MesFail
230086683  2 0 ses2MesFail
230086683  3 0 ses2MesFail
230086683  4 0 ses2MesFail
230086683  5 1 PASS
230086768  1 1 PASS
230086768  2 0 SecondaryOfPN_01
230086888  1 1 PASS
230086888  2 0 AltDetFail
230087102  1 1 PASS
230087513  1 1 PASS
230087513  2 0 AltDetFail
230088370  1 1 PASS
230088975  1 1 PASS
230088975  2 0 AltDetFail
230088977  1 1 PASS
230088977  2 0 AltDetFail
230089225  1 0 AltDetFail
230091377  1 1 PASS
230114503  1 1 PASS
230114503  2 0 SecondaryOfPN_01
230115444  1 0 AltDetFail
230115444  2 0 AltDetFail
230115444  3 0 AltDetFail
230117380  1 1 PASS
230117380  2 0 AltDetFail
230117380  3 0 AltDetFail
230118001  1 1 PASS
230120143  1 1 PASS
230120143  2 0 AltDetFail
230120143  3 0 AltDetFail
230123328  1 0 AltDetFail
230123328  2 0 AltDetFail
230125546  1 0 ses2MesFail
230126339  1 1 PASS
230127302  1 1 PASS
230127302  2 1 PASS
230127302  3 1 PASS
230127302  4 1 PASS
230128064  1 1 PASS
230129453  1 1 PASS
230129453  2 0 AltDetFail
230129744  1 1 PASS
230130277  1 0 AltDetFail
230130277  2 0 AltDetFail
230130277  3 0 AltDetFail
230130277  4 0 AltDetFail
230130613  1 0 ses2MesFail
230131178  1 0 ChasesFail
230131630  1 0 ses2MesFail
230131630  2 0 newMesBelowThresh
230131630  3 0 newMesShrink
230131630  4 0 ChasesFail
230133404  1 0 ses2MesFail
230133406  1 1 PASS
230133460  1 1 PASS
230134468  1 1 PASS
230134468  2 0 AltDetFail
230134468  3 0 AltDetFail
230136491  1 0 AltDetFail
230136491  2 0 AltDetFail
230136491  3 0 AltDetFail
230136491  4 0 AltDetFail
230136491  5 0 AltDetFail
230136491  6 0 AltDetFail
230136846  1 1 PASS
230136846  2 0 AltDetFail
230136846  3 0 AltDetFail
230137150  1 1 PASS
230200819  1 0 ChasesFail
230200897  1 0 ses2MesFail
230200897  2 0 ses2MesFail
230200897  3 0 ses2MesFail
230201452  1 1 PASS
230377505  1 1 PASS
230378763  1 1 PASS
230384382  1 0 ses2MesFail
230384382  2 1 PASS
230384382  3 0 AltDetFail
230384382  4 0 AltDetFail
230384382  5 0 AltDetFail
230385278  1 1 PASS
230385278  2 0 AltDetFail
230385278  3 0 AltDetFail
230386284  1 0 AltDetFail
230386284  2 0 AltDetFail
230386397  1 1 PASS
230387153  1 1 PASS
230389395  1 0 AltDetFail
230389395  2 0 AltDetFail
230389395  3 0 AltDetFail
230389395  4 0 AltDetFail
232526141  1 0 ChasesFail
232537907  1 1 PASS
232540264  1 1 PASS
232572560  1 0 AltDetFail
232604221  1 1 PASS
232604221  2 0 AltDetFail
232606431  1 1 PASS
232606431  2 0 AltDetFail
232608947  1 1 PASS
232612416  1 1 PASS
232612839  1 1 PASS
232613164  1 1 PASS
232613164  2 0 AltDetFail
232613500  1 1 PASS
232616019  1 0 ses2MesFail
232616272  1 1 PASS
232616354  1 0 AltDetFail
232616354  2 0 AltDetFail
232616666  1 0 ChasesFail
232616898  1 1 PASS
232616898  2 0 AltDetFail
232620511  1 0 ses2MesFail
232620739  1 1 PASS
232620739  2 0 AltDetFail
232620739  3 0 AltDetFail
232620739  4 0 AltDetFail
232620922  1 1 PASS
232624463  1 0 ses2MesFail
232625701  1 1 PASS
232625701  2 0 SecondaryOfPN_01
232625701  3 0 AltDetFail
232625701  4 0 AltDetFail
232625701  5 0 AltDetFail
232625701  6 0 AltDetFail
232626905  1 0 AltDetFail
232626905  2 0 AltDetFail
232627400  1 1 PASS
232627400  2 0 AltDetFail
232628654  1 0 ChasesFail
232628654  2 0 ChasesFail
232628654  3 0 ses2MesFail
232628654  4 0 ses2MesFail
232628654  5 0 ses2MesFail
232628654  6 0 ses2MesFail
232629077  1 1 PASS
232629077  2 0 SecondaryOfPN_01
232633119  1 0 ses2MesFail
232633119  2 0 ChasesFail
232633119  3 0 ses2MesFail
232633119  4 0 ses2MesFail
232633119  5 0 ses2MesFail
232634180  1 1 PASS
232634180  2 0 AltDetFail
232634196  1 1 PASS
232634196  2 0 AltDetFail
232634632  1 0 ses2MesFail
232635922  1 1 PASS
232643392  1 1 PASS
232643392  2 0 SecondaryOfPN_01
232649837  1 0 AltDetFail
232649837  2 0 AltDetFail
232650365  1 1 PASS
232681415  1 1 PASS
232681415  2 0 AltDetFail
232963934  1 1 PASS
232965249  1 1 PASS
232965249  2 0 SecondaryOfPN_01
232967440  1 1 PASS
232970271  1 1 PASS
232970271  2 0 AltDetFail
232970737  1 1 PASS
232970737  2 0 AltDetFail
232970737  3 0 AltDetFail
232970737  4 0 AltDetFail
232971294  1 1 PASS
232976128  1 1 PASS
232977116  1 0 AltDetFail
232977116  2 0 AltDetFail
232977116  3 0 AltDetFail
232977116  4 0 AltDetFail
232977165  1 1 PASS
232977165  2 0 SecondaryOfPN_01
232977473  1 0 ses2MesFail
232982544  1 1 PASS
232982544  2 0 AltDetFail
232982558  1 1 PASS
232985036  1 1 PASS
233006311  1 0 newMesBelowThresh
233008502  1 0 ses2MesFail
233008502  2 0 ses2MesFail
233008974  1 1 PASS
233008974  2 0 AltDetFail
233008974  3 0 AltDetFail
233008974  4 0 AltDetFail
233009109  1 1 PASS
233010801  1 1 PASS
233011699  1 0 ses2MesFail
233051005  1 1 PASS
233051005  2 0 AltDetFail
233051318  1 0 AltDetFail
233051318  2 0 AltDetFail
233051318  3 0 AltDetFail
233051835  1 1 PASS
233055579  1 1 PASS
233055641  1 1 PASS
233060572  1 1 PASS
233060572  2 0 SecondaryOfPN_01
233060572  3 0 AltDetFail
233061448  1 1 PASS
233061448  2 0 SecondaryOfPN_01
233061448  3 0 AltDetFail
233061448  4 0 AltDetFail
233061448  5 0 AltDetFail
233066156  1 1 PASS
233068870  1 0 ses2MesFail
233068870  2 1 PASS
233068870  3 0 AltDetFail
233070089  1 0 AltDetFail
233070776  1 1 PASS
233070776  2 0 AltDetFail
233071822  1 1 PASS
233071926  1 1 PASS
233071926  2 0 ses2MesFail
233073887  1 1 PASS
233076309  1 0 ses2MesFail
233079659  1 0 AltDetFail
233080133  1 0 AltDetFail
233080133  2 0 AltDetFail
233082251  1 0 AltDetFail
233082251  2 0 AltDetFail
233082251  3 0 AltDetFail
233082251  4 0 AltDetFail
233083183  1 1 PASS
233083216  1 1 PASS
233086505  1 0 AltDetFail
233086505  2 0 AltDetFail
233086505  3 0 AltDetFail
233086505  4 0 AltDetFail
233087860  1 1 PASS
233087949  1 1 PASS
233088466  1 1 PASS
233093251  1 0 ses2MesFail
233093355  1 1 PASS
233093355  2 0 AltDetFail
233097244  1 1 PASS
233120979  1 1 PASS
233120979  2 0 ses2MesFail
233121747  1 0 newMesBelowThresh
233121908  1 1 PASS
233121908  2 0 AltDetFail
233121908  3 0 AltDetFail
233124538  1 0 AltDetFail
233124538  2 0 AltDetFail
233124538  3 0 AltDetFail
233127429  1 1 PASS
233128614  1 0 newMesShrink
233131533  1 0 ses2MesFail
233131533  2 0 ses2MesFail
233131533  3 0 ses2MesFail
233131533  4 0 ses2MesFail
233131533  5 1 PASS
233131533  6 0 ses2MesFail
233158000  1 1 PASS
233162061  1 1 PASS
233162401  1 1 PASS
233163632  1 1 PASS
233166139  1 1 PASS
233168490  1 0 ses2MesFail
233168801  1 0 AltDetFail
233168801  2 0 AltDetFail
233168801  3 0 AltDetFail
233176844  1 0 AltDetFail
233177185  1 0 ChasesFail
233181627  1 0 ses2MesFail
233182695  1 1 PASS
233189414  1 0 ChasesFail
233189477  1 1 PASS
233192384  1 1 PASS
233192409  1 0 AltDetFail
233193585  1 1 PASS
233193585  2 1 PASS
233195058  1 1 PASS
233195058  2 0 SecondaryOfPN_01
233195058  3 0 AltDetFail
233195058  4 0 AltDetFail
233195058  5 0 AltDetFail
233195058  6 0 AltDetFail
233195546  1 1 PASS
233197209  1 1 PASS
233207585  1 0 AltDetFail
233207585  2 0 AltDetFail
233208885  1 1 PASS
233208885  2 0 AltDetFail
233208885  3 0 AltDetFail
233211759  1 1 PASS
233211762  1 1 PASS
233211762  2 0 ses2MesFail
233211762  3 0 ses2MesFail
233211762  4 1 PASS
233211762  5 1 PASS
233233165  1 0 ses2MesFail
233233639  1 0 AltDetFail
233233639  2 0 AltDetFail
233233639  3 0 AltDetFail
233233639  4 0 AltDetFail
233238892  1 1 PASS
233238892  2 0 ses2MesFail
233460141  1 1 PASS
233495044  1 1 PASS
233498788  1 1 PASS
233498959  1 0 AltDetFail
233498959  2 0 AltDetFail
233498959  3 0 AltDetFail
233499061  1 1 PASS
233499307  1 1 PASS
233499307  2 0 AltDetFail
233499307  3 0 AltDetFail
233499348  1 1 PASS
233500939  1 1 PASS
233503280  1 1 PASS
233503280  2 0 AltDetFail
233503533  1 1 PASS
233524881  1 0 ses2MesFail
233525242  1 1 PASS
233531272  1 0 AltDetFail
233531272  2 0 AltDetFail
233531272  3 0 AltDetFail
233531285  1 0 AltDetFail
233531285  2 0 AltDetFail
233532220  1 0 ses2MesFail
233532220  2 1 PASS
233532554  1 1 PASS
233532554  2 0 AltDetFail
233533537  1 0 AltDetFail
233533537  2 0 AltDetFail
233539736  1 1 PASS
233539736  2 0 AltDetFail
233541860  1 0 AltDetFail
233569141  1 1 PASS
233569141  2 0 SecondaryOfPN_01
233571327  1 1 PASS
233571327  2 0 AltDetFail
233571918  1 0 AltDetFail
233571918  2 0 AltDetFail
233571918  3 0 AltDetFail
233571918  4 0 AltDetFail
233574265  1 1 PASS
233574265  2 0 AltDetFail
233576389  1 1 PASS
233576389  2 0 AltDetFail
233580483  1 1 PASS
233580483  2 0 AltDetFail
233580734  1 0 AltDetFail
233580734  2 0 AltDetFail
233580734  3 0 AltDetFail
233580734  4 0 AltDetFail
233602827  1 1 PASS
233602827  2 1 PASS
233605432  1 0 ChasesFail
233605432  2 1 PASS
233608839  1 1 PASS
233608839  2 0 AltDetFail
233612467  1 1 PASS
233613741  1 1 PASS
233613741  2 0 AltDetFail
233613741  3 0 AltDetFail
233613741  4 0 AltDetFail
233615629  1 1 PASS
233615629  2 0 AltDetFail
233617847  1 1 PASS
233617950  1 0 AltDetFail
233617950  2 0 AltDetFail
233617950  3 0 AltDetFail
233617950  4 0 AltDetFail
233618393  1 0 ses2MesFail
233618393  2 0 ses2MesFail
233624874  1 0 ses2MesFail
233624874  2 0 newMesShrink
233627515  1 1 PASS
233627515  2 0 AltDetFail
233629373  1 1 PASS
233629373  2 0 AltDetFail
233633993  1 1 PASS
233644917  1 0 ses2MesFail
233644917  2 1 PASS
233644917  3 0 AltDetFail
233657141  1 1 PASS
233657141  2 0 AltDetFail
233657141  3 0 AltDetFail
233658515  1 1 PASS
233659263  1 1 PASS
233659263  2 0 AltDetFail
233659263  3 0 AltDetFail
233660303  1 1 PASS
233660303  2 0 SecondaryOfPN_01
233679640  1 1 PASS
233679640  2 0 SecondaryOfPN_01
233680140  1 0 ses2MesFail
233681149  1 1 PASS
233684822  1 1 PASS
233688779  1 1 PASS
233689243  1 1 PASS
233689243  2 0 SecondaryOfPN_01
233692125  1 0 newMesShrink
233692125  2 1 PASS
233692125  3 0 AltDetFail
233712251  1 1 PASS
233712251  2 0 AltDetFail
233712251  3 0 AltDetFail
233713375  1 1 PASS
233713375  2 0 AltDetFail
233718119  1 0 ses2MesFail
233719052  1 1 PASS
233720276  1 1 PASS
233720276  2 0 newMesShrink
233721037  1 1 PASS
233721941  1 1 PASS
233721941  2 0 AltDetFail
233724181  1 0 AltDetFail
233724181  2 0 AltDetFail
233724181  3 0 AltDetFail
233728101  1 1 PASS
233730340  1 0 ses2MesFail
233730808  1 1 PASS
233735068  1 1 PASS
233735068  2 0 SecondaryOfPN_01
233738219  1 0 ses2MesFail
233738219  2 0 ses2MesFail
233738219  3 0 ses2MesFail
233738219  4 0 ChasesFail
233738219  5 1 PASS
233738219  6 0 AltDetFail
233738348  1 1 PASS
233738458  1 1 PASS
233739878  1 0 ses2MesFail
233740210  1 1 PASS
233740210  2 0 AltDetFail
233740810  1 0 AltDetFail
233740810  2 0 AltDetFail
233742003  1 0 AltDetFail
233742003  2 0 AltDetFail
233742003  3 0 AltDetFail
233742003  4 0 AltDetFail
233742003  5 0 AltDetFail
233745344  1 0 ses2MesFail
233745344  2 0 ses2MesFail
233746426  1 0 AltDetFail
235566266  1 1 PASS
235568144  1 0 ses2MesFail
235568605  1 0 ses2MesFail
235568605  2 1 PASS
235568605  3 0 ses2MesFail
235673889  1 1 PASS
235676117  1 1 PASS
235678638  1 0 newMesBelowThresh
235678745  1 1 PASS
235678745  2 1 PASS
235679672  1 1 PASS
235679672  2 0 AltDetFail
235679672  3 0 AltDetFail
235683377  1 1 PASS
235684525  1 1 PASS
235684525  2 0 AltDetFail
235684525  3 0 AltDetFail
235709086  1 0 AltDetFail
235709086  2 0 AltDetFail
235717530  1 1 PASS
235718636  1 0 AltDetFail
235930066  1 1 PASS
235930066  2 0 ses2MesFail
235930066  3 1 PASS
235930066  4 1 PASS
235982039  1 1 PASS
235982039  2 0 AltDetFail
235982927  1 1 PASS
235982927  2 0 AltDetFail
235985439  1 1 PASS
235987619  1 0 AltDetFail
235997676  1 0 ses2MesFail
236711877  1 0 newMesShrink
236714379  1 1 PASS
236714379  2 0 SecondaryOfPN_01
236715114  1 1 PASS
236716467  1 0 AltDetFail
236716467  2 0 AltDetFail
236716467  3 0 AltDetFail
236757919  1 0 ses2MesFail
236757919  2 1 PASS
236763903  1 0 ses2MesFail
236764598  1 1 PASS
236766358  1 0 AltDetFail
236766358  2 0 AltDetFail
236766358  3 0 AltDetFail
236766358  4 0 AltDetFail
236768225  1 1 PASS
236768225  2 0 AltDetFail
236769827  1 1 PASS
236769827  2 0 SecondaryOfPN_01
236773991  1 1 PASS
236773991  2 0 AltDetFail
236773991  3 0 AltDetFail
236775984  1 1 PASS
236775984  2 0 AltDetFail
236776750  1 1 PASS
236776750  2 0 AltDetFail
236777961  1 1 PASS
236778955  1 0 ChasesFail
236778955  2 0 ChasesFail
236778955  3 0 ses2MesFail
236778955  4 0 ses2MesFail
236778955  5 0 ses2MesFail
236778955  6 1 PASS
236779163  1 1 PASS
236779163  2 0 AltDetFail
236785122  1 1 PASS
236785122  2 0 AltDetFail
236785664  1 1 PASS
236785664  2 0 SecondaryOfPN_01
236785664  3 0 AltDetFail
236785664  4 0 AltDetFail
236791733  1 0 AltDetFail
236815239  1 1 PASS
236817455  1 0 ses2MesFail
236818973  1 1 PASS
236865152  1 1 PASS
236865152  2 0 ses2MesFail
236865152  3 1 PASS
236876439  1 0 AltDetFail
236876439  2 0 AltDetFail
236887394  1 1 PASS
236973844  1 1 PASS
236973844  2 0 SecondaryOfPN_01
236982983  1 0 AltDetFail
236987797  1 1 PASS
236996723  1 0 AltDetFail
237098529  1 1 PASS
237098588  1 0 ses2MesFail
237098588  2 1 PASS
237098588  3 0 AltDetFail
237099296  1 1 PASS
237103436  1 1 PASS
237103581  1 0 AltDetFail
237103581  2 0 AltDetFail
237103581  3 0 AltDetFail
237103581  4 0 AltDetFail
237103581  5 0 AltDetFail
237104308  1 1 PASS
237104308  2 0 AltDetFail
237104803  1 0 AltDetFail
237104916  1 0 ses2MesFail
237104916  2 0 ses2MesFail
237108118  1 1 PASS
237108118  2 0 AltDetFail
237108542  1 1 PASS
237108542  2 0 newMesShrink
237108542  3 0 SecondaryOfPN_01
237117314  1 1 PASS
237117314  2 0 AltDetFail
237117314  3 0 AltDetFail
237130278  1 0 AltDetFail
237130278  2 0 AltDetFail
237130278  3 0 AltDetFail
237130278  4 0 AltDetFail
237197236  1 0 AltDetFail
237197236  2 0 AltDetFail
237197236  3 0 AltDetFail
237200747  1 1 PASS
237200747  2 0 SecondaryOfPN_01
237203014  1 1 PASS
237205344  1 1 PASS
237206223  1 1 PASS
237206223  2 0 AltDetFail
237211224  1 0 ses2MesFail
237213277  1 0 AltDetFail
237213277  2 0 AltDetFail
237214366  1 0 ses2MesFail
237214784  1 1 PASS
237214784  2 0 AltDetFail
237219280  1 0 ses2MesFail
237222539  1 0 AltDetFail
237222539  2 0 AltDetFail
237222539  3 0 AltDetFail
237222864  1 1 PASS
237232044  1 1 PASS
237236759  1 1 PASS
237255067  1 1 PASS
237277760  1 1 PASS
237277760  2 0 AltDetFail
237278147  1 1 PASS
237278994  1 1 PASS
237278994  2 0 AltDetFail
237280122  1 1 PASS
237280122  2 0 AltDetFail
237286849  1 1 PASS
237286849  2 1 PASS
237292421  1 0 ses2MesFail
237304766  1 1 PASS
237308912  1 1 PASS
237308912  2 0 AltDetFail
237308912  3 0 AltDetFail
243248327  1 1 PASS
243248327  2 0 SecondaryOfPN_01
243248327  3 0 AltDetFail
243277123  1 0 AltDetFail
243277123  2 0 AltDetFail
243315719  1 1 PASS
243315719  2 0 AltDetFail
243315719  3 0 AltDetFail
243315819  1 0 AltDetFail
243315819  2 0 AltDetFail
243315819  3 0 AltDetFail
243316031  1 1 PASS
243316446  1 0 AltDetFail
243316446  2 0 AltDetFail
243316446  3 0 AltDetFail
243316446  4 0 AltDetFail
243316446  5 0 AltDetFail
243316446  6 0 AltDetFail
243318316  1 0 AltDetFail
243318316  2 0 AltDetFail
243318316  3 0 AltDetFail
243318316  4 0 AltDetFail
243319567  1 0 AltDetFail
243334392  1 1 PASS
243337598  1 1 PASS
243352373  1 1 PASS
243352373  2 0 SecondaryOfPN_01
243352373  3 0 AltDetFail
243352809  1 0 AltDetFail
243352809  2 0 AltDetFail
243352809  3 0 AltDetFail
243354593  1 1 PASS
243354593  2 0 AltDetFail
243368138  1 0 AltDetFail
255806138  1 1 PASS
255996252  1 1 PASS
255996252  2 0 SecondaryOfPN_01
256298025  1 1 PASS
256298427  1 1 PASS
256298934  1 1 PASS
256298934  2 0 AltDetFail
256323305  1 0 AltDetFail
256323305  2 0 AltDetFail
256323305  3 0 AltDetFail
256323305  4 0 AltDetFail
256324377  1 1 PASS
256324377  2 0 SecondaryOfPN_01
256324377  3 0 AltDetFail
256327585  1 1 PASS
256327585  2 0 SecondaryOfPN_01
256368884  1 1 PASS
256368884  2 0 SecondaryOfPN_01
256383270  1 1 PASS
256383270  2 0 AltDetFail
256452389  1 1 PASS
256452595  1 0 ses2MesFail
256452595  2 1 PASS
256512446  1 1 PASS
256512446  2 0 SecondaryOfPN_01
256516343  1 0 ses2MesFail
256516343  2 0 ses2MesFail
256516343  3 0 ses2MesFail
256516343  4 0 ChasesFail
256516343  5 0 ses2MesFail
256555422  1 0 AltDetFail
256555422  2 0 AltDetFail
256555422  3 0 AltDetFail
256555422  4 0 AltDetFail
256564095  1 1 PASS
256564095  2 0 AltDetFail
256624190  1 0 ses2MesFail
256662147  1 0 ses2MesFail
256738604  1 0 AltDetFail
256771035  1 0 AltDetFail
256978045  1 0 AltDetFail
256978045  2 0 AltDetFail
257002707  1 0 ses2MesFail
257023157  1 1 PASS
257023157  2 0 SecondaryOfPN_01
257047338  1 1 PASS
257048637  1 0 ses2MesFail
257048637  2 0 ChasesFail
257048637  3 0 ChasesFail
257048637  4 0 newMesBelowThresh
257048642  1 0 ses2MesFail
257048642  2 0 ses2MesFail
257048642  3 0 ses2MesFail
257048642  4 0 ses2MesFail
257048642  5 0 ses2MesFail
257048642  6 0 ChasesFail
257081898  1 1 PASS
257082573  1 1 PASS
257082573  2 0 AltDetFail
258351169  1 0 ses2MesFail
258351350  1 1 PASS
258352939  1 0 ses2MesFail
258355042  1 1 PASS
258463338  1 0 AltDetFail
258509996  1 1 PASS
258514800  1 1 PASS
258515189  1 0 ses2MesFail
258547069  1 0 newMesShrink
258547069  2 0 ses2MesFail
258547069  3 1 PASS
258547069  4 0 AltDetFail
258771803  1 1 PASS
258771803  2 1 PASS
258771803  3 0 ses2MesFail
258771803  4 1 PASS
258771803  5 1 PASS
258771803  6 0 ses2MesFail
258773721  1 1 PASS
258773721  2 0 AltDetFail
258773721  3 0 AltDetFail
258773721  4 0 AltDetFail
258773721  5 0 AltDetFail
258773798  1 0 AltDetFail
258776466  1 1 PASS
258777137  1 1 PASS
258799357  1 0 AltDetFail
258799357  2 0 AltDetFail
258799357  3 0 AltDetFail
258799793  1 0 AltDetFail
258799793  2 0 AltDetFail
258799793  3 0 AltDetFail
258800513  1 0 ses2MesFail
258802191  1 1 PASS
258802191  2 0 SecondaryOfPN_01
258803900  1 0 AltDetFail
258803900  2 0 AltDetFail
258803900  3 0 AltDetFail
258804174  1 1 PASS
258804174  2 0 AltDetFail
258804335  1 1 PASS
258826816  1 1 PASS
258826816  2 0 SecondaryOfPN_01
258826934  1 1 PASS
258827801  1 0 AltDetFail
258827801  2 0 AltDetFail
258827801  3 0 AltDetFail
258827801  4 0 AltDetFail
258831213  1 1 PASS
258831213  2 0 SecondaryOfPN_01
258869917  1 1 PASS
258869917  2 0 AltDetFail
258872568  1 0 ses2MesFail
258873708  1 1 PASS
258922572  1 0 AltDetFail
258954458  1 0 newMesShrink
258956229  1 0 ses2MesFail
258956843  1 1 PASS
258956843  2 0 AltDetFail
258956843  3 0 AltDetFail
258957113  1 1 PASS
259006174  1 1 PASS
259006185  1 1 PASS
259006185  2 0 SecondaryOfPN_01
259006185  3 0 SecondaryOfPN_01
259006185  4 0 AltDetFail
259036361  1 1 PASS
259036361  2 0 AltDetFail
259039727  1 1 PASS
259039727  2 0 AltDetFail
259098122  1 1 PASS
259098122  2 0 AltDetFail
259098122  3 0 AltDetFail
259102835  1 1 PASS
259102835  2 0 AltDetFail
259126645  1 1 PASS
259126645  2 0 newMesBelowThresh
259132389  1 1 PASS
259132389  2 0 AltDetFail
259132389  3 0 AltDetFail
259168516  1 1 PASS
259169431  1 1 PASS
259172391  1 1 PASS
259172391  2 1 PASS
259235315  1 1 PASS
259235315  2 0 SecondaryOfPN_01
259235315  3 0 AltDetFail
259235315  4 0 AltDetFail
259235315  5 0 AltDetFail
259236364  1 0 ses2MesFail
259237271  1 0 ses2MesFail
259237271  2 0 ses2MesFail
259238257  1 1 PASS
259238257  2 0 AltDetFail
259238764  1 1 PASS
259238764  2 0 AltDetFail
263635510  1 1 PASS
263635510  2 1 PASS
263930790  1 1 PASS
263930790  2 0 AltDetFail
263930790  3 0 AltDetFail
263968694  1 1 PASS
263968694  2 0 AltDetFail
263968694  3 0 AltDetFail
264052510  1 1 PASS
264052510  2 0 AltDetFail
264052522  1 0 ses2MesFail
264052522  2 0 ses2MesFail
264052522  3 1 PASS
264052522  4 0 ses2MesFail
264074453  1 1 PASS
264175503  1 0 AltDetFail
264175503  2 0 AltDetFail
264224446  1 1 PASS
264299558  1 1 PASS
264300312  1 1 PASS
264300312  2 0 AltDetFail
264303333  1 1 PASS
264305127  1 0 ses2MesFail
264678534  1 1 PASS
264699236  1 0 AltDetFail
264699236  2 0 AltDetFail
267542728  1 1 PASS
267543197  1 1 PASS
267543197  2 0 ses2MesFail
267543197  3 0 ses2MesFail
267574918  1 0 ses2MesFail
267574918  2 0 SecondaryOfPN_01
267877714  1 1 PASS
268053147  1 0 ses2MesFail
268319848  1 1 PASS
268319848  2 0 AltDetFail
268334473  1 1 PASS
268403738  1 1 PASS
268404844  1 1 PASS
268404844  2 0 SecondaryOfPN_01
269598225  1 1 PASS
269598225  2 0 AltDetFail
269598225  3 0 AltDetFail
269598225  4 0 AltDetFail
269598225  5 0 AltDetFail
269598225  6 0 AltDetFail
269663477  1 0 AltDetFail
269663477  2 0 AltDetFail
269663477  3 0 AltDetFail
269663822  1 0 AltDetFail
269663822  2 0 AltDetFail
269666869  1 1 PASS
269696438  1 1 PASS
269696438  2 1 PASS
269696438  3 0 AltDetFail
269696438  4 0 AltDetFail
269696438  5 0 AltDetFail
269697024  1 1 PASS
269697024  2 1 PASS
269697024  3 1 PASS
269698422  1 1 PASS
269698740  1 0 ses2MesFail
269701147  1 1 PASS
269701147  2 1 PASS
269701147  3 1 PASS
270491761  1 0 ses2MesFail
270491862  1 0 AltDetFail
270491862  2 0 AltDetFail
270491862  3 0 AltDetFail
270491865  1 1 PASS
270491910  1 1 PASS
270491910  2 0 AltDetFail
270491910  3 0 AltDetFail
270491910  4 0 AltDetFail
270492519  1 0 ChasesFail
270526513  1 0 ses2MesFail
272572465  1 1 PASS
272615711  1 0 ses2MesFail
272615711  2 0 ChasesFail
272615711  3 0 ses2MesFail
272615711  4 0 ses2MesFail
272615711  5 0 ses2MesFail
272615711  6 0 ChasesFail
272650576  1 1 PASS
272650576  2 0 SecondaryOfPN_01
272650576  3 1 PASS
272650576  4 0 ses2MesFail
272669886  1 1 PASS
272672133  1 1 PASS
272679620  1 1 PASS
272679620  2 0 AltDetFail
272705043  1 0 ses2MesFail
272705043  2 0 AltDetFail
272705262  1 1 PASS
272705262  2 0 AltDetFail
272748035  1 0 AltDetFail
272748035  2 0 AltDetFail
272750454  1 1 PASS
272758460  1 0 ChasesFail
272759659  1 1 PASS
272781143  1 0 AltDetFail
272781143  2 0 AltDetFail
272781244  1 0 ses2MesFail
272781244  2 0 newMesBelowThresh
272781244  3 0 ses2MesFail
272781244  4 0 newMesBelowThresh
272781244  5 0 ChasesFail
272781325  1 1 PASS
272781325  2 0 AltDetFail
272781624  1 0 ses2MesFail
272781956  1 1 PASS
272781956  2 0 SecondaryOfPN_01
272785018  1 0 AltDetFail
272785018  2 0 AltDetFail
272785018  3 0 AltDetFail
272785018  4 0 AltDetFail
272785770  1 0 ses2MesFail
272785770  2 1 PASS
272785770  3 0 ses2MesFail
272785770  4 0 ses2MesFail
272785770  5 0 ses2MesFail
272785770  6 0 ses2MesFail
272786822  1 1 PASS
272786822  2 0 AltDetFail
274239484  1 1 PASS
274575202  1 1 PASS
274575202  2 0 ChasesFail
274575202  3 0 SecondaryOfPN_01
275578118  1 1 PASS
275578118  2 0 AltDetFail
275578320  1 0 ChasesFail
275578899  1 1 PASS
275633324  1 1 PASS
275692427  1 1 PASS
279980938  1 1 PASS
279980938  2 0 AltDetFail
279982557  1 1 PASS
280031832  1 1 PASS
280031832  2 0 AltDetFail
280033121  1 0 AltDetFail
280033121  2 0 AltDetFail
280033121  3 0 AltDetFail
280033121  4 0 AltDetFail
280033121  5 0 AltDetFail
280033121  6 0 AltDetFail
280033918  1 0 AltDetFail
280033918  2 0 AltDetFail
280033934  1 0 AltDetFail
280069113  1 0 ses2MesFail
280069113  2 0 ChasesFail
280069113  3 0 ses2MesFail
280069113  4 0 AltDetFail
280163882  1 0 ses2MesFail
280163882  2 0 ChasesFail
282925798  1 1 PASS
283819120  1 1 PASS
283819120  2 0 AltDetFail
283819432  1 0 AltDetFail
283819432  2 0 AltDetFail
283819432  3 0 AltDetFail
283828888  1 0 ChasesFail
284268629  1 0 ses2MesFail
284358867  1 1 PASS
284364590  1 1 PASS
284364590  2 0 AltDetFail
284364658  1 0 AltDetFail
284364658  2 0 AltDetFail
284461108  1 1 PASS
284461108  2 0 AltDetFail
284476342  1 0 ChasesFail
284479408  1 0 AltDetFail
284479408  2 0 AltDetFail
284479408  3 0 AltDetFail
284479408  4 0 AltDetFail
284479408  5 0 AltDetFail
284595199  1 1 PASS
284595199  2 0 ses2MesFail
284595199  3 0 newMesBelowThresh
284626874  1 1 PASS
284626874  2 0 AltDetFail
284627777  1 0 ses2MesFail
284661050  1 1 PASS
284890361  1 0 ChasesFail
284890361  2 1 PASS
284890361  3 0 AltDetFail
284891601  1 1 PASS
284891601  2 0 AltDetFail
284900652  1 1 PASS
284900652  2 0 AltDetFail
284971132  1 1 PASS
286167926  1 0 AltDetFail
286169068  1 0 AltDetFail
286169068  2 0 AltDetFail
286169068  3 0 AltDetFail
286169292  1 0 AltDetFail
286169292  2 0 AltDetFail
286169292  3 0 AltDetFail
286899254  1 0 ses2MesFail
286900208  1 1 PASS
286900208  2 0 SecondaryOfPN_01
286900208  3 0 AltDetFail
286916251  1 1 PASS
286923464  1 1 PASS
286924288  1 1 PASS
286924288  2 0 AltDetFail
286924288  3 0 AltDetFail
286924288  4 0 AltDetFail
286924945  1 0 newMesBelowThresh
286924945  2 0 ses2MesFail
286924945  3 0 ChasesFail
286924946  1 0 newMesShrink
286924946  2 0 ChasesFail
286924946  3 0 ses2MesFail
286945730  1 1 PASS
286945730  2 0 AltDetFail
286945730  3 0 AltDetFail
286945730  4 0 AltDetFail
286945730  5 0 AltDetFail
286945730  6 0 AltDetFail
287080092  1 1 PASS
287080783  1 1 PASS
287080783  2 0 AltDetFail
287085893  1 0 AltDetFail
287085893  2 0 AltDetFail
287085893  3 0 AltDetFail
287086786  1 0 ChasesFail
287137067  1 0 AltDetFail
287137067  2 0 AltDetFail
287139872  1 1 PASS
287151185  1 1 PASS
287151185  2 0 AltDetFail
287151976  1 1 PASS
287151976  2 0 ses2MesFail
287151976  3 1 PASS
287151976  4 0 ses2MesFail
287151976  5 0 ses2MesFail
287151976  6 1 PASS
287180466  1 1 PASS
287193769  1 0 AltDetFail
287193769  2 0 AltDetFail
287194283  1 1 PASS
287194283  2 0 AltDetFail
287195989  1 1 PASS
287195989  2 0 AltDetFail
287196418  1 1 PASS
288130832  1 1 PASS
288132261  1 1 PASS
288183511  1 1 PASS
288185213  1 1 PASS
288268410  1 0 ses2MesFail
288299534  1 0 ses2MesFail
288299534  2 1 PASS
288312840  1 1 PASS
288312840  2 0 SecondaryOfPN_01
288312840  3 0 AltDetFail
288312840  4 0 AltDetFail
288312840  5 0 AltDetFail
288312840  6 0 AltDetFail
288313416  1 1 PASS
288317543  1 1 PASS
288344202  1 0 ChasesFail
288344202  2 0 ses2MesFail
288344202  3 0 ses2MesFail
288344202  4 0 ses2MesFail
288346083  1 1 PASS
288346083  2 1 PASS
288347732  1 1 PASS
288389789  1 0 ses2MesFail
288391801  1 0 ses2MesFail
288391801  2 0 ChasesFail
288391801  3 0 ses2MesFail
288391801  4 0 AltDetFail
288392195  1 1 PASS
288404936  1 0 ses2MesFail
288421355  1 1 PASS
288428941  1 0 AltDetFail
288434140  1 1 PASS
288434140  2 0 SecondaryOfPN_01
288434781  1 1 PASS
288434781  2 0 newMesShrink
288434781  3 0 AltDetFail
288468229  1 0 ChasesFail
288471108  1 1 PASS
288471108  2 0 SecondaryOfPN_01
288471156  1 1 PASS
288471156  2 0 AltDetFail
288471156  3 0 AltDetFail
288487378  1 1 PASS
288506050  1 0 AltDetFail
288506050  2 0 AltDetFail
288507910  1 1 PASS
288516828  1 0 AltDetFail
288516828  2 0 AltDetFail
288516828  3 0 AltDetFail
288516828  4 0 AltDetFail
288516828  5 0 AltDetFail
288517585  1 0 ses2MesFail
288517585  2 0 ChasesFail
288525131  1 1 PASS
288525131  2 0 SecondaryOfPN_01
288634843  1 0 ses2MesFail
288634843  2 0 newMesBelowThresh
288634843  3 0 ChasesFail
288675985  1 1 PASS
288734641  1 0 newMesBelowThresh
288735205  1 1 PASS
288979840  1 1 PASS
288979840  2 0 SecondaryOfPN_01
288979840  3 0 ses2MesFail
289040091  1 0 ses2MesFail
289040470  1 0 ses2MesFail
289510320  1 1 PASS
289510965  1 0 AltDetFail
289510965  2 0 AltDetFail
289510965  3 0 AltDetFail
289510965  4 0 AltDetFail
289570934  1 0 AltDetFail
289572269  1 0 AltDetFail
289572269  2 0 AltDetFail
289572269  3 0 AltDetFail
289572269  4 0 AltDetFail
289580577  1 1 PASS
289580807  1 1 PASS
289581571  1 0 ses2MesFail
289590465  1 1 PASS
289590763  1 0 ChasesFail
289722957  1 1 PASS
289722957  2 0 SecondaryOfPN_01
289830925  1 0 AltDetFail
289830925  2 0 AltDetFail
289939747  1 1 PASS
289947843  1 0 ses2MesFail
289949453  1 1 PASS
289949453  2 0 SecondaryOfPN_01
289970992  1 1 PASS
289972535  1 0 ses2MesFail
293617835  1 1 PASS
293617835  2 0 SecondaryOfPN_01
293687460  1 1 PASS
293687460  2 0 AltDetFail
298000531  1 1 PASS
298000531  2 0 SecondaryOfPN_01
298000531  3 0 AltDetFail
298073824  1 1 PASS
298074497  1 1 PASS
298159711  1 0 ChasesFail
298160985  1 0 ses2MesFail
298160985  2 0 AltDetFail
298163426  1 0 ses2MesFail
298164752  1 0 ses2MesFail
298246821  1 1 PASS
298246821  2 0 AltDetFail
298246821  3 0 AltDetFail
298263301  1 1 PASS
298263938  1 0 ses2MesFail
298264674  1 1 PASS
298289469  1 1 PASS
298289469  2 0 AltDetFail
298289469  3 0 AltDetFail
298363685  1 0 ChasesFail
298363685  2 0 ses2MesFail
298600443  1 0 ChasesFail
298601073  1 1 PASS
298647682  1 1 PASS
298663983  1 0 AltDetFail
298663983  2 0 AltDetFail
298663983  3 0 AltDetFail
298665328  1 1 PASS
298665328  2 0 AltDetFail
298666271  1 0 AltDetFail
298666271  2 0 AltDetFail
298666530  1 0 ses2MesFail
298734307  1 1 PASS
302727695  1 1 PASS
302727695  2 0 AltDetFail
302727695  3 0 AltDetFail
303255899  1 1 PASS
307956653  1 0 AltDetFail
307958020  1 1 PASS
307983701  1 1 PASS
307987048  1 1 PASS
309720946  1 1 PASS
309720946  2 0 AltDetFail
309765720  1 0 AltDetFail
309765720  2 0 AltDetFail
309809572  1 1 PASS
309809572  2 0 AltDetFail
309862133  1 1 PASS
309925762  1 1 PASS
309965134  1 0 ses2MesFail
309965134  2 1 PASS
310004006  1 0 AltDetFail
310152603  1 1 PASS
310169616  1 1 PASS
310169616  2 0 AltDetFail
310338842  1 1 PASS
310338842  2 0 AltDetFail
310394398  1 0 ses2MesFail
310394398  2 1 PASS
310782996  1 0 ChasesFail
310980331  1 1 PASS
310994603  1 1 PASS
310994603  2 0 SecondaryOfPN_01
310994603  3 0 SecondaryOfPN_01
310994603  4 0 SecondaryOfPN_01
310994603  5 0 SecondaryOfPN_01
310996908  1 1 PASS
311035838  1 1 PASS
311068627  1 1 PASS
311070085  1 1 PASS
311070085  2 0 SecondaryOfPN_01
311112463  1 0 AltDetFail
311112463  2 0 AltDetFail
311188656  1 1 PASS
313006381  1 0 ses2MesFail
313110473  1 0 ses2MesFail
313110473  2 0 ChasesFail
313110473  3 0 ses2MesFail
313193981  1 0 ses2MesFail
313244303  1 0 AltDetFail
313244303  2 0 AltDetFail
313323661  1 1 PASS
313323661  2 0 ChasesFail
313323661  3 0 ses2MesFail
313386876  1 0 ChasesFail
314590329  1 1 PASS
314590329  2 0 AltDetFail
314590329  3 0 AltDetFail
314590329  4 0 AltDetFail
314590329  5 0 AltDetFail
314590329  6 0 AltDetFail
316333039  1 0 ses2MesFail
316333039  2 0 SecondaryOfPN_01
316450573  1 1 PASS
316450573  2 0 SecondaryOfPN_01
316450573  3 0 AltDetFail
320211179  1 1 PASS
320323992  1 0 AltDetFail
320324464  1 1 PASS
320504948  1 0 ses2MesFail
320525520  1 0 ses2MesFail
320526252  1 1 PASS
320526252  2 0 AltDetFail
321669174  1 1 PASS
322549898  1 1 PASS
322549898  2 0 AltDetFail
322578865  1 0 AltDetFail
322578865  2 0 AltDetFail
328933398  1 0 ses2MesFail
328933398  2 1 PASS
328933458  1 0 AltDetFail
328933458  2 0 AltDetFail
328933458  3 0 AltDetFail
328933458  4 0 AltDetFail
328933458  5 0 AltDetFail
329000598  1 0 ChasesFail
329000598  2 1 PASS
329000598  3 1 PASS
329000598  4 0 AltDetFail
329000598  5 0 AltDetFail
329000598  6 0 AltDetFail
329153618  1 0 ses2MesFail
329171124  1 0 AltDetFail
329171124  2 0 AltDetFail
329246824  1 1 PASS
329246824  2 0 AltDetFail
329246824  3 0 AltDetFail
329248002  1 1 PASS
329249115  1 1 PASS
329249525  1 1 PASS
329349321  1 0 AltDetFail
329349321  2 0 AltDetFail
329349321  3 0 AltDetFail
329349321  4 0 AltDetFail
332277332  1 0 ChasesFail
332277332  2 0 ChasesFail
332277332  3 0 AltDetFail
332277332  4 0 AltDetFail
332277332  5 0 AltDetFail
332334202  1 1 PASS
332334202  2 0 SecondaryOfPN_01
332477926  1 1 PASS
332504864  1 1 PASS
333784916  1 1 PASS
333784916  2 0 ses2MesFail
333784916  3 1 PASS
333870949  1 0 AltDetFail
334636474  1 1 PASS
334637014  1 0 ses2MesFail
334637014  2 0 ses2MesFail
334637014  3 0 ChasesFail
334637014  4 0 ChasesFail
334637014  5 0 ses2MesFail
334637014  6 0 ses2MesFail
334637029  1 0 ses2MesFail
334637029  2 0 newMesBelowThresh
334637029  3 1 PASS
334677678  1 1 PASS
334677678  2 0 AltDetFail
334753537  1 0 ses2MesFail
334780068  1 1 PASS
334780068  2 0 AltDetFail
335681362  1 1 PASS
335683411  1 0 AltDetFail
335719278  1 0 AltDetFail
335719860  1 1 PASS
335719860  2 0 SecondaryOfPN_01
336007350  1 1 PASS
336007350  2 0 AltDetFail
336007350  3 0 AltDetFail
336007350  4 0 AltDetFail
336007350  5 0 AltDetFail
339533285  1 0 ses2MesFail
339533285  2 1 PASS
341593234  1 1 PASS
341706785  1 1 PASS
341814981  1 0 AltDetFail
341815197  1 1 PASS
341815715  1 1 PASS
341840536  1 1 PASS
341840536  2 0 AltDetFail
341840776  1 0 AltDetFail
341870349  1 0 newMesBelowThresh
341873554  1 1 PASS
341873554  2 0 AltDetFail
341874090  1 0 AltDetFail
341874090  2 0 AltDetFail
341874090  3 0 AltDetFail
346435387  1 0 ses2MesFail
349827430  1 1 PASS
349920226  1 0 AltDetFail
349920226  2 0 AltDetFail
349920226  3 0 AltDetFail
349920226  4 0 AltDetFail
349977461  1 0 ChasesFail
352239584  1 0 AltDetFail
352239584  2 0 AltDetFail
353732913  1 1 PASS
353732913  2 0 AltDetFail
353778985  1 0 AltDetFail
353778985  2 0 AltDetFail
353780525  1 0 ses2MesFail
353780525  2 0 ses2MesFail
353780788  1 0 AltDetFail
353780788  2 0 AltDetFail
353782280  1 1 PASS
353782445  1 1 PASS
353808664  1 0 ses2MesFail
353853600  1 1 PASS
353853600  2 0 SecondaryOfPN_01
353853600  3 0 AltDetFail
353853600  4 0 AltDetFail
353854078  1 1 PASS
353854078  2 0 SecondaryOfPN_01
353854078  3 0 SecondaryOfPN_01
353854078  4 0 AltDetFail
353875121  1 1 PASS
353875121  2 0 SecondaryOfPN_01
353894348  1 1 PASS
353894978  1 1 PASS
353896104  1 0 ChasesFail
353898013  1 0 newMesShrink
353898013  2 0 ses2MesFail
353898013  3 0 ses2MesFail
353898013  4 1 PASS
353898013  5 0 ses2MesFail
353898013  6 1 PASS
353934991  1 1 PASS
353937856  1 0 AltDetFail
353937856  2 0 AltDetFail
353937856  3 0 AltDetFail
353937856  4 0 AltDetFail
353937856  5 0 AltDetFail
353937856  6 0 AltDetFail
353937916  1 0 AltDetFail
353939279  1 1 PASS
353939279  2 0 SecondaryOfPN_01
353939279  3 0 SecondaryOfPN_01
353988778  1 0 AltDetFail
353989471  1 1 PASS
353989471  2 0 AltDetFail
353992999  1 1 PASS
354034635  1 1 PASS
355867695  1 1 PASS
355867695  2 1 PASS
355896688  1 1 PASS
355978205  1 1 PASS
356015357  1 1 PASS
356015357  2 0 SecondaryOfPN_01
356015361  1 1 PASS
356015361  2 0 SecondaryOfPN_01
356016119  1 1 PASS
356107942  1 0 AltDetFail
356109540  1 0 AltDetFail
356109540  2 0 AltDetFail
356109646  1 1 PASS
356109646  2 0 AltDetFail
356111717  1 0 AltDetFail
356111717  2 0 AltDetFail
356111717  3 0 AltDetFail
356150515  1 1 PASS
356150515  2 0 AltDetFail
356150515  3 0 AltDetFail
356311210  1 1 PASS
356340346  1 0 ses2MesFail
356340346  2 0 SecondaryOfPN_01
356348573  1 0 AltDetFail
356539820  1 0 ChasesFail
356583991  1 0 AltDetFail
356630364  1 0 AltDetFail
356632361  1 1 PASS
356632361  2 0 SecondaryOfPN_01
356632694  1 1 PASS
356632694  2 0 AltDetFail
356699716  1 1 PASS
356700488  1 1 PASS
356700577  1 0 ses2MesFail
356701798  1 1 PASS
356701798  2 0 AltDetFail
356701798  3 0 AltDetFail
356735215  1 0 ChasesFail
356735215  2 0 SecondaryOfPN_01
356744650  1 1 PASS
356820646  1 1 PASS
356820646  2 0 AltDetFail
356821434  1 0 ses2MesFail
356821434  2 0 ses2MesFail
356822358  1 0 ses2MesFail
356822358  2 0 newMesBelowThresh
356822358  3 0 ses2MesFail
356823839  1 1 PASS
356823839  2 0 AltDetFail
356867115  1 1 PASS
356871098  1 1 PASS
356896550  1 0 AltDetFail
356896561  1 1 PASS
356915123  1 0 ses2MesFail
356978132  1 1 PASS
357031563  1 0 ses2MesFail
357032546  1 0 newMesShrink
357032546  2 0 ses2MesFail
357032546  3 0 newMesBelowThresh
357032546  4 0 ses2MesFail
357032546  5 0 ChasesFail
357032546  6 1 PASS
357032575  1 0 ses2MesFail
357032575  2 0 ses2MesFail
357032575  3 0 ses2MesFail
357032575  4 0 ses2MesFail
357032575  5 0 ChasesFail
357036564  1 0 ses2MesFail
357036564  2 1 PASS
357045188  1 0 ses2MesFail
357045188  2 0 ses2MesFail
357045188  3 0 ChasesFail
357045189  1 0 newMesShrink
357045189  2 0 ses2MesFail
357045538  1 0 AltDetFail
357045538  2 0 AltDetFail
357045538  3 0 AltDetFail
357045538  4 0 AltDetFail
357045538  5 0 AltDetFail
357045538  6 0 AltDetFail
357046804  1 1 PASS
357050556  1 0 AltDetFail
357050556  2 0 AltDetFail
357050556  3 0 AltDetFail
357097676  1 1 PASS
357185041  1 0 AltDetFail
357243349  1 1 PASS
357348494  1 0 newMesShrink
357371372  1 1 PASS
357372327  1 0 ses2MesFail
357372327  2 0 ses2MesFail
357388332  1 1 PASS
357395291  1 1 PASS
357395291  2 0 AltDetFail
357395291  3 0 AltDetFail
357498249  1 0 ses2MesFail
357498249  2 1 PASS
357498249  3 1 PASS
357595904  1 1 PASS
357595904  2 0 AltDetFail
357596859  1 1 PASS
357596859  2 0 SecondaryOfPN_01
357686750  1 1 PASS
357687420  1 1 PASS
358017960  1 1 PASS
358018612  1 1 PASS
358613523  1 1 PASS
358613523  2 0 AltDetFail
358615125  1 0 AltDetFail
359312795  1 1 PASS
359312795  2 0 AltDetFail
359313701  1 0 ses2MesFail
359313701  2 0 ses2MesFail
359313701  3 0 ses2MesFail
359313701  4 0 ses2MesFail
359313701  5 0 ses2MesFail
359313701  6 0 ses2MesFail
359496368  1 1 PASS
359497418  1 1 PASS
359497418  2 0 SecondaryOfPN_01
359552377  1 1 PASS
359552377  2 0 AltDetFail
359556659  1 0 AltDetFail
359631482  1 0 AltDetFail
359631482  2 0 AltDetFail
359631482  3 0 AltDetFail
359631862  1 1 PASS
359675242  1 0 AltDetFail
359675242  2 0 AltDetFail
359675849  1 1 PASS
359675849  2 0 SecondaryOfPN_01
359676320  1 0 AltDetFail
359676320  2 0 AltDetFail
359676320  3 0 AltDetFail
359677968  1 1 PASS
359677968  2 0 AltDetFail
359677968  3 0 AltDetFail
359677968  4 0 AltDetFail
359678111  1 0 AltDetFail
359678111  2 0 AltDetFail
359678383  1 1 PASS
359678383  2 1 PASS
359678383  3 0 AltDetFail
360019299  1 1 PASS
360019299  2 0 AltDetFail
360020321  1 0 AltDetFail
360020620  1 0 ses2MesFail
360020620  2 0 ses2MesFail
360020620  3 0 ses2MesFail
360020620  4 1 PASS
360020620  5 0 ses2MesFail
362079154  1 0 AltDetFail
362079154  2 0 AltDetFail
362079154  3 0 AltDetFail
362104293  1 1 PASS
362104293  2 0 SecondaryOfPN_01
362220700  1 1 PASS
362220700  2 0 AltDetFail
362226108  1 1 PASS
362226108  2 0 SecondaryOfPN_01
362226108  3 0 AltDetFail
362257716  1 0 ses2MesFail
362257716  2 0 ses2MesFail
362259204  1 0 AltDetFail
362259855  1 1 PASS
362259855  2 0 AltDetFail
364074479  1 1 PASS
364120439  1 1 PASS
364120439  2 0 SecondaryOfPN_01
365936982  1 1 PASS
365936982  2 0 SecondaryOfPN_01
365938305  1 1 PASS
366119193  1 1 PASS
366124061  1 0 ChasesFail
366488318  1 1 PASS
366488318  2 0 AltDetFail
366488770  1 0 AltDetFail
366488770  2 0 AltDetFail
366489106  1 1 PASS
366489827  1 0 AltDetFail
366489827  2 0 AltDetFail
366489827  3 0 AltDetFail
366489827  4 0 AltDetFail
366489827  5 0 AltDetFail
366489827  6 0 AltDetFail
366490487  1 1 PASS
366490487  2 0 AltDetFail
366490487  3 0 AltDetFail
366490487  4 0 AltDetFail
366513725  1 1 PASS
366517337  1 1 PASS
366517381  1 1 PASS
366517381  2 0 AltDetFail
366560229  1 0 ses2MesFail
366560501  1 0 AltDetFail
366560501  2 0 AltDetFail
366560501  3 0 AltDetFail
366560501  4 0 AltDetFail
366560501  5 0 AltDetFail
366560963  1 0 ses2MesFail
366580935  1 0 AltDetFail
366580935  2 0 AltDetFail
366581060  1 0 AltDetFail
366581060  2 0 AltDetFail
367630162  1 1 PASS
367681735  1 1 PASS
367681735  2 0 AltDetFail
367681735  3 0 AltDetFail
367682011  1 0 ses2MesFail
367739494  1 1 PASS
367753709  1 1 PASS
367835766  1 1 PASS
367838110  1 1 PASS
367838785  1 1 PASS
367838785  2 0 AltDetFail
367838785  3 0 AltDetFail
367838785  4 0 AltDetFail
367839891  1 1 PASS
367839891  2 0 AltDetFail
367853801  1 0 ses2MesFail
367853806  1 0 ses2MesFail
367855829  1 1 PASS
367856400  1 0 ChasesFail
367857305  1 1 PASS
371706494  1 0 ses2MesFail
371706494  2 1 PASS
372733357  1 1 PASS
372758722  1 1 PASS
372758722  2 0 SecondaryOfPN_01
372758722  3 0 SecondaryOfPN_01
372758788  1 0 ses2MesFail
372758788  2 0 ses2MesFail
372759279  1 1 PASS
372759279  2 0 SecondaryOfPN_01
372759279  3 0 AltDetFail
376589519  1 0 AltDetFail
376589519  2 0 AltDetFail
376589519  3 0 AltDetFail
376593757  1 0 AltDetFail
376595143  1 0 ses2MesFail
376595143  2 0 ses2MesFail
376595143  3 0 ses2MesFail
376870091  1 1 PASS
376870091  2 1 PASS
376870091  3 0 AltDetFail
376872090  1 0 AltDetFail
376872090  2 0 AltDetFail
376872090  3 0 AltDetFail
376872090  4 0 AltDetFail
376882111  1 1 PASS
376883820  1 1 PASS
376928980  1 0 ses2MesFail
376928980  2 0 AltDetFail
376996664  1 1 PASS
376996664  2 0 AltDetFail
377050568  1 0 AltDetFail
377053663  1 0 AltDetFail
377053663  2 1 PASS
377053663  3 0 AltDetFail
377054755  1 0 AltDetFail
377054755  2 0 AltDetFail
377158294  1 0 ses2MesFail
377159029  1 1 PASS
377159029  2 0 AltDetFail
377159273  1 1 PASS
377159273  2 0 AltDetFail
377190161  1 1 PASS
377190161  2 0 SecondaryOfPN_01
377190658  1 0 AltDetFail
377190658  2 0 AltDetFail
377190658  3 0 AltDetFail
377190658  4 0 AltDetFail
377190658  5 0 AltDetFail
377190658  6 0 AltDetFail
377192659  1 1 PASS
377192659  2 0 newMesShrink
377192675  1 0 ses2MesFail
377192675  2 0 ses2MesFail
377192675  3 0 ses2MesFail
377192675  4 0 ses2MesFail
377192675  5 0 ses2MesFail
377192675  6 0 ses2MesFail
377197142  1 1 PASS
377197142  2 0 AltDetFail
377251803  1 0 AltDetFail
377251803  2 0 AltDetFail
377251803  3 0 AltDetFail
377251897  1 0 ses2MesFail
377253090  1 1 PASS
377253090  2 0 AltDetFail
377253895  1 1 PASS
377254191  1 0 AltDetFail
377254191  2 0 AltDetFail
377293776  1 1 PASS
377304468  1 0 AltDetFail
377304468  2 0 AltDetFail
377307592  1 1 PASS
377307592  2 0 SecondaryOfPN_01
383553114  1 1 PASS
383622780  1 0 AltDetFail
383622780  2 0 AltDetFail
383622780  3 0 AltDetFail
383622780  4 0 AltDetFail
383622786  1 0 AltDetFail
383622786  2 0 AltDetFail
383622786  3 0 AltDetFail
383622786  4 0 AltDetFail
383623314  1 1 PASS
383623314  2 0 AltDetFail
383623314  3 0 AltDetFail
383623314  4 0 AltDetFail
383645680  1 1 PASS
383646999  1 1 PASS
383646999  2 0 AltDetFail
383647149  1 1 PASS
383647250  1 0 ses2MesFail
383648251  1 0 AltDetFail
383648251  2 0 AltDetFail
383648251  3 0 AltDetFail
383648251  4 0 AltDetFail
383648451  1 1 PASS
383648451  2 0 AltDetFail
383648451  3 0 AltDetFail
383648451  4 0 AltDetFail
383648451  5 0 AltDetFail
383648451  6 0 AltDetFail
383648802  1 1 PASS
383648802  2 0 AltDetFail
383673767  1 1 PASS
383673767  2 0 AltDetFail
383673767  3 0 AltDetFail
383673767  4 0 AltDetFail
383676981  1 1 PASS
383676981  2 0 SecondaryOfPN_01
383676981  3 0 SecondaryOfPN_01
383676981  4 0 AltDetFail
387330194  1 0 AltDetFail
387330194  2 0 AltDetFail
387352120  1 0 ses2MesFail
387408783  1 0 newMesShrink
389773347  1 0 ses2MesFail
389913624  1 1 PASS
389913624  2 0 AltDetFail
389913624  3 0 AltDetFail
389913624  4 0 AltDetFail
389913624  5 0 AltDetFail
389916225  1 1 PASS
389916225  2 0 SecondaryOfPN_01
389917321  1 0 ses2MesFail
389917444  1 1 PASS
389917444  2 0 AltDetFail
389917444  3 0 AltDetFail
389966007  1 1 PASS
389966007  2 0 AltDetFail
389968535  1 0 ses2MesFail
389968535  2 0 newMesBelowThresh
390018424  1 1 PASS
390019056  1 1 PASS
390019439  1 1 PASS
390021728  1 1 PASS
390021728  2 0 AltDetFail
392536805  1 1 PASS
392536805  2 1 PASS
392536812  1 0 AltDetFail
392536812  2 0 AltDetFail
392571933  1 0 AltDetFail
393910716  1 1 PASS
393911494  1 1 PASS
393965778  1 1 PASS
394030788  1 1 PASS
394030788  2 1 PASS
394030788  3 1 PASS
394030788  4 0 ChasesFail
394030788  5 1 PASS
394030788  6 0 ChasesFail
394089846  1 1 PASS
394121998  1 0 ses2MesFail
394122618  1 0 ChasesFail
396740648  1 1 PASS
396817473  1 1 PASS
396828402  1 0 newMesBelowThresh
397100292  1 1 PASS
397100292  2 0 SecondaryOfPN_01
397143213  1 0 newMesShrink
397184624  1 1 PASS
397184624  2 0 AltDetFail
397184624  3 0 AltDetFail
397184624  4 0 AltDetFail
399787737  1 0 AltDetFail
399787737  2 0 AltDetFail
399787737  3 0 AltDetFail
399787737  4 0 AltDetFail
399787737  5 0 AltDetFail
399787737  6 0 AltDetFail
399788405  1 0 AltDetFail
399962207  1 0 AltDetFail
399962207  2 0 AltDetFail
400404966  1 1 PASS
400408178  1 0 AltDetFail
400408178  2 0 AltDetFail
400408178  3 0 AltDetFail
400472941  1 0 ses2MesFail
401532459  1 1 PASS
401532459  2 0 SecondaryOfPN_01
402442878  1 0 ChasesFail
402659713  1 0 ses2MesFail
402898317  1 1 PASS
402953963  1 1 PASS
405504882  1 1 PASS
405504882  2 0 newMesShrink
405525689  1 0 ChasesFail
405526704  1 0 ses2MesFail
405526704  2 1 PASS
405526704  3 0 SecondaryOfPN_02
405581266  1 0 AltDetFail
405581266  2 0 AltDetFail
405581266  3 0 AltDetFail
405581266  4 0 AltDetFail
406535548  1 0 ses2MesFail
406781370  1 1 PASS
406781370  2 0 AltDetFail
406781370  3 0 AltDetFail
406781370  4 0 AltDetFail
406855037  1 0 ses2MesFail
406857100  1 1 PASS
406857100  2 0 AltDetFail
406927285  1 1 PASS
406929271  1 0 ses2MesFail
406929271  2 0 ChasesFail
406929271  3 0 ses2MesFail
406929271  4 1 PASS
406929271  5 1 PASS
415030187  1 1 PASS
415733394  1 0 ses2MesFail
415733394  2 0 ChasesFail
416193155  1 0 ses2MesFail
416193373  1 0 newMesShrink
416195870  1 1 PASS
416401395  1 0 AltDetFail
416401395  2 0 AltDetFail
416401395  3 0 AltDetFail
416534903  1 1 PASS
416541087  1 0 AltDetFail
416541087  2 0 AltDetFail
416590789  1 1 PASS
417118871  1 0 AltDetFail
417118871  2 0 AltDetFail
417619051  1 1 PASS
417735733  1 0 ses2MesFail
417735733  2 1 PASS
417735733  3 0 ses2MesFail
417735733  4 0 ses2MesFail
417735733  5 1 PASS
417735733  6 0 ses2MesFail
417839354  1 1 PASS
417839594  1 0 ses2MesFail
417850378  1 1 PASS
417868110  1 0 ses2MesFail
417914043  1 1 PASS
417917644  1 0 ChasesFail
417917644  2 1 PASS
417921519  1 0 ses2MesFail
417921519  2 0 AltDetFail
417930869  1 1 PASS
417931299  1 0 ses2MesFail
417931300  1 1 PASS
417931607  1 1 PASS
417948359  1 1 PASS
417948764  1 0 newMesBelowThresh
418343229  1 0 AltDetFail
418344969  1 0 AltDetFail
418344969  2 0 AltDetFail
418348129  1 0 ses2MesFail
418348129  2 0 ses2MesFail
418348129  3 0 ses2MesFail
420107276  1 0 AltDetFail
420110967  1 1 PASS
420110967  2 0 AltDetFail
420112587  1 1 PASS
420112589  1 1 PASS
420113351  1 1 PASS
420113351  2 0 ses2MesFail
420113351  3 0 ses2MesFail
420113351  4 0 ses2MesFail
420113351  5 1 PASS
420114772  1 1 PASS
420114772  2 0 SecondaryOfPN_01
420114772  3 0 AltDetFail
420114772  4 0 AltDetFail
420114772  5 0 AltDetFail
420114772  6 0 AltDetFail
420132503  1 0 ses2MesFail
420137030  1 0 ses2MesFail
420137030  2 1 PASS
420137030  3 1 PASS
420137030  4 0 ses2MesFail
420137064  1 1 PASS
420137341  1 1 PASS
420137341  2 0 AltDetFail
420137493  1 0 AltDetFail
420137493  2 0 AltDetFail
420137493  3 0 AltDetFail
420174947  1 1 PASS
420174948  1 0 ses2MesFail
420175275  1 1 PASS
420176900  1 0 AltDetFail
420176900  2 0 AltDetFail
420302986  1 1 PASS
421334320  1 1 PASS
421334320  2 0 SecondaryOfPN_01
421334320  3 0 ses2MesFail
421334320  4 0 newMesBelowThresh
421334320  5 0 newMesBelowThresh
422828596  1 1 PASS
422828596  2 0 AltDetFail
422990441  1 1 PASS
422990441  2 0 SecondaryOfPN_01
424390417  1 1 PASS
424391134  1 1 PASS
424391516  1 1 PASS
424438640  1 1 PASS
424438640  2 0 AltDetFail
424439457  1 1 PASS
424439457  2 0 SecondaryOfPN_01
424440086  1 1 PASS
424440086  2 0 AltDetFail
424461577  1 0 AltDetFail
424463349  1 0 AltDetFail
424463349  2 0 AltDetFail
424636724  1 1 PASS
424636724  2 0 SecondaryOfPN_01
424697634  1 1 PASS
424697634  2 1 PASS
424719589  1 1 PASS
424719589  2 0 newMesShrink
424719589  3 0 ses2MesFail
424721218  1 1 PASS
424721218  2 0 ChasesFail
424721218  3 0 AltDetFail
424721218  4 0 AltDetFail
424731749  1 1 PASS
424731804  1 0 ses2MesFail
424902651  1 0 AltDetFail
424902651  2 0 AltDetFail
424902651  3 0 AltDetFail
424902651  4 0 AltDetFail
424902651  5 0 AltDetFail
428679607  1 1 PASS
430247110  1 1 PASS
441641972  1 1 PASS
441641972  2 0 SecondaryOfPN_01
441642457  1 1 PASS
441658234  1 1 PASS
441662056  1 0 ses2MesFail
441664536  1 1 PASS
441687696  1 0 AltDetFail
441687696  2 0 AltDetFail
441690583  1 1 PASS
441690583  2 0 AltDetFail
441692365  1 1 PASS
441692365  2 0 AltDetFail
441694629  1 1 PASS
441694629  2 0 SecondaryOfPN_01
441694629  3 0 ChasesFail
441701554  1 1 PASS
441702261  1 1 PASS
441702261  2 0 SecondaryOfPN_01
441711130  1 0 ses2MesFail
441716054  1 0 AltDetFail
441716054  2 0 AltDetFail
441716054  3 0 AltDetFail
441717533  1 0 ses2MesFail
441717812  1 0 ses2MesFail
441717812  2 0 ses2MesFail
441717812  3 0 ses2MesFail
441717812  4 0 ses2MesFail
441720075  1 1 PASS
441720079  1 1 PASS
441720079  2 0 AltDetFail
441721286  1 1 PASS
441722120  1 0 ChasesFail
441725813  1 0 AltDetFail
441725813  2 0 AltDetFail
441725813  3 0 AltDetFail
441725813  4 0 AltDetFail
441725813  5 0 AltDetFail
441726485  1 0 ses2MesFail
441726485  2 1 PASS
441726485  3 0 AltDetFail
441728282  1 0 ses2MesFail
441729162  1 1 PASS
441729162  2 0 AltDetFail
441729162  3 0 AltDetFail
441729162  4 0 AltDetFail
441729162  5 0 AltDetFail
441729162  6 0 AltDetFail
441730472  1 0 ChasesFail
441732151  1 1 PASS
441732151  2 0 SecondaryOfPN_01
441733141  1 1 PASS
441733141  2 0 AltDetFail
441734144  1 1 PASS
441734144  2 0 AltDetFail
441734910  1 0 ChasesFail
441734910  2 0 ses2MesFail
441734910  3 0 ses2MesFail
441734910  4 0 ChasesFail
441734910  5 0 ses2MesFail
441734910  6 0 ses2MesFail
441735934  1 1 PASS
441735934  2 0 SecondaryOfPN_01
441738827  1 1 PASS
441738827  2 1 PASS
441739020  1 1 PASS
441739020  2 1 PASS
441739153  1 1 PASS
441739153  2 0 SecondaryOfPN_01
441739153  3 0 SecondaryOfPN_01
441739153  4 0 AltDetFail
441739871  1 1 PASS
441740483  1 0 ses2MesFail
441740483  2 1 PASS
441740483  3 0 AltDetFail
441741602  1 0 AltDetFail
441742587  1 1 PASS
441761341  1 0 ChasesFail
441761341  2 1 PASS
441761546  1 1 PASS
441762590  1 0 AltDetFail
441762590  2 0 AltDetFail
441763171  1 1 PASS
441765083  1 0 AltDetFail
441765083  2 0 AltDetFail
441765083  3 0 AltDetFail
441765083  4 0 AltDetFail
441765083  5 0 AltDetFail
441765083  6 0 AltDetFail
441765914  1 1 PASS
441767480  1 0 ses2MesFail
441767480  2 0 ses2MesFail
441768062  1 1 PASS
441788616  1 1 PASS
441789799  1 0 ses2MesFail
441792937  1 0 ses2MesFail
441792937  2 0 ses2MesFail
441794179  1 0 ses2MesFail
441795882  1 1 PASS
441795882  2 0 AltDetFail
441798189  1 1 PASS
441798995  1 1 PASS
441800250  1 0 AltDetFail
441800250  2 0 AltDetFail
441800250  3 0 AltDetFail
441801911  1 1 PASS
441802347  1 0 ChasesFail
441802347  2 0 ChasesFail
441804114  1 1 PASS
441804260  1 1 PASS
441804260  2 0 AltDetFail
441804674  1 1 PASS
441804674  2 0 SecondaryOfPN_01
441804888  1 1 PASS
441804888  2 0 AltDetFail
441806298  1 1 PASS
441807376  1 0 AltDetFail
441807438  1 0 ses2MesFail
441807438  2 0 ses2MesFail
441807438  3 1 PASS
441807438  4 0 ses2MesFail
441807438  5 0 ses2MesFail
441807438  6 0 ses2MesFail
441807720  1 0 AltDetFail
441807753  1 0 AltDetFail
441807753  2 0 AltDetFail
441807753  3 0 AltDetFail
441808796  1 1 PASS
441808796  2 0 SecondaryOfPN_01
441810113  1 0 AltDetFail
444059177  1 0 ChasesFail
444063724  1 0 ses2MesFail
445805961  1 1 PASS
445829772  1 0 AltDetFail
445836238  1 1 PASS
445840930  1 0 ses2MesFail
445840930  2 0 ses2MesFail
445854352  1 1 PASS
445854727  1 1 PASS
445854727  2 0 AltDetFail
445859771  1 1 PASS
445862568  1 0 ses2MesFail
445863003  1 0 AltDetFail
445868960  1 0 ChasesFail
446169154  1 1 PASS
446175401  1 1 PASS
446175401  2 0 SecondaryOfPN_01
446175401  3 0 AltDetFail
446175401  4 0 AltDetFail
446176120  1 0 ChasesFail
456256950  1 0 AltDetFail
456256950  2 0 AltDetFail
458452691  1 0 AltDetFail
458452691  2 0 AltDetFail
458461293  1 1 PASS
458461293  2 0 SecondaryOfPN_01
458478250  1 1 PASS
458479571  1 0 ses2MesFail
458479571  2 1 PASS
458481461  1 1 PASS
458481937  1 1 PASS
458481937  2 0 AltDetFail
459182601  1 1 PASS
459192460  1 1 PASS
459192460  2 0 AltDetFail
459219842  1 1 PASS
459221499  1 0 AltDetFail
459221499  2 0 AltDetFail
459222932  1 1 PASS
459244527  1 0 AltDetFail
459244527  2 0 AltDetFail
459244527  3 0 AltDetFail
459252372  1 1 PASS
459252372  2 0 SecondaryOfPN_01
459252406  1 1 PASS
459894730  1 1 PASS
459894730  2 0 SecondaryOfPN_01
459968693  1 1 PASS
459969957  1 1 PASS
459970307  1 1 PASS
459976473  1 1 PASS
459976473  2 0 AltDetFail
459977686  1 0 ChasesFail
459977686  2 1 PASS
459978466  1 1 PASS
459978466  2 0 AltDetFail
459978466  3 0 AltDetFail
459978721  1 0 ses2MesFail
459979376  1 0 ChasesFail
459979376  2 0 ses2MesFail
459979506  1 1 PASS
459979793  1 1 PASS
459979793  2 0 AltDetFail
459981057  1 0 AltDetFail
459982629  1 0 ses2MesFail
461498341  1 0 ses2MesFail
461498341  2 0 ses2MesFail
461498341  3 0 ses2MesFail
461498341  4 0 ses2MesFail
461512871  1 0 ses2MesFail
461512871  2 0 ChasesFail
461512871  3 0 AltDetFail
461512872  1 0 newMesShrink
461512872  2 1 PASS
461512872  3 0 AltDetFail
461522596  1 0 ses2MesFail
461540466  1 1 PASS
461540602  1 0 ses2MesFail
461540602  2 0 ses2MesFail
461540602  3 0 ChasesFail
461540602  4 0 ses2MesFail
461579405  1 1 PASS
461597569  1 1 PASS
461597569  2 0 AltDetFail
462546387  1 0 AltDetFail
462573387  1 1 PASS
462573387  2 1 PASS
462616948  1 1 PASS
462616948  2 0 AltDetFail
462617334  1 0 AltDetFail
462617334  2 0 AltDetFail
462618041  1 1 PASS
462637035  1 0 AltDetFail
462637035  2 0 AltDetFail
467179528  1 1 PASS
467179528  2 1 PASS
467181063  1 1 PASS
467181063  2 0 SecondaryOfPN_01
467181409  1 1 PASS
467181409  2 0 AltDetFail
467182891  1 1 PASS
467189872  1 0 AltDetFail
467189872  2 0 AltDetFail
467189872  3 0 AltDetFail
467216653  1 0 ses2MesFail
467216653  2 0 AltDetFail
467324320  1 1 PASS
468827257  1 0 ses2MesFail
468827257  2 0 SecondaryOfPN_01
470122265  1 0 ses2MesFail
470122267  1 0 ses2MesFail
470675847  1 0 AltDetFail
470675847  2 0 AltDetFail
470675847  3 0 AltDetFail
470675847  4 0 AltDetFail
470675847  5 0 AltDetFail
470675847  6 0 AltDetFail
470677450  1 1 PASS
470677450  2 0 SecondaryOfPN_01
470679277  1 0 ses2MesFail
470679277  2 0 ses2MesFail
470679277  3 0 ChasesFail
470679985  1 0 ses2MesFail
470679985  2 0 ses2MesFail
470679985  3 1 PASS
471011825  1 1 PASS
471016680  1 0 ChasesFail
841291413  1 0 ses2MesFail
900715901  1 1 PASS
1102093577  1 0 AltDetFail
1102093577  2 0 AltDetFail
1102359033  1 1 PASS
1102432419  1 0 ses2MesFail
1102432419  2 0 ses2MesFail
1102630962  1 0 newMesBelowThresh
1271265755  1 1 PASS
1400770435  1 1 PASS
1400770435  2 0 SecondaryOfPN_01
1400807589  1 0 ses2MesFail
1401023908  1 1 PASS
1401023908  2 1 PASS
1551165177  1 1 PASS
1551345499  1 1 PASS
1551345500  1 1 PASS
1551660228  1 0 ses2MesFail
1551660228  2 1 PASS
1551660228  3 0 ses2MesFail
1551704636  1 1 PASS
1551749198  1 1 PASS
1717734760  1 1 PASS
1883519478  1 0 ses2MesFail
1883519478  2 0 ses2MesFail
1884067686  1 0 ses2MesFail
1884067686  2 0 ses2MesFail
1884067686  3 0 AltDetFail
1884067686  4 0 AltDetFail
1884091865  1 1 PASS
1884524546  1 0 newMesShrink
1884524546  2 0 ses2MesFail
1884524546  3 0 ChasesFail
1884524546  4 1 PASS
1884524546  5 0 AltDetFail
1981019656  1 0 ses2MesFail
1981303680  1 0 ses2MesFail
1981303680  2 0 ses2MesFail
1981303680  3 1 PASS
1981303680  4 1 PASS
1981303680  5 0 ses2MesFail
1981621672  1 0 ChasesFail
1981621672  2 0 AltDetFail
2023948529  1 0 ses2MesFail
