 16547672  1 0 ses2MesFail
  4133580  1 1 PASS
 16594889  1 0 ses2MesFail
  4164713  1 0 AltDetFail
  4164713  2 0 AltDetFail
 16548584  1 0 ChasesFail
  4166514  1 0 ses2MesFail
 16700335  1 1 PASS
 16700335  2 0 SecondaryOfPN_01
  4197629  1 0 ses2MesFail
  4197629  2 0 ses2MesFail
 16703161  1 1 PASS
 16703161  2 0 SecondaryOfPN_01
  4247738  1 1 PASS
 17901654  1 0 AltDetFail
 17901654  2 0 AltDetFail
  4248830  1 0 ses2MesFail
 18745943  1 1 PASS
  4297318  1 0 ChasesFail
 21266729  1 0 ses2MesFail
  4299830  1 1 PASS
 22590328  1 1 PASS
  4386949  1 0 newMesBelowThresh
 22622344  1 0 ses2MesFail
  4429921  1 0 ses2MesFail
 22622345  1 0 ses2MesFail
  9910206  1 0 ChasesFail
 23650556  1 1 PASS
 10048801  1 1 PASS
 43108090  1 0 ses2MesFail
 43108090  2 0 ses2MesFail
 10057647  1 1 PASS
 10057647  2 0 ses2MesFail
 39643723  1 0 AltDetFail
 39643723  2 0 AltDetFail
 39643723  3 0 AltDetFail
 11491822  1 1 PASS
 51234631  1 1 PASS
 11799872  1 1 PASS
 11799872  2 0 SecondaryOfPN_01
 11799872  3 1 PASS
 51238317  1 1 PASS
 11799874  1 1 PASS
 11799874  2 0 SecondaryOfPN_01
 11799874  3 0 ChasesFail
 53307637  1 0 ses2MesFail
 14336130  1 1 PASS
 55101449  1 1 PASS
 14339761  1 1 PASS
 55339898  1 1 PASS
 55339898  2 0 SecondaryOfPN_01
 15863518  1 1 PASS
 55374522  1 1 PASS
 15926938  1 1 PASS
 55529580  1 1 PASS
 55529580  2 0 AltDetFail
 16479253  1 1 PASS
 55655482  1 1 PASS
 16485009  1 1 PASS
 16485009  2 0 AltDetFail
 38215399  1 1 PASS
 38215399  2 0 SecondaryOfPN_01
 39011225  1 1 PASS
 39011225  2 0 ChasesFail
 67565466  1 1 PASS
 67926433  1 1 PASS
 67926727  1 1 PASS
 68441869  1 0 ses2MesFail
 68582245  1 0 ChasesFail
 68687000  1 1 PASS
 68800335  1 0 ses2MesFail
 68850009  1 0 ses2MesFail
 68905799  1 1 PASS
 68944843  1 1 PASS
 68944843  2 0 AltDetFail
 68945712  1 0 AltDetFail
 68981803  1 0 ses2MesFail
 70927360  1 0 AltDetFail
 70999666  1 1 PASS
 70999666  2 0 SecondaryOfPN_01
 71103363  1 1 PASS
 71103363  2 0 ses2MesFail
 71103363  3 0 SecondaryOfPN_01
 71266846  1 1 PASS
 71266846  2 0 AltDetFail
 71330078  1 1 PASS
 71330078  2 0 SecondaryOfPN_01
 71347873  1 0 ChasesFail
 71431780  1 1 PASS
 73247975  1 0 ses2MesFail
 73394282  1 1 PASS
 80882380  1 0 ses2MesFail
 80929740  1 0 ses2MesFail
 81038220  1 0 ses2MesFail
 81074456  1 1 PASS
 81103966  1 1 PASS
 81210712  1 0 ses2MesFail
 81212286  1 1 PASS
 85242435  1 1 PASS
 86232609  1 1 PASS
 86232609  2 1 PASS
 86274156  1 0 ChasesFail
 86274156  2 0 newMesBelowThresh
 86339506  1 0 ses2MesFail
 86339506  2 0 ses2MesFail
 86339506  3 0 ses2MesFail
 86339506  4 1 PASS
 86385104  1 1 PASS
 86385104  2 0 SecondaryOfPN_01
 86396382  1 1 PASS
 87206818  1 0 ses2MesFail
 88211854  1 1 PASS
 88211854  2 0 SecondaryOfPN_01
 88459699  1 0 AltDetFail
 88459699  2 0 AltDetFail
 88596652  1 0 AltDetFail
 88596652  2 0 AltDetFail
 88596652  3 0 AltDetFail
 88703412  1 1 PASS
 90935391  1 1 PASS
 90935391  2 0 ses2MesFail
 94917386  1 0 ChasesFail
 95074141  1 0 AltDetFail
 95074141  2 0 AltDetFail
 95164067  1 0 ses2MesFail
 95624755  1 0 AltDetFail
 98777070  1 0 ses2MesFail
 98974882  1 1 PASS
 98974882  2 0 SecondaryOfPN_01
 99135067  1 0 ses2MesFail
 99135781  1 1 PASS
 99135783  1 1 PASS
 99135783  2 0 SecondaryOfPN_01
 99137934  1 1 PASS
 99391575  1 1 PASS
 99430670  1 0 AltDetFail
 99430670  2 0 AltDetFail
 99430670  3 0 AltDetFail
 99571729  1 1 PASS
 99641129  1 0 AltDetFail
 99641129  2 0 AltDetFail
 99641129  3 0 AltDetFail
 99679628  1 1 PASS
 99725941  1 0 ses2MesFail
 99735262  1 0 ses2MesFail
102841799  1 1 PASS
102841799  2 0 SecondaryOfPN_01
102928809  1 1 PASS
102929927  1 1 PASS
103571388  1 1 PASS
103580569  1 0 AltDetFail
103633434  1 1 PASS
103656297  1 0 AltDetFail
103743317  1 1 PASS
103743317  2 0 SecondaryOfPN_01
103743690  1 0 AltDetFail
103743690  2 0 AltDetFail
126191604  1 0 ChasesFail
126218915  1 1 PASS
126232983  1 1 PASS
130158361  1 0 ses2MesFail
130158361  2 0 AltDetFail
130158363  1 0 ses2MesFail
130181866  1 1 PASS
130181866  2 0 ses2MesFail
130255610  1 0 ses2MesFail
137501278  1 1 PASS
137503140  1 1 PASS
137503140  2 0 SecondaryOfPN_01
138168780  1 1 PASS
138171285  1 1 PASS
138333980  1 1 PASS
138405944  1 0 newMesShrink
138438661  1 0 ses2MesFail
138440897  1 0 AltDetFail
138476641  1 1 PASS
138476641  2 0 AltDetFail
139203468  1 0 ses2MesFail
139252264  1 1 PASS
139303531  1 1 PASS
141525324  1 1 PASS
141525324  2 0 SecondaryOfPN_01
141620020  1 1 PASS
142047616  1 0 AltDetFail
142047616  2 0 AltDetFail
142090065  1 1 PASS
142100389  1 0 ses2MesFail
142117976  1 0 ses2MesFail
142154041  1 1 PASS
142154041  2 0 SecondaryOfPN_01
142155545  1 0 ses2MesFail
142155545  2 0 ses2MesFail
142201562  1 0 newMesShrink
142258314  1 1 PASS
142258314  2 0 SecondaryOfPN_01
142441910  1 1 PASS
142441910  2 0 SecondaryOfPN_01
142443425  1 1 PASS
142443425  2 0 SecondaryOfPN_01
142503130  1 0 AltDetFail
142503130  2 0 AltDetFail
142587827  1 0 AltDetFail
142588954  1 1 PASS
142618244  1 1 PASS
142618244  2 0 SecondaryOfPN_01
142783746  1 1 PASS
142783746  2 0 SecondaryOfPN_01
142864870  1 0 AltDetFail
142864870  2 0 AltDetFail
144171537  1 0 AltDetFail
144203939  1 0 ChasesFail
144208545  1 0 ses2MesFail
144208545  2 0 ChasesFail
144282524  1 0 AltDetFail
144282524  2 0 AltDetFail
147576476  1 0 AltDetFail
147610499  1 0 AltDetFail
147759431  1 0 ChasesFail
147761285  1 0 AltDetFail
147761285  2 0 AltDetFail
147806562  1 0 AltDetFail
147950620  1 1 PASS
149833117  1 1 PASS
153891668  1 0 ses2MesFail
153891668  2 0 SecondaryOfPN_01
154339226  1 0 AltDetFail
154339226  2 0 AltDetFail
154452501  1 0 ses2MesFail
154475149  1 1 PASS
154475149  2 0 AltDetFail
154511165  1 1 PASS
154511165  2 0 AltDetFail
154570928  1 0 ses2MesFail
154716798  1 1 PASS
154840461  1 1 PASS
154872375  1 1 PASS
154924886  1 0 ses2MesFail
155634533  1 0 newMesShrink
155657579  1 1 PASS
155657579  2 0 SecondaryOfPN_01
155657581  1 1 PASS
155657581  2 0 SecondaryOfPN_01
155657581  3 0 AltDetFail
155789964  1 0 ses2MesFail
155894704  1 1 PASS
155894704  2 0 AltDetFail
156169159  1 1 PASS
156169159  2 0 AltDetFail
156196475  1 0 ses2MesFail
156196475  2 0 ChasesFail
156196475  3 1 PASS
156196698  1 0 ses2MesFail
156196698  2 0 ses2MesFail
156783389  1 1 PASS
156783389  2 0 AltDetFail
156789871  1 0 newMesBelowThresh
156921656  1 1 PASS
156924740  1 1 PASS
156924741  1 1 PASS
157770450  1 0 ses2MesFail
157770450  2 0 ses2MesFail
157770450  3 0 SecondaryOfPN_01
157798407  1 0 AltDetFail
157999789  1 0 ses2MesFail
158002130  1 1 PASS
159141346  1 1 PASS
159298033  1 1 PASS
159298033  2 0 AltDetFail
159336052  1 1 PASS
159345743  1 1 PASS
159346490  1 1 PASS
159346490  2 0 AltDetFail
159464498  1 1 PASS
159503663  1 0 AltDetFail
160195393  1 0 AltDetFail
160228595  1 0 ses2MesFail
160228595  2 0 SecondaryOfPN_01
160228595  3 0 newMesShrink
160228595  4 0 AltDetFail
160268882  1 1 PASS
160297243  1 0 ChasesFail
160423353  1 0 ChasesFail
160425283  1 0 AltDetFail
160425283  2 0 AltDetFail
160472514  1 1 PASS
160472514  2 0 ChasesFail
160492551  1 0 AltDetFail
160492551  2 0 AltDetFail
160519380  1 0 AltDetFail
160519380  2 0 newMesShrink
160585813  1 1 PASS
160600404  1 0 ses2MesFail
160618494  1 1 PASS
160618494  2 0 newMesBelowThresh
160618494  3 0 newMesBelowThresh
160618494  4 0 AltDetFail
160619243  1 0 ses2MesFail
160619243  2 0 newMesShrink
160619243  3 0 ses2MesFail
165054120  1 1 PASS
165054120  2 0 SecondaryOfPN_01
165054120  3 0 AltDetFail
165054120  4 0 AltDetFail
165057648  1 1 PASS
165797593  1 1 PASS
165797593  2 0 SecondaryOfPN_01
165817854  1 0 AltDetFail
165818533  1 0 ses2MesFail
165818533  2 0 ses2MesFail
171395112  1 0 ses2MesFail
171990991  1 0 newMesBelowThresh
172030519  1 0 ChasesFail
172030519  2 0 SecondaryOfPN_01
172036040  1 0 AltDetFail
172036040  2 0 AltDetFail
172107518  1 0 ses2MesFail
172110606  1 1 PASS
172113027  1 1 PASS
172171873  1 1 PASS
172171873  2 0 SecondaryOfPN_01
172171873  3 0 ses2MesFail
172224309  1 1 PASS
172299258  1 0 ses2MesFail
172421004  1 0 ses2MesFail
172421004  2 0 AltDetFail
172421004  3 0 AltDetFail
188819782  1 0 newMesBelowThresh
189719361  1 1 PASS
189814368  1 1 PASS
189814368  2 0 SecondaryOfPN_01
190136017  1 1 PASS
190332444  1 1 PASS
191933664  1 0 ses2MesFail
191933664  2 0 newMesBelowThresh
191965113  1 0 ses2MesFail
191992218  1 0 ses2MesFail
192071095  1 1 PASS
192071095  2 0 SecondaryOfPN_01
192111972  1 0 ses2MesFail
192201543  1 1 PASS
192201543  2 0 ses2MesFail
197183006  1 0 AltDetFail
197184239  1 0 ChasesFail
198099910  1 0 newMesShrink
198212955  1 1 PASS
198236067  1 0 ses2MesFail
198242676  1 0 ses2MesFail
198242678  1 0 AltDetFail
198280388  1 0 ChasesFail
198280388  2 0 ChasesFail
198354443  1 0 AltDetFail
198354443  2 0 AltDetFail
198358825  1 0 ses2MesFail
198385324  1 0 ses2MesFail
198388252  1 0 ChasesFail
198408416  1 1 PASS
198408416  2 0 SecondaryOfPN_01
198410462  1 0 AltDetFail
198410480  1 1 PASS
198410480  2 0 SecondaryOfPN_01
198410480  3 0 AltDetFail
198457457  1 0 ses2MesFail
198457457  2 0 ChasesFail
199682037  1 0 AltDetFail
199682037  2 0 AltDetFail
199688409  1 1 PASS
199688409  2 0 AltDetFail
199688472  1 1 PASS
199709055  1 1 PASS
199716496  1 0 AltDetFail
199716496  2 0 AltDetFail
202276766  1 1 PASS
219096494  1 1 PASS
219107776  1 0 AltDetFail
219107776  2 0 AltDetFail
219109908  1 0 AltDetFail
219463771  1 0 ses2MesFail
219698776  1 1 PASS
219707463  1 1 PASS
219707931  1 1 PASS
219750638  1 0 ses2MesFail
219750638  2 0 ChasesFail
219750638  3 0 ses2MesFail
219751969  1 1 PASS
219751969  2 0 AltDetFail
219771660  1 1 PASS
219771660  2 0 SecondaryOfPN_01
219771690  1 0 ChasesFail
219790149  1 0 newMesBelowThresh
219790151  1 0 ses2MesFail
219791033  1 1 PASS
219792161  1 1 PASS
219807735  1 0 ChasesFail
219811129  1 1 PASS
219816058  1 1 PASS
219850915  1 1 PASS
219855010  1 0 ses2MesFail
219857791  1 0 ses2MesFail
219859691  1 1 PASS
219859691  2 0 AltDetFail
219882262  1 1 PASS
219900027  1 1 PASS
219900027  2 0 AltDetFail
224605072  1 0 ses2MesFail
229400643  1 0 AltDetFail
229400643  2 0 AltDetFail
229461186  1 0 ChasesFail
229461186  2 0 AltDetFail
229476285  1 1 PASS
229480487  1 1 PASS
229480487  2 1 PASS
229487733  1 1 PASS
229495981  1 1 PASS
229501295  1 0 ChasesFail
229585356  1 0 AltDetFail
229585356  2 0 AltDetFail
229585365  1 1 PASS
229585542  1 1 PASS
229614158  1 0 ses2MesFail
229640059  1 0 ChasesFail
229687624  1 0 ses2MesFail
229706827  1 0 ses2MesFail
229712257  1 0 newMesBelowThresh
229742722  1 0 ses2MesFail
229742951  1 0 ses2MesFail
229751802  1 1 PASS
229751802  2 0 AltDetFail
229770036  1 1 PASS
229771234  1 0 AltDetFail
229776076  1 0 ses2MesFail
229776076  2 0 ses2MesFail
229790589  1 0 ChasesFail
229791903  1 0 ses2MesFail
229791903  2 0 ses2MesFail
229791903  3 0 AltDetFail
229791903  4 0 AltDetFail
229793100  1 0 ses2MesFail
229913521  1 1 PASS
229914020  1 1 PASS
229914020  2 0 SecondaryOfPN_01
229914020  3 0 AltDetFail
229944188  1 1 PASS
229975095  1 1 PASS
230017324  1 1 PASS
230023734  1 1 PASS
230063769  1 1 PASS
230063769  2 0 SecondaryOfPN_01
230065962  1 1 PASS
230065962  2 0 ses2MesFail
230077015  1 0 ChasesFail
230083417  1 0 ChasesFail
230086768  1 0 ses2MesFail
230088370  1 1 PASS
230114503  1 1 PASS
230115455  1 1 PASS
230136846  1 1 PASS
230386284  1 1 PASS
230386284  2 0 AltDetFail
230386397  1 1 PASS
232540264  1 1 PASS
232612416  1 1 PASS
232628654  1 0 ses2MesFail
232629077  1 1 PASS
232629077  2 0 SecondaryOfPN_01
232634180  1 1 PASS
232634196  1 1 PASS
232634196  2 0 SecondaryOfPN_01
232634196  3 0 AltDetFail
232649837  1 0 AltDetFail
232649837  2 0 AltDetFail
232649837  3 0 AltDetFail
232985036  1 1 PASS
233080133  1 0 AltDetFail
233087860  1 1 PASS
233120979  1 1 PASS
233120979  2 0 ses2MesFail
233131533  1 0 ses2MesFail
233131533  2 0 ses2MesFail
233195058  1 1 PASS
233195058  2 0 SecondaryOfPN_01
233208885  1 1 PASS
233208885  2 0 SecondaryOfPN_01
233233639  1 0 AltDetFail
233532554  1 0 ses2MesFail
233532554  2 0 newMesBelowThresh
233532554  3 0 newMesBelowThresh
233539736  1 1 PASS
233541860  1 0 AltDetFail
233569141  1 0 ses2MesFail
233618393  1 0 ses2MesFail
233679640  1 1 PASS
233679640  2 0 SecondaryOfPN_01
233689243  1 1 PASS
233692125  1 0 ses2MesFail
233720276  1 1 PASS
233720276  2 1 PASS
233720276  3 0 AltDetFail
233735068  1 1 PASS
233738348  1 1 PASS
233745344  1 0 ChasesFail
235683377  1 1 PASS
235718636  1 0 AltDetFail
235982039  1 1 PASS
235982039  2 0 AltDetFail
235982927  1 1 PASS
235982927  2 0 AltDetFail
235982927  3 0 AltDetFail
235985439  1 1 PASS
235997676  1 0 ses2MesFail
236714379  1 1 PASS
236765401  1 0 ChasesFail
236766358  1 0 AltDetFail
236766358  2 0 AltDetFail
236776750  1 1 PASS
236776750  2 0 AltDetFail
236778955  1 0 ses2MesFail
236778955  2 1 PASS
237200747  1 1 PASS
237200747  2 0 SecondaryOfPN_01
237222539  1 0 AltDetFail
237222864  1 1 PASS
237277760  1 1 PASS
237277760  2 0 AltDetFail
239125375  1 0 ses2MesFail
239139239  1 0 ChasesFail
239142212  1 1 PASS
239149450  1 0 ses2MesFail
239154970  1 1 PASS
239154970  2 0 ses2MesFail
239183727  1 0 ses2MesFail
239186064  1 0 ChasesFail
239187696  1 1 PASS
239189669  1 0 AltDetFail
240077192  1 0 newMesShrink
240101705  1 0 ses2MesFail
240121930  1 1 PASS
240122720  1 0 AltDetFail
240145414  1 1 PASS
240154683  1 1 PASS
240155327  1 1 PASS
240155327  2 0 SecondaryOfPN_01
240168825  1 0 AltDetFail
240168825  2 0 AltDetFail
241146663  1 0 AltDetFail
241146663  2 0 AltDetFail
241225337  1 1 PASS
243316446  1 0 AltDetFail
243352373  1 0 AltDetFail
243352809  1 0 AltDetFail
252873509  1 0 ses2MesFail
252873509  2 0 ses2MesFail
252884817  1 1 PASS
252890740  1 1 PASS
252906811  1 1 PASS
252920843  1 0 ses2MesFail
252949892  1 0 AltDetFail
252951144  1 0 AltDetFail
252972335  1 1 PASS
252972335  2 0 AltDetFail
252990341  1 0 ses2MesFail
252991027  1 1 PASS
252994085  1 0 AltDetFail
252994085  2 0 AltDetFail
252994085  3 0 AltDetFail
253009271  1 1 PASS
253011416  1 1 PASS
256298934  1 0 AltDetFail
256298934  2 0 AltDetFail
256771035  1 0 AltDetFail
257023157  1 1 PASS
257023157  2 0 AltDetFail
257048637  1 0 ses2MesFail
257048642  1 0 ChasesFail
257241363  1 1 PASS
258288898  1 1 PASS
258351350  1 1 PASS
258771803  1 1 PASS
258773798  1 0 AltDetFail
258777137  1 1 PASS
258799793  1 0 AltDetFail
258799793  2 0 AltDetFail
258799793  3 0 AltDetFail
259006174  1 1 PASS
259006185  1 1 PASS
259006185  2 0 SecondaryOfPN_01
259126645  1 1 PASS
259126645  2 0 newMesShrink
259126645  3 0 newMesBelowThresh
259126645  4 0 newMesBelowThresh
263635510  1 1 PASS
263968694  1 0 ses2MesFail
263968694  2 0 AltDetFail
263968694  3 0 AltDetFail
264052522  1 0 newMesShrink
264678534  1 1 PASS
267543197  1 0 ses2MesFail
267543197  2 1 PASS
267808239  1 0 ChasesFail
267808239  2 0 ChasesFail
267808239  3 1 PASS
268334473  1 1 PASS
268403738  1 1 PASS
268404844  1 0 ses2MesFail
268404844  2 0 SecondaryOfPN_01
269696438  1 1 PASS
269698422  1 1 PASS
270491865  1 0 AltDetFail
272650576  1 1 PASS
272781956  1 0 ses2MesFail
272785770  1 0 ses2MesFail
272785770  2 1 PASS
274216682  1 0 ChasesFail
274216682  2 0 ses2MesFail
274575202  1 1 PASS
274575202  2 0 SecondaryOfPN_01
275578320  1 0 ses2MesFail
275633324  1 1 PASS
276252961  1 0 newMesShrink
276252961  2 0 SecondaryOfPN_01
280031832  1 1 PASS
280033918  1 0 AltDetFail
280033934  1 0 ChasesFail
284358867  1 0 ses2MesFail
284364590  1 0 ses2MesFail
284461108  1 1 PASS
284461108  2 0 AltDetFail
284890361  1 0 AltDetFail
284891601  1 1 PASS
284891601  2 0 AltDetFail
285048486  1 1 PASS
286870912  1 1 PASS
286917658  1 1 PASS
286917658  2 0 AltDetFail
287085893  1 0 AltDetFail
287085893  2 0 AltDetFail
287086786  1 0 ChasesFail
287151976  1 1 PASS
287151976  2 0 ses2MesFail
288132261  1 1 PASS
288312840  1 1 PASS
288312840  2 0 SecondaryOfPN_01
288312840  3 0 AltDetFail
288317543  1 1 PASS
288317543  2 0 SecondaryOfPN_01
288346083  1 0 ses2MesFail
288391801  1 0 ChasesFail
288471108  1 1 PASS
288471108  2 0 SecondaryOfPN_01
288507910  1 1 PASS
288517585  1 0 ChasesFail
288634843  1 0 ses2MesFail
288734641  1 0 ChasesFail
288735205  1 1 PASS
288979840  1 1 PASS
288979840  2 0 SecondaryOfPN_01
289040091  1 0 ses2MesFail
289040470  1 0 ChasesFail
289830925  1 0 AltDetFail
289949453  1 1 PASS
289969374  1 0 AltDetFail
289969374  2 0 AltDetFail
289970992  1 1 PASS
293617835  1 1 PASS
298363685  1 0 ses2MesFail
298363685  2 1 PASS
298665328  1 1 PASS
298666271  1 0 AltDetFail
298666530  1 1 PASS
298734307  1 0 AltDetFail
298734307  2 0 AltDetFail
302426993  1 1 PASS
302819279  1 0 ChasesFail
302908037  1 0 AltDetFail
303255899  1 1 PASS
306301020  1 0 ses2MesFail
306301020  2 0 ses2MesFail
307757953  1 0 ChasesFail
307774860  1 0 AltDetFail
307986889  1 0 ses2MesFail
307986891  1 0 ChasesFail
309515086  1 0 AltDetFail
312865025  1 0 ses2MesFail
312865025  2 0 SecondaryOfPN_01
312865025  3 0 AltDetFail
313193981  1 0 ses2MesFail
313244303  1 0 AltDetFail
318022259  1 0 ses2MesFail
318022259  2 1 PASS
318067171  1 1 PASS
318067171  2 0 SecondaryOfPN_01
318070303  1 0 ses2MesFail
320323992  1 0 AltDetFail
321340546  1 1 PASS
322549898  1 1 PASS
322549898  2 0 ses2MesFail
322549898  3 0 AltDetFail
322578865  1 0 AltDetFail
322578865  2 0 AltDetFail
322716990  1 0 ses2MesFail
329000598  1 1 PASS
329246824  1 1 PASS
329246824  2 0 AltDetFail
329248002  1 1 PASS
332207522  1 0 ses2MesFail
333792984  1 1 PASS
333792986  1 1 PASS
334780068  1 0 ses2MesFail
335564109  1 1 PASS
346435387  1 0 ses2MesFail
349827430  1 1 PASS
353780788  1 0 AltDetFail
353780788  2 0 AltDetFail
353854078  1 0 ChasesFail
353854078  2 0 SecondaryOfPN_01
353854078  3 0 SecondaryOfPN_01
353854078  4 0 SecondaryOfPN_01
353871717  1 1 PASS
353871717  2 0 AltDetFail
353894978  1 0 ses2MesFail
353898013  1 0 ses2MesFail
353939279  1 1 PASS
353939279  2 0 SecondaryOfPN_01
353939279  3 0 SecondaryOfPN_01
353939279  4 0 SecondaryOfPN_01
353989471  1 1 PASS
355711221  1 0 AltDetFail
355711221  2 0 AltDetFail
355713081  1 0 ses2MesFail
355978205  1 1 PASS
356015357  1 1 PASS
356015357  2 0 SecondaryOfPN_01
356015361  1 1 PASS
356015361  2 0 SecondaryOfPN_01
356109646  1 1 PASS
356473029  1 1 PASS
356473034  1 1 PASS
356630364  1 0 AltDetFail
356701798  1 1 PASS
356701798  2 0 AltDetFail
356820646  1 1 PASS
356820646  2 0 AltDetFail
356867115  1 1 PASS
356896550  1 0 AltDetFail
356896561  1 0 ses2MesFail
357031563  1 0 ses2MesFail
357111084  1 0 AltDetFail
357111084  2 0 AltDetFail
358017960  1 0 AltDetFail
358018612  1 1 PASS
358018612  2 0 SecondaryOfPN_01
358613523  1 1 PASS
358613523  2 0 SecondaryOfPN_01
358613523  3 0 AltDetFail
359497418  1 1 PASS
359497418  2 0 SecondaryOfPN_01
359552377  1 1 PASS
359552377  2 0 SecondaryOfPN_01
359631482  1 0 AltDetFail
359631482  2 0 AltDetFail
359631482  3 0 AltDetFail
359675849  1 1 PASS
359675849  2 0 SecondaryOfPN_01
359676320  1 0 AltDetFail
359677968  1 0 ses2MesFail
359677968  2 0 SecondaryOfPN_01
359678111  1 1 PASS
360020620  1 0 ses2MesFail
360020620  2 0 ChasesFail
361983224  1 0 ses2MesFail
362259855  1 0 AltDetFail
364120439  1 1 PASS
365936982  1 0 ses2MesFail
365936982  2 0 SecondaryOfPN_01
366488318  1 0 AltDetFail
366488770  1 0 AltDetFail
366488770  2 0 AltDetFail
366517337  1 1 PASS
366517337  2 0 SecondaryOfPN_01
366517337  3 0 AltDetFail
366517381  1 1 PASS
366517381  2 0 SecondaryOfPN_01
367681735  1 0 AltDetFail
367838785  1 1 PASS
368779536  1 0 ses2MesFail
368779536  2 0 SecondaryOfPN_01
368822203  1 0 ChasesFail
371165722  1 1 PASS
371207520  1 0 ses2MesFail
371208302  1 0 AltDetFail
371208302  2 0 AltDetFail
371234684  1 1 PASS
371706494  1 0 ses2MesFail
371706494  2 0 ses2MesFail
372758722  1 1 PASS
372758722  2 0 SecondaryOfPN_01
372759279  1 1 PASS
372759279  2 0 SecondaryOfPN_01
376589519  1 0 AltDetFail
376593757  1 0 AltDetFail
376593757  2 0 AltDetFail
376595143  1 0 ses2MesFail
376595143  2 0 ses2MesFail
376595143  3 0 ses2MesFail
377053424  1 1 PASS
377190161  1 1 PASS
377190161  2 0 newMesBelowThresh
377192659  1 1 PASS
377192659  2 0 AltDetFail
377251803  1 0 AltDetFail
377251803  2 0 AltDetFail
377251803  3 0 AltDetFail
377253090  1 0 AltDetFail
377253090  2 0 AltDetFail
377307592  1 1 PASS
377307592  2 0 ses2MesFail
383676981  1 1 PASS
389773936  1 0 AltDetFail
389773936  2 0 AltDetFail
389916225  1 1 PASS
389916225  2 0 SecondaryOfPN_01
389917321  1 0 ChasesFail
390021728  1 0 AltDetFail
392068173  1 1 PASS
392071108  1 0 ses2MesFail
392536805  1 1 PASS
392536812  1 0 AltDetFail
392536812  2 0 AltDetFail
392536812  3 0 AltDetFail
392536812  4 0 AltDetFail
394030788  1 0 ses2MesFail
396740648  1 1 PASS
397100292  1 1 PASS
397100292  2 0 SecondaryOfPN_01
397184624  1 1 PASS
397184624  2 0 ses2MesFail
397184624  3 0 AltDetFail
397184624  4 0 AltDetFail
399788405  1 0 AltDetFail
399788405  2 0 AltDetFail
399962207  1 0 AltDetFail
399962207  2 0 AltDetFail
399962207  3 0 AltDetFail
400472941  1 0 ChasesFail
400621146  1 1 PASS
400622127  1 0 ChasesFail
400636344  1 0 ses2MesFail
401532771  1 0 ses2MesFail
409310305  1 1 PASS
416195870  1 1 PASS
418343229  1 0 AltDetFail
418344969  1 1 PASS
418348129  1 0 ses2MesFail
420110967  1 1 PASS
420114772  1 1 PASS
420114772  2 0 SecondaryOfPN_01
420137030  1 0 ses2MesFail
420137341  1 1 PASS
420137341  2 0 AltDetFail
421334320  1 1 PASS
421334320  2 0 SecondaryOfPN_01
424439457  1 1 PASS
424439457  2 0 SecondaryOfPN_01
424461577  1 0 ses2MesFail
424461577  2 0 AltDetFail
424636724  1 1 PASS
424636724  2 0 SecondaryOfPN_01
424697634  1 0 ChasesFail
424721218  1 0 AltDetFail
424721218  2 0 AltDetFail
426643322  1 0 ses2MesFail
428679607  1 1 PASS
428863377  1 0 ses2MesFail
441567967  1 1 PASS
441576196  1 0 newMesBelowThresh
441579354  1 0 ses2MesFail
441584047  1 1 PASS
441602378  1 1 PASS
441602378  2 0 SecondaryOfPN_01
441606549  1 0 newMesBelowThresh
441606549  2 0 ses2MesFail
441608578  1 1 PASS
441608578  2 0 SecondaryOfPN_01
441611279  1 0 ses2MesFail
441613385  1 0 AltDetFail
441619744  1 0 AltDetFail
441619744  2 0 AltDetFail
441717812  1 0 ses2MesFail
441732151  1 1 PASS
441734910  1 0 ses2MesFail
441739153  1 1 PASS
441739153  2 0 ses2MesFail
441802347  1 0 ses2MesFail
441804888  1 1 PASS
441807438  1 0 ChasesFail
441807438  2 1 PASS
441808796  1 1 PASS
444935883  1 0 ChasesFail
444995332  1 0 newMesBelowThresh
445030869  1 1 PASS
445030869  2 0 SecondaryOfPN_01
445069009  1 0 AltDetFail
445069009  2 0 AltDetFail
445805961  1 0 ses2MesFail
456260074  1 0 ses2MesFail
456260162  1 1 PASS
456263109  1 1 PASS
456263109  2 0 ChasesFail
456263109  3 0 AltDetFail
456275303  1 0 ses2MesFail
456307173  1 0 AltDetFail
456307422  1 1 PASS
457100137  1 0 ses2MesFail
457127187  1 1 PASS
457127187  2 0 ses2MesFail
458387660  1 1 PASS
458387660  2 0 SecondaryOfPN_01
458461293  1 1 PASS
459192460  1 0 AltDetFail
459758530  1 1 PASS
459758530  2 1 PASS
459758767  1 0 AltDetFail
459894730  1 1 PASS
459969957  1 1 PASS
459978466  1 0 AltDetFail
461498341  1 0 ses2MesFail
461498341  2 1 PASS
461498341  3 0 ses2MesFail
461498341  4 0 ses2MesFail
461512872  1 0 newMesBelowThresh
461540602  1 0 ChasesFail
461540602  2 0 ses2MesFail
461579405  1 1 PASS
461634737  1 1 PASS
461654150  1 0 ses2MesFail
461662295  1 0 ses2MesFail
461662295  2 1 PASS
461662516  1 1 PASS
461662516  2 0 ChasesFail
461662516  3 0 AltDetFail
462637035  1 1 PASS
462637035  2 0 SecondaryOfPN_01
467181063  1 1 PASS
468827257  1 1 PASS
470122265  1 0 ChasesFail
470677450  1 1 PASS
470677450  2 0 SecondaryOfPN_01
470679277  1 1 PASS
470679277  2 0 ses2MesFail
470679985  1 0 ChasesFail
470949993  1 0 AltDetFail
470951154  1 1 PASS
470966839  1 1 PASS
470966839  2 0 newMesBelowThresh
470975994  1 1 PASS
470975994  2 0 SecondaryOfPN_01
470987100  1 1 PASS
704044071  1 0 ses2MesFail
742037143  1 1 PASS
742037143  2 0 SecondaryOfPN_01
743051939  1 1 PASS
802001001  1 0 AltDetFail
802015620  1 1 PASS
802663625  1 0 AltDetFail
1400770435  1 1 PASS
1400770435  2 0 SecondaryOfPN_01
1551345499  1 0 ses2MesFail
1551345500  1 0 ses2MesFail
1551660228  1 1 PASS
1884091865  1 1 PASS
1981303680  1 0 ses2MesFail
1981303680  2 0 ses2MesFail
2023948529  1 0 ses2MesFail
