235996401  1 1 PASS
235996401  2 0 SecondaryOfPN_01
1684935059  1 0 AltDetFail
229675969  1 0 ses2MesFail
329349834  1 0 ChasesFail
329349834  2 0 SecondaryOfPN_01
138351298  1 0 ses2MesFail
233574062  1 0 AltDetFail
233574062  2 0 AltDetFail
237116860  1 1 PASS
284563930  1 1 PASS
422987634  1 1 PASS
 76346032  1 1 PASS
298734307  1 0 AltDetFail
298734307  2 0 AltDetFail
137421594  1 0 ses2MesFail
263968694  1 0 ses2MesFail
263968694  2 1 PASS
230016502  1 1 PASS
 63071165  1 1 PASS
 63071165  2 0 SecondaryOfPN_01
230061567  1 0 AltDetFail
159441328  1 0 ses2MesFail
121085386  1 1 PASS
121085386  2 0 newMesShrink
 48504442  1 1 PASS
376997143  1 1 PASS
158728853  1 1 PASS
193867475  1 1 PASS
229910746  1 1 PASS
198390707  1 0 AltDetFail
198390707  2 0 AltDetFail
357224279  1 0 AltDetFail
378159598  1 1 PASS
219850915  1 1 PASS
395762512  1 1 PASS
198207741  1 1 PASS
198207741  2 0 ses2MesFail
154457292  1 1 PASS
154457292  2 0 SecondaryOfPN_01
137903329  1 1 PASS
160585813  1 1 PASS
270704947  1 0 newMesShrink
407322489  1 1 PASS
 63291675  1 1 PASS
 63291675  2 0 SecondaryOfPN_01
 63291675  3 1 PASS
359631482  1 0 AltDetFail
359631482  2 0 AltDetFail
359631482  3 0 AltDetFail
1271222838  1 1 PASS
198382838  1 0 ses2MesFail
313807671  1 1 PASS
313807671  2 0 SecondaryOfPN_01
356896561  1 0 ses2MesFail
123495874  1 0 ses2MesFail
123495874  2 0 ses2MesFail
103633434  1 1 PASS
 48357756  1 1 PASS
 48357756  2 0 AltDetFail
366517337  1 0 ses2MesFail
366517337  2 0 newMesShrink
142441910  1 1 PASS
142441910  2 0 SecondaryOfPN_01
259126549  1 1 PASS
122603455  1 1 PASS
 48450535  1 1 PASS
 48450535  2 0 SecondaryOfPN_01
235982927  1 1 PASS
229949340  1 0 ChasesFail
 70736188  1 0 AltDetFail
 70736188  2 0 AltDetFail
159762672  1 0 ses2MesFail
1102578696  1 0 newMesBelowThresh
1102578696  2 0 ses2MesFail
263931812  1 1 PASS
158660631  1 1 PASS
158660631  2 0 AltDetFail
154840461  1 1 PASS
233738458  1 1 PASS
230375747  1 1 PASS
441734144  1 0 ses2MesFail
441734144  2 0 ses2MesFail
233161762  1 0 ses2MesFail
403787892  1 1 PASS
359675849  1 1 PASS
359675849  2 0 SecondaryOfPN_01
359675849  3 0 ses2MesFail
154872375  1 1 PASS
165502521  1 1 PASS
165502521  2 0 SecondaryOfPN_01
230065962  1 1 PASS
230065962  2 0 ses2MesFail
230017778  1 1 PASS
230017778  2 0 AltDetFail
353420958  1 1 PASS
353420958  2 0 AltDetFail
233195052  1 1 PASS
135521610  1 1 PASS
135521610  2 0 newMesShrink
158389967  1 0 AltDetFail
158389967  2 0 AltDetFail
462762160  1 1 PASS
193869952  1 1 PASS
193869952  2 0 ChasesFail
351667692  1 1 PASS
351667692  2 0 SecondaryOfPN_01
351667692  3 0 AltDetFail
233735068  1 1 PASS
229790769  1 1 PASS
103751550  1 1 PASS
103751550  2 0 SecondaryOfPN_01
233738472  1 1 PASS
326257590  1 0 ses2MesFail
326257590  2 1 PASS
326257590  3 0 SecondaryOfPN_02
326257590  4 0 SecondaryOfPN_02
 27695676  1 1 PASS
233660053  1 1 PASS
233660053  2 1 PASS
229581160  1 1 PASS
154927364  1 1 PASS
120684604  1 0 AltDetFail
219779130  1 0 ses2MesFail
298969838  1 1 PASS
160228595  1 0 ses2MesFail
160228595  2 0 ses2MesFail
160228595  3 0 newMesShrink
147950620  1 1 PASS
271158877  1 0 AltDetFail
271158877  2 0 AltDetFail
159721038  1 0 ses2MesFail
154492432  1 0 ses2MesFail
 69199037  1 0 newMesShrink
420110967  1 1 PASS
299096355  1 0 ses2MesFail
235594330  1 1 PASS
116159262  1 1 PASS
356701798  1 0 ses2MesFail
356701798  2 0 AltDetFail
198516320  1 0 ses2MesFail
229609445  1 0 ses2MesFail
243335710  1 1 PASS
258402425  1 1 PASS
353011257  1 0 ChasesFail
353011257  2 0 ChasesFail
353011257  3 0 ses2MesFail
164674992  1 0 ses2MesFail
164674992  2 0 newMesShrink
 75627148  1 1 PASS
 75627148  2 0 AltDetFail
394546184  1 1 PASS
236714379  1 1 PASS
165531514  1 1 PASS
270615728  1 0 newMesShrink
110428269  1 1 PASS
219750638  1 0 ses2MesFail
219750638  2 0 ses2MesFail
237130278  1 0 AltDetFail
272758199  1 1 PASS
219698776  1 1 PASS
  7548817  1 1 PASS
336561759  1 0 ses2MesFail
336561759  2 0 ses2MesFail
258918835  1 1 PASS
 75961510  1 0 AltDetFail
281948821  1 0 AltDetFail
281948821  2 0 AltDetFail
120314783  1 1 PASS
237107215  1 1 PASS
237107215  2 0 SecondaryOfPN_01
138887802  1 0 AltDetFail
138887802  2 0 AltDetFail
377190161  1 0 ses2MesFail
377190161  2 0 AltDetFail
284692897  1 0 AltDetFail
 26880783  1 1 PASS
416195870  1 1 PASS
  8182781  1 1 PASS
376067182  1 1 PASS
376067182  2 0 SecondaryOfPN_01
342025025  1 1 PASS
342025025  2 0 AltDetFail
342025025  3 0 AltDetFail
1713419350  1 0 AltDetFail
377307592  1 0 ses2MesFail
377307592  2 0 SecondaryOfPN_01
235671111  1 1 PASS
237108542  1 0 ses2MesFail
 30329585  1 1 PASS
120960812  1 1 PASS
  7676606  1 1 PASS
289325437  1 0 AltDetFail
289325437  2 0 AltDetFail
446158352  1 1 PASS
272781956  1 0 ses2MesFail
272781956  2 0 newMesShrink
272781956  3 0 AltDetFail
159742538  1 1 PASS
142784687  1 1 PASS
123499478  1 0 ses2MesFail
123499478  2 0 AltDetFail
120826158  1 1 PASS
120826158  2 1 PASS
364075352  1 0 ses2MesFail
402656199  1 0 AltDetFail
229778990  1 1 PASS
288878839  1 1 PASS
288878839  2 0 SecondaryOfPN_01
445805961  1 0 ses2MesFail
418348129  1 0 ses2MesFail
230088370  1 1 PASS
229740848  1 1 PASS
230007816  1 1 PASS
 48220551  1 1 PASS
359631418  1 1 PASS
359631418  2 0 AltDetFail
110981024  1 1 PASS
110981024  2 0 SecondaryOfPN_01
350987976  1 0 AltDetFail
150355581  1 0 AltDetFail
 63007010  1 1 PASS
198242676  1 0 ses2MesFail
198242676  2 0 ses2MesFail
198242676  3 0 ses2MesFail
290035575  1 1 PASS
290035575  2 0 AltDetFail
164524541  1 0 AltDetFail
229495981  1 1 PASS
224595426  1 1 PASS
224595426  2 0 SecondaryOfPN_01
164558072  1 0 ses2MesFail
121124090  1 1 PASS
198362099  1 0 ses2MesFail
147940645  1 1 PASS
 75878355  1 1 PASS
160162930  1 0 ses2MesFail
232982938  1 1 PASS
243319567  1 0 AltDetFail
243319567  2 0 AltDetFail
122220263  1 1 PASS
271763138  1 0 ses2MesFail
278846880  1 1 PASS
159720778  1 1 PASS
159720778  2 0 SecondaryOfPN_01
142100389  1 0 AltDetFail
142100389  2 1 PASS
461601415  1 0 ses2MesFail
1715469667  1 1 PASS
233496577  1 0 ses2MesFail
233746932  1 1 PASS
233746932  2 0 SecondaryOfPN_01
 22233480  1 1 PASS
202277216  1 1 PASS
202277216  2 0 SecondaryOfPN_01
219898294  1 0 ses2MesFail
441808796  1 1 PASS
441808796  2 0 SecondaryOfPN_01
230298837  1 0 AltDetFail
219859691  1 0 newMesShrink
219859691  2 0 AltDetFail
193601021  1 0 ses2MesFail
121275868  1 1 PASS
1718312312  1 0 ses2MesFail
219900027  1 0 ses2MesFail
219900027  2 0 AltDetFail
158218818  1 0 ses2MesFail
158218818  2 0 AltDetFail
317170031  1 0 ses2MesFail
317170031  2 0 SecondaryOfPN_01
164463075  1 0 ses2MesFail
164463075  2 0 ChasesFail
164457525  1 0 ses2MesFail
289456142  1 1 PASS
229771234  1 0 AltDetFail
229771234  2 0 AltDetFail
159050047  1 1 PASS
287151976  1 1 PASS
394179296  1 0 ses2MesFail
394179296  2 0 SecondaryOfPN_01
394179296  3 0 AltDetFail
1718047913  1 1 PASS
320798691  1 1 PASS
230389303  1 1 PASS
157423688  1 0 AltDetFail
157423688  2 0 AltDetFail
 50170202  1 0 AltDetFail
1102501819  1 0 AltDetFail
1102501819  2 0 AltDetFail
 73560357  1 1 PASS
1716020176  1 0 ses2MesFail
1716020176  2 0 ses2MesFail
1716020176  3 0 AltDetFail
1716020176  4 0 AltDetFail
 72768003  1 0 ses2MesFail
 72768003  2 1 PASS
 72768003  3 0 AltDetFail
229650995  1 0 ses2MesFail
160195393  1 0 AltDetFail
121124597  1 0 ses2MesFail
357498249  1 0 ChasesFail
233720539  1 1 PASS
321668398  1 1 PASS
235735125  1 1 PASS
235735125  2 0 SecondaryOfPN_01
1684897611  1 0 AltDetFail
266523981  1 0 ses2MesFail
266523981  2 0 SecondaryOfPN_01
121543131  1 1 PASS
235905185  1 1 PASS
141536352  1 0 ses2MesFail
 86385104  1 1 PASS
 86385104  2 0 SecondaryOfPN_01
397184624  1 1 PASS
397184624  2 0 SecondaryOfPN_01
286585105  1 0 AltDetFail
160603897  1 1 PASS
160603897  2 0 SecondaryOfPN_01
160603897  3 0 AltDetFail
160603897  4 0 AltDetFail
219851943  1 0 AltDetFail
219851943  2 0 AltDetFail
158431889  1 0 AltDetFail
158431889  2 0 AltDetFail
462715106  1 1 PASS
462715106  2 0 AltDetFail
159580213  1 1 PASS
159580213  2 0 AltDetFail
394030788  1 0 ses2MesFail
394030788  2 0 ses2MesFail
358147674  1 1 PASS
358147674  2 0 ses2MesFail
166455822  1 1 PASS
366488318  1 1 PASS
366488318  2 0 AltDetFail
366488318  3 0 AltDetFail
230327117  1 1 PASS
406880048  1 0 ses2MesFail
138969270  1 1 PASS
 21016045  1 1 PASS
371706494  1 1 PASS
371706494  2 0 SecondaryOfPN_01
258920431  1 1 PASS
236771723  1 0 ses2MesFail
198388252  1 0 ses2MesFail
198388252  2 0 ses2MesFail
198388252  3 0 AltDetFail
389916225  1 0 ses2MesFail
389916225  2 0 ses2MesFail
389916225  3 0 AltDetFail
121660904  1 1 PASS
 69679391  1 1 PASS
441734910  1 0 ses2MesFail
229461186  1 0 AltDetFail
164527723  1 1 PASS
164527723  2 0 SecondaryOfPN_01
103656470  1 0 ses2MesFail
116242971  1 1 PASS
233188747  1 1 PASS
1715579398  1 0 ChasesFail
233080133  1 0 AltDetFail
376847633  1 1 PASS
158241252  1 1 PASS
158241252  2 1 PASS
389773936  1 0 AltDetFail
121121622  1 0 ses2MesFail
237205154  1 1 PASS
 63451547  1 1 PASS
 63451547  2 0 AltDetFail
 63451547  3 0 AltDetFail
 40864340  1 1 PASS
232643392  1 1 PASS
232643392  2 0 SecondaryOfPN_01
103751498  1 1 PASS
 26656591  1 0 newMesShrink
 26656591  2 0 AltDetFail
214808877  1 0 ChasesFail
258776281  1 0 AltDetFail
258776281  2 0 AltDetFail
 23059280  1 1 PASS
 20688004  1 1 PASS
 20688004  2 0 AltDetFail
378556824  1 1 PASS
378556824  2 0 SecondaryOfPN_01
459969957  1 0 ses2MesFail
459915346  1 1 PASS
459915346  2 0 SecondaryOfPN_01
 24255788  1 0 AltDetFail
164784457  1 0 ses2MesFail
164784457  2 0 newMesShrink
164784457  3 0 AltDetFail
356345502  1 1 PASS
356345502  2 0 AltDetFail
 27843942  1 0 ses2MesFail
 27843942  2 0 AltDetFail
112857453  1 1 PASS
112857453  2 0 SecondaryOfPN_01
150260372  1 1 PASS
350995812  1 1 PASS
233576872  1 1 PASS
233576872  2 0 SecondaryOfPN_01
164892194  1 1 PASS
141525324  1 1 PASS
141525324  2 0 SecondaryOfPN_01
141525324  3 0 AltDetFail
369922223  1 1 PASS
369922223  2 0 SecondaryOfPN_01
369922223  3 0 AltDetFail
137551461  1 0 AltDetFail
121122016  1 1 PASS
353650675  1 0 ses2MesFail
353650675  2 0 AltDetFail
229910234  1 0 ses2MesFail
424723563  1 0 ses2MesFail
424723563  2 0 ses2MesFail
424723563  3 0 AltDetFail
156169159  1 1 PASS
156169159  2 0 AltDetFail
160268701  1 1 PASS
399952805  1 1 PASS
743685111  1 0 ses2MesFail
271876934  1 1 PASS
233497719  1 1 PASS
159332859  1 1 PASS
298781653  1 0 ses2MesFail
400105121  1 0 ses2MesFail
400105121  2 1 PASS
284482112  1 0 ses2MesFail
284482112  2 0 ses2MesFail
258826816  1 0 ses2MesFail
422990441  1 0 ChasesFail
417734868  1 1 PASS
264052522  1 0 ses2MesFail
270698296  1 0 AltDetFail
229742425  1 0 ses2MesFail
229742425  2 0 ses2MesFail
229742425  3 0 AltDetFail
229742425  4 0 AltDetFail
150844152  1 1 PASS
441809977  1 1 PASS
441809977  2 0 SecondaryOfPN_01
441809977  3 0 AltDetFail
423367460  1 1 PASS
423367460  2 0 AltDetFail
123446661  1 1 PASS
229616860  1 1 PASS
229616860  2 0 SecondaryOfPN_01
377296926  1 0 AltDetFail
377296926  2 0 AltDetFail
 69546708  1 0 ses2MesFail
 69546708  2 0 ses2MesFail
 69546708  3 0 AltDetFail
 69546708  4 0 AltDetFail
 23124237  1 0 ses2MesFail
142865103  1 1 PASS
394050135  1 1 PASS
299219025  1 0 ses2MesFail
299090106  1 1 PASS
 10467747  1 0 newMesShrink
 10467747  2 0 AltDetFail
320802690  1 1 PASS
 40367646  1 0 AltDetFail
 40367646  2 0 AltDetFail
229510866  1 1 PASS
122304858  1 1 PASS
120826084  1 1 PASS
311236477  1 1 PASS
356150515  1 0 ses2MesFail
356150515  2 0 AltDetFail
198420098  1 1 PASS
329349321  1 0 AltDetFail
329349321  2 0 AltDetFail
123201494  1 0 AltDetFail
233546272  1 1 PASS
233546272  2 0 SecondaryOfPN_01
229914020  1 1 PASS
229914020  2 0 SecondaryOfPN_01
229914020  3 0 AltDetFail
229914020  4 0 AltDetFail
164552564  1 1 PASS
164552564  2 0 SecondaryOfPN_01
243318316  1 1 PASS
243318316  2 0 SecondaryOfPN_01
233721173  1 0 AltDetFail
233721173  2 0 AltDetFail
 22371669  1 1 PASS
 22371669  2 0 AltDetFail
 29706981  1 0 AltDetFail
138571095  1 0 AltDetFail
164781045  1 0 ses2MesFail
164781045  2 0 AltDetFail
  8267970  1 1 PASS
121460104  1 1 PASS
166336565  1 1 PASS
154511165  1 0 ses2MesFail
154511165  2 0 AltDetFail
154716798  1 1 PASS
366488770  1 1 PASS
372692375  1 0 ses2MesFail
336128819  1 1 PASS
229647209  1 0 newMesBelowThresh
229647209  2 0 ChasesFail
229647209  3 0 ses2MesFail
188600399  1 0 ChasesFail
358019276  1 1 PASS
358019276  2 0 SecondaryOfPN_01
232637510  1 1 PASS
362259855  1 0 AltDetFail
159442367  1 1 PASS
159442367  2 0 SecondaryOfPN_01
159442367  3 0 AltDetFail
420113351  1 0 ChasesFail
229979731  1 1 PASS
229979731  2 0 ses2MesFail
 71330078  1 1 PASS
 71330078  2 0 SecondaryOfPN_01
224605072  1 0 ses2MesFail
421308357  1 0 ses2MesFail
284461108  1 0 AltDetFail
284461108  2 0 AltDetFail
229585365  1 1 PASS
 76140400  1 1 PASS
157586003  1 1 PASS
121119758  1 0 ses2MesFail
121119758  2 0 AltDetFail
258918831  1 1 PASS
258918831  2 0 SecondaryOfPN_01
229712257  1 0 ChasesFail
288601847  1 1 PASS
1717732425  1 1 PASS
1717732425  2 0 ses2MesFail
157892330  1 0 ses2MesFail
  8516795  1 1 PASS
 10581605  1 1 PASS
288185138  1 1 PASS
268318342  1 0 ses2MesFail
232634196  1 0 ses2MesFail
232634196  2 0 AltDetFail
156462488  1 1 PASS
198410462  1 0 ses2MesFail
392536805  1 1 PASS
271254534  1 1 PASS
158387012  1 1 PASS
341630071  1 0 ses2MesFail
441602378  1 1 PASS
441602378  2 0 SecondaryOfPN_01
360029466  1 1 PASS
142090065  1 1 PASS
142491764  1 0 ses2MesFail
150256617  1 1 PASS
121945407  1 0 AltDetFail
121945407  2 0 AltDetFail
139157437  1 1 PASS
120043638  1 1 PASS
362187226  1 1 PASS
362187226  2 0 AltDetFail
417735733  1 0 newMesShrink
236763903  1 0 ses2MesFail
1884546500  1 0 ses2MesFail
188635466  1 0 AltDetFail
188635466  2 0 AltDetFail
270404572  1 1 PASS
233496435  1 1 PASS
138480556  1 1 PASS
138480556  2 0 AltDetFail
1102683254  1 0 AltDetFail
 27312189  1 1 PASS
 27312189  2 0 SecondaryOfPN_01
365937983  1 1 PASS
 26489709  1 0 ses2MesFail
 27316805  1 0 ChasesFail
313027310  1 0 ses2MesFail
313027310  2 0 newMesShrink
121468261  1 0 ses2MesFail
287085893  1 1 PASS
287085893  2 0 SecondaryOfPN_01
287085893  3 0 AltDetFail
  9313696  1 1 PASS
 26656583  1 0 ses2MesFail
 26656583  2 0 AltDetFail
229913521  1 1 PASS
 27774415  1 1 PASS
418343229  1 0 AltDetFail
122606463  1 1 PASS
358699557  1 0 ses2MesFail
158835095  1 1 PASS
267750431  1 1 PASS
156103092  1 0 AltDetFail
156103092  2 0 AltDetFail
156822263  1 0 AltDetFail
156822263  2 0 AltDetFail
229766985  1 0 AltDetFail
258279302  1 0 ses2MesFail
229791903  1 1 PASS
229791903  2 0 SecondaryOfPN_01
229791903  3 0 AltDetFail
229791903  4 0 AltDetFail
258777137  1 1 PASS
275570329  1 1 PASS
233569141  1 1 PASS
 26489741  1 0 ses2MesFail
137408962  1 0 newMesShrink
188835620  1 0 ses2MesFail
188835620  2 0 ses2MesFail
180761818  1 1 PASS
180761818  2 0 newMesShrink
138430438  1 1 PASS
138430438  2 0 SecondaryOfPN_01
287196418  1 1 PASS
193822785  1 1 PASS
1717079066  1 1 PASS
122136964  1 1 PASS
353949868  1 1 PASS
353949868  2 0 AltDetFail
272672133  1 1 PASS
320956940  1 1 PASS
320956940  2 0 SecondaryOfPN_01
 26483649  1 0 AltDetFail
 26483649  2 0 AltDetFail
 27858644  1 0 ses2MesFail
236815262  1 0 ses2MesFail
 41870248  1 0 ses2MesFail
 41870248  2 0 ses2MesFail
160425283  1 0 AltDetFail
160425283  2 0 AltDetFail
120251815  1 0 AltDetFail
120251815  2 0 AltDetFail
 48506689  1 0 ses2MesFail
 48506689  2 0 AltDetFail
232633119  1 0 ChasesFail
1855040092  1 1 PASS
122224576  1 1 PASS
219435542  1 0 ses2MesFail
137817550  1 0 AltDetFail
 15230595  1 0 AltDetFail
 15230595  2 0 AltDetFail
159464498  1 1 PASS
230001847  1 1 PASS
120499528  1 0 ses2MesFail
120499528  2 0 ses2MesFail
137975907  1 0 ses2MesFail
137975907  2 0 AltDetFail
263635510  1 1 PASS
 26880069  1 0 ses2MesFail
 26880069  2 0 newMesShrink
 26880069  3 0 AltDetFail
406947878  1 0 ses2MesFail
1920685932  1 0 ses2MesFail
154717941  1 1 PASS
159298033  1 1 PASS
302381397  1 1 PASS
233205987  1 1 PASS
233205987  2 0 SecondaryOfPN_01
 22999915  1 0 AltDetFail
 22999915  2 0 AltDetFail
1102441603  1 0 ses2MesFail
1102441603  2 0 ses2MesFail
159143534  1 1 PASS
159143534  2 0 SecondaryOfPN_01
322705950  1 1 PASS
198507944  1 1 PASS
198507944  2 0 AltDetFail
272650576  1 1 PASS
272650576  2 0 ChasesFail
272650576  3 1 PASS
329351474  1 1 PASS
329351474  2 0 ses2MesFail
264053843  1 0 ses2MesFail
271877841  1 0 ses2MesFail
298781419  1 0 AltDetFail
142443463  1 0 ses2MesFail
142443463  2 0 ses2MesFail
328814605  1 1 PASS
 29702849  1 0 AltDetFail
1400803888  1 0 newMesBelowThresh
1400803888  2 0 ses2MesFail
138644215  1 1 PASS
213720613  1 0 ses2MesFail
150254506  1 1 PASS
357999129  1 0 ses2MesFail
357999129  2 0 ses2MesFail
357999129  3 0 newMesShrink
 48217457  1 1 PASS
288507910  1 1 PASS
  7854182  1 0 ses2MesFail
  7854182  2 0 ses2MesFail
400103802  1 1 PASS
1846962871  1 0 ses2MesFail
282043028  1 0 ses2MesFail
138888894  1 1 PASS
219854185  1 1 PASS
293787992  1 1 PASS
278495830  1 1 PASS
289722957  1 0 ses2MesFail
289722957  2 0 newMesShrink
284364590  1 0 ses2MesFail
284364590  2 0 AltDetFail
233233639  1 0 AltDetFail
233233639  2 0 AltDetFail
 27006880  1 1 PASS
 27006880  2 0 ses2MesFail
288634427  1 0 ses2MesFail
288634427  2 0 ses2MesFail
406949643  1 1 PASS
406949643  2 1 PASS
406949643  3 0 ses2MesFail
158916431  1 1 PASS
 42705187  1 1 PASS
 42705187  2 0 SecondaryOfPN_01
259126645  1 1 PASS
259126645  2 0 AltDetFail
1718077158  1 1 PASS
1718077158  2 0 ses2MesFail
1718077158  3 0 ChasesFail
407131841  1 1 PASS
407131841  2 0 SecondaryOfPN_01
 88992642  1 1 PASS
236761861  1 1 PASS
333732955  1 1 PASS
441619744  1 0 AltDetFail
441619744  2 0 AltDetFail
271773721  1 0 ses2MesFail
424636724  1 1 PASS
340071430  1 0 AltDetFail
340071430  2 0 AltDetFail
358410720  1 1 PASS
275633531  1 0 ses2MesFail
364119315  1 0 AltDetFail
364119315  2 0 AltDetFail
364119315  3 0 AltDetFail
230070983  1 1 PASS
123416563  1 0 AltDetFail
123416563  2 0 AltDetFail
164458426  1 1 PASS
 76305643  1 0 AltDetFail
258773798  1 0 AltDetFail
235864102  1 0 ses2MesFail
235864102  2 0 ses2MesFail
235864102  3 0 ses2MesFail
272074664  1 1 PASS
272074664  2 0 SecondaryOfPN_01
237116051  1 1 PASS
237116051  2 0 AltDetFail
103571388  1 0 newMesShrink
441584047  1 0 ses2MesFail
233684822  1 1 PASS
193878729  1 0 AltDetFail
471015215  1 1 PASS
 49967354  1 1 PASS
232629077  1 1 PASS
232629077  2 0 SecondaryOfPN_01
232629077  3 0 SecondaryOfPN_01
120684614  1 0 AltDetFail
120757718  1 1 PASS
121273032  1 0 ses2MesFail
121273032  2 0 newMesShrink
121273032  3 0 newMesShrink
121083955  1 1 PASS
121085705  1 1 PASS
236778955  1 1 PASS
271539287  1 0 ChasesFail
271539287  2 0 AltDetFail
271539287  3 0 AltDetFail
348054109  1 1 PASS
219865181  1 1 PASS
219865181  2 0 SecondaryOfPN_01
164786087  1 1 PASS
395148638  1 1 PASS
103656297  1 0 AltDetFail
158388163  1 1 PASS
271548206  1 1 PASS
271424111  1 1 PASS
405685900  1 0 ses2MesFail
 41283034  1 1 PASS
284475976  1 1 PASS
350597059  1 0 ses2MesFail
164677806  1 0 ses2MesFail
164677806  2 0 SecondaryOfPN_01
359552377  1 1 PASS
359552377  2 0 ChasesFail
158167408  1 1 PASS
 48188257  1 1 PASS
 48188257  2 0 SecondaryOfPN_01
284891601  1 0 AltDetFail
441739153  1 1 PASS
441739153  2 0 ses2MesFail
198731685  1 0 AltDetFail
243352809  1 0 AltDetFail
359497418  1 1 PASS
359497418  2 0 SecondaryOfPN_01
289525318  1 1 PASS
264005191  1 0 ses2MesFail
264005191  2 0 SecondaryOfPN_01
120626764  1 0 ses2MesFail
120626764  2 0 AltDetFail
122682776  1 1 PASS
705298865  1 1 PASS
 47935311  1 0 AltDetFail
 47935311  2 0 AltDetFail
137899948  1 1 PASS
232612421  1 1 PASS
120258315  1 0 ses2MesFail
120258315  2 0 ses2MesFail
120258315  3 0 AltDetFail
392536812  1 0 AltDetFail
392536812  2 0 AltDetFail
219107776  1 0 AltDetFail
290003896  1 1 PASS
233720276  1 1 PASS
233720276  2 0 newMesBelowThresh
 48139432  1 0 ses2MesFail
336075472  1 1 PASS
 47757785  1 1 PASS
 47757785  2 0 ses2MesFail
 47757785  3 1 PASS
1715581936  1 0 AltDetFail
1715581936  2 0 AltDetFail
358018612  1 0 ses2MesFail
358018612  2 0 ses2MesFail
121326244  1 1 PASS
 22516357  1 1 PASS
375160191  1 1 PASS
375160191  2 0 SecondaryOfPN_01
416103498  1 1 PASS
416103498  2 0 AltDetFail
158635832  1 1 PASS
158635832  2 0 SecondaryOfPN_01
158635832  3 1 PASS
154570928  1 1 PASS
232617358  1 1 PASS
232617358  2 0 ses2MesFail
158312320  1 0 AltDetFail
 63452790  1 1 PASS
1815397261  1 0 ses2MesFail
390279364  1 0 ses2MesFail
236768225  1 0 AltDetFail
257023157  1 0 ses2MesFail
257023157  2 0 AltDetFail
158551257  1 1 PASS
229446477  1 1 PASS
305943739  1 1 PASS
237185205  1 1 PASS
 71268730  1 1 PASS
137900092  1 1 PASS
329289186  1 1 PASS
329289186  2 0 AltDetFail
366122523  1 1 PASS
 26748546  1 1 PASS
342061072  1 1 PASS
342061072  2 0 SecondaryOfPN_01
102929927  1 1 PASS
258799793  1 0 AltDetFail
258799793  2 0 AltDetFail
121108244  1 1 PASS
121108244  2 0 AltDetFail
159776045  1 0 ChasesFail
233681149  1 1 PASS
 51922518  1 1 PASS
219096494  1 1 PASS
302518439  1 1 PASS
199688409  1 0 newMesShrink
199688409  2 0 AltDetFail
230086768  1 0 ses2MesFail
154492631  1 0 AltDetFail
154492631  2 0 AltDetFail
235985439  1 1 PASS
 84596659  1 1 PASS
236776750  1 0 AltDetFail
236776750  2 0 AltDetFail
122716055  1 1 PASS
329272588  1 1 PASS
329272588  2 0 AltDetFail
417734853  1 0 ses2MesFail
417734853  2 0 SecondaryOfPN_01
207339000  1 1 PASS
121658323  1 1 PASS
156462811  1 0 ses2MesFail
377251803  1 0 AltDetFail
121016578  1 1 PASS
120317590  1 1 PASS
120317590  2 0 SecondaryOfPN_01
137502446  1 0 ses2MesFail
116264089  1 1 PASS
359678111  1 1 PASS
351072720  1 1 PASS
351072720  2 0 SecondaryOfPN_01
310002617  1 1 PASS
219771660  1 1 PASS
219771660  2 0 SecondaryOfPN_01
 69068526  1 1 PASS
198354443  1 1 PASS
198354443  2 0 AltDetFail
116241468  1 0 ses2MesFail
269698422  1 1 PASS
299156852  1 0 ses2MesFail
 41602482  1 1 PASS
158393140  1 1 PASS
158393140  2 0 AltDetFail
219780464  1 1 PASS
121214078  1 1 PASS
356198675  1 0 ses2MesFail
 30714849  1 1 PASS
 30714849  2 0 SecondaryOfPN_01
115064173  1 1 PASS
115064173  2 0 SecondaryOfPN_01
216617908  1 1 PASS
216617908  2 0 AltDetFail
216617908  3 0 AltDetFail
216617908  4 0 AltDetFail
219015370  1 1 PASS
461579405  1 1 PASS
150489263  1 1 PASS
150489263  2 0 SecondaryOfPN_01
337938129  1 1 PASS
 63368767  1 0 AltDetFail
 63368767  2 0 AltDetFail
 63368767  3 0 AltDetFail
 63368767  4 0 AltDetFail
230063769  1 1 PASS
367681735  1 0 AltDetFail
367681735  2 0 AltDetFail
355251001  1 1 PASS
362222177  1 1 PASS
229585542  1 1 PASS
320506144  1 0 ChasesFail
320506144  2 0 AltDetFail
230050959  1 1 PASS
164554097  1 1 PASS
164554097  2 0 SecondaryOfPN_01
404203802  1 1 PASS
404203802  2 0 SecondaryOfPN_01
219879302  1 1 PASS
233539736  1 1 PASS
137493886  1 0 ses2MesFail
164781040  1 1 PASS
160472514  1 1 PASS
160472514  2 0 ses2MesFail
160472514  3 1 PASS
160472514  4 0 SecondaryOfPN_02
160472514  5 0 ses2MesFail
121866154  1 1 PASS
121866154  2 0 SecondaryOfPN_01
314604460  1 0 ses2MesFail
164458193  1 0 ses2MesFail
 73884611  1 1 PASS
 73884611  2 0 SecondaryOfPN_01
337941105  1 1 PASS
337941105  2 0 SecondaryOfPN_01
219852584  1 1 PASS
198457457  1 0 ses2MesFail
198457457  2 0 ses2MesFail
198457457  3 0 ses2MesFail
198457457  4 0 AltDetFail
159717514  1 0 ses2MesFail
159717514  2 0 AltDetFail
406858047  1 0 ses2MesFail
259129875  1 1 PASS
233738219  1 1 PASS
164557531  1 0 ses2MesFail
356015357  1 0 ses2MesFail
356015357  2 1 PASS
356015357  3 0 ses2MesFail
1920795791  1 1 PASS
288736177  1 1 PASS
317292690  1 0 AltDetFail
317292690  2 0 AltDetFail
121022559  1 1 PASS
160492551  1 0 ses2MesFail
160492551  2 0 SecondaryOfPN_01
160492551  3 0 AltDetFail
421334320  1 1 PASS
421334320  2 0 ses2MesFail
235666667  1 0 ses2MesFail
377731192  1 0 AltDetFail
377731192  2 0 AltDetFail
 10357422  1 0 ses2MesFail
137549183  1 1 PASS
137549183  2 0 AltDetFail
237199166  1 1 PASS
358606148  1 1 PASS
239456636  1 1 PASS
198591545  1 1 PASS
198591545  2 0 SecondaryOfPN_01
198591545  3 0 AltDetFail
198591545  4 0 AltDetFail
198591545  5 0 AltDetFail
198591545  6 0 AltDetFail
193821046  1 0 ses2MesFail
232679662  1 1 PASS
232679662  2 0 SecondaryOfPN_01
259171045  1 1 PASS
232983794  1 0 ses2MesFail
164883253  1 0 AltDetFail
164883253  2 0 AltDetFail
 21279791  1 1 PASS
137823194  1 0 ses2MesFail
366517381  1 0 ses2MesFail
366517381  2 0 ses2MesFail
121085088  1 1 PASS
121085088  2 1 PASS
158272742  1 0 newMesShrink
158272742  2 0 AltDetFail
158272742  3 0 AltDetFail
359496368  1 1 PASS
441794509  1 1 PASS
441794509  2 0 SecondaryOfPN_01
230129753  1 1 PASS
841295237  1 0 ses2MesFail
841295237  2 0 ses2MesFail
841295237  3 0 AltDetFail
159169838  1 0 ChasesFail
155894704  1 1 PASS
155894704  2 0 AltDetFail
120628720  1 1 PASS
158213683  1 0 AltDetFail
157770450  1 1 PASS
157770450  2 0 SecondaryOfPN_01
157770450  3 0 SecondaryOfPN_01
157770450  4 0 ses2MesFail
159573299  1 1 PASS
159573299  2 0 SecondaryOfPN_01
271547896  1 0 ses2MesFail
271547896  2 0 AltDetFail
147563141  1 0 ses2MesFail
271040947  1 0 ses2MesFail
271040947  2 0 ses2MesFail
154872354  1 0 ses2MesFail
298967445  1 0 ses2MesFail
123201406  1 1 PASS
277473207  1 1 PASS
277473207  2 0 SecondaryOfPN_01
229750058  1 1 PASS
157652824  1 0 AltDetFail
157652824  2 0 AltDetFail
 48084398  1 0 ses2MesFail
121020626  1 0 ses2MesFail
121020626  2 0 ses2MesFail
121020626  3 0 AltDetFail
121020626  4 0 AltDetFail
420135872  1 0 ses2MesFail
420135872  2 0 ses2MesFail
137309344  1 1 PASS
271040768  1 1 PASS
137757776  1 0 ses2MesFail
233068569  1 1 PASS
233087860  1 1 PASS
 15240322  1 0 AltDetFail
 15240322  2 0 AltDetFail
315755496  1 1 PASS
235902467  1 1 PASS
 29815199  1 0 ses2MesFail
 29815199  2 0 ses2MesFail
193728985  1 0 AltDetFail
270491862  1 0 AltDetFail
219436394  1 1 PASS
401735441  1 1 PASS
229765298  1 0 ses2MesFail
229481183  1 1 PASS
 20605548  1 1 PASS
198410480  1 1 PASS
198410480  2 0 SecondaryOfPN_01
198410480  3 0 AltDetFail
257048642  1 0 ChasesFail
 63211875  1 1 PASS
313811128  1 1 PASS
233195058  1 1 PASS
233195058  2 0 SecondaryOfPN_01
284990199  1 1 PASS
284990199  2 0 SecondaryOfPN_01
120891206  1 1 PASS
121457732  1 1 PASS
121457732  2 0 AltDetFail
339185356  1 1 PASS
339185356  2 0 SecondaryOfPN_01
339185356  3 1 PASS
123496379  1 0 ses2MesFail
 21179876  1 0 AltDetFail
 21179876  2 0 AltDetFail
420134346  1 0 ses2MesFail
1859153737  1 0 ses2MesFail
1716171770  1 0 ses2MesFail
229791084  1 1 PASS
397412140  1 0 ses2MesFail
397412140  2 0 SecondaryOfPN_01
219109908  1 0 AltDetFail
359677968  1 0 ses2MesFail
359677968  2 1 PASS
359677968  3 0 ChasesFail
264301570  1 1 PASS
264301570  2 0 SecondaryOfPN_01
216216869  1 1 PASS
229588059  1 0 ses2MesFail
362791996  1 1 PASS
362791996  2 0 ChasesFail
233541860  1 0 AltDetFail
139034365  1 1 PASS
198416591  1 1 PASS
137219141  1 1 PASS
137347674  1 1 PASS
137347674  2 1 PASS
199688472  1 1 PASS
142443425  1 1 PASS
142443425  2 0 SecondaryOfPN_01
230017325  1 1 PASS
275575023  1 0 AltDetFail
275575023  2 0 AltDetFail
120689878  1 1 PASS
120689878  2 0 SecondaryOfPN_01
398336271  1 0 AltDetFail
470122265  1 0 ses2MesFail
 47762157  1 1 PASS
 47762157  2 0 SecondaryOfPN_01
 47762157  3 0 AltDetFail
 47762157  4 0 AltDetFail
 41431247  1 0 AltDetFail
141476700  1 1 PASS
356194871  1 0 ses2MesFail
289831724  1 1 PASS
264051559  1 1 PASS
240178198  1 0 AltDetFail
198382901  1 1 PASS
299220166  1 1 PASS
235687559  1 0 ses2MesFail
232985036  1 1 PASS
219892705  1 1 PASS
198408416  1 0 ses2MesFail
198408416  2 0 AltDetFail
198408416  3 0 AltDetFail
219765652  1 1 PASS
219765652  2 0 AltDetFail
236817949  1 1 PASS
233738446  1 1 PASS
271547901  1 0 newMesShrink
333806764  1 0 ses2MesFail
142618411  1 0 ses2MesFail
 95546284  1 1 PASS
349020498  1 1 PASS
280033934  1 0 AltDetFail
198280388  1 0 AltDetFail
138359318  1 1 PASS
147610499  1 0 AltDetFail
232641326  1 1 PASS
313194972  1 0 ses2MesFail
154340851  1 0 ses2MesFail
 20352516  1 0 ses2MesFail
352009983  1 1 PASS
138361973  1 1 PASS
423311936  1 1 PASS
423311936  2 0 SecondaryOfPN_01
198238482  1 1 PASS
312865025  1 0 AltDetFail
164644375  1 1 PASS
164644375  2 0 ChasesFail
282343651  1 1 PASS
275576176  1 1 PASS
275576176  2 0 SecondaryOfPN_01
214915826  1 1 PASS
399916610  1 0 ses2MesFail
286148930  1 1 PASS
286148930  2 0 SecondaryOfPN_01
121992913  1 0 AltDetFail
121992913  2 0 AltDetFail
159723646  1 0 ses2MesFail
198614722  1 1 PASS
198614722  2 0 SecondaryOfPN_01
470677450  1 1 PASS
470677450  2 0 SecondaryOfPN_01
285298197  1 0 AltDetFail
416264037  1 1 PASS
416264037  2 0 AltDetFail
  7849727  1 0 AltDetFail
275633324  1 1 PASS
122070918  1 1 PASS
122070918  2 0 AltDetFail
233120979  1 1 PASS
 23229805  1 1 PASS
233066920  1 0 ses2MesFail
 26880066  1 1 PASS
 26880066  2 0 SecondaryOfPN_01
120576722  1 0 newMesShrink
120576722  2 0 AltDetFail
342645261  1 0 ses2MesFail
342645261  2 0 SecondaryOfPN_01
285392907  1 0 ses2MesFail
285392907  2 1 PASS
259099970  1 1 PASS
120315082  1 1 PASS
120315082  2 0 SecondaryOfPN_01
287627010  1 1 PASS
287627010  2 0 SecondaryOfPN_01
230070765  1 0 ses2MesFail
257060897  1 1 PASS
230017324  1 1 PASS
158324245  1 1 PASS
219751932  1 1 PASS
362792601  1 0 AltDetFail
233078665  1 1 PASS
271164763  1 0 AltDetFail
271164763  2 0 AltDetFail
230087585  1 1 PASS
377782148  1 1 PASS
159220329  1 0 AltDetFail
138362758  1 0 ses2MesFail
138362758  2 0 ChasesFail
156103261  1 0 AltDetFail
156103261  2 0 AltDetFail
399863480  1 1 PASS
399863480  2 0 SecondaryOfPN_01
367783177  1 1 PASS
367783177  2 0 AltDetFail
199715706  1 0 ses2MesFail
1551165177  1 1 PASS
288346083  1 0 ses2MesFail
298647682  1 1 PASS
287190564  1 1 PASS
 92677094  1 1 PASS
 22172905  1 1 PASS
352012002  1 1 PASS
352012002  2 0 AltDetFail
352012002  3 0 AltDetFail
138643448  1 1 PASS
138643448  2 0 AltDetFail
154437999  1 1 PASS
154437999  2 0 AltDetFail
154437999  3 0 AltDetFail
230130613  1 0 ses2MesFail
394177355  1 0 ses2MesFail
394177355  2 0 SecondaryOfPN_01
 23532972  1 0 ses2MesFail
 23532972  2 0 SecondaryOfPN_01
 23532972  3 0 AltDetFail
120311283  1 1 PASS
121274442  1 0 ses2MesFail
394252251  1 0 AltDetFail
394252251  2 0 AltDetFail
160619243  1 0 ses2MesFail
160619243  2 0 ses2MesFail
153937417  1 1 PASS
377557931  1 0 ses2MesFail
358516596  1 1 PASS
358516596  2 0 AltDetFail
358516596  3 0 AltDetFail
278193101  1 0 ses2MesFail
459894730  1 1 PASS
424439457  1 1 PASS
424439457  2 0 SecondaryOfPN_01
158491288  1 1 PASS
158491288  2 0 SecondaryOfPN_01
230384382  1 0 newMesBelowThresh
267545252  1 1 PASS
112857508  1 1 PASS
112857508  2 0 SecondaryOfPN_01
420268415  1 1 PASS
235718636  1 1 PASS
 27397122  1 1 PASS
233059612  1 1 PASS
233059612  2 0 SecondaryOfPN_01
 68149913  1 1 PASS
 68149913  2 0 AltDetFail
356659664  1 1 PASS
356659664  2 0 AltDetFail
1400704733  1 1 PASS
137408317  1 0 ses2MesFail
137408317  2 0 ses2MesFail
137408317  3 0 newMesShrink
122683575  1 1 PASS
 90396760  1 1 PASS
  9975478  1 1 PASS
280163882  1 0 ses2MesFail
121936904  1 0 AltDetFail
121936904  2 0 AltDetFail
156508002  1 0 ses2MesFail
156508002  2 0 AltDetFail
156508002  3 0 SecondaryOfPN_01
377452017  1 0 AltDetFail
377452017  2 0 AltDetFail
424461577  1 0 AltDetFail
233047097  1 1 PASS
 48507019  1 1 PASS
377253090  1 0 AltDetFail
138648010  1 0 ChasesFail
229552340  1 0 ses2MesFail
229552340  2 0 ses2MesFail
1550574605  1 0 AltDetFail
329246824  1 0 ses2MesFail
329246824  2 0 ChasesFail
329246824  3 0 AltDetFail
1842385646  1 1 PASS
1842385646  2 0 SecondaryOfPN_01
468827257  1 1 PASS
 63370066  1 1 PASS
 63370066  2 0 SecondaryOfPN_01
243352373  1 0 ses2MesFail
243352373  2 0 AltDetFail
406832261  1 1 PASS
 63205800  1 0 ses2MesFail
377165060  1 0 AltDetFail
 23982469  1 1 PASS
399917000  1 0 ses2MesFail
399917000  2 0 AltDetFail
357032575  1 0 ses2MesFail
1876670420  1 1 PASS
1860468684  1 0 AltDetFail
1860468684  2 0 AltDetFail
 89116996  1 1 PASS
165502447  1 1 PASS
120355394  1 1 PASS
120355394  2 1 PASS
219871753  1 0 ses2MesFail
219871753  2 0 AltDetFail
219871753  3 0 AltDetFail
235612261  1 0 ses2MesFail
235612261  2 0 AltDetFail
233006806  1 1 PASS
233006806  2 0 SecondaryOfPN_01
328778608  1 0 newMesBelowThresh
428892437  1 1 PASS
229945262  1 0 ses2MesFail
158170594  1 1 PASS
120572162  1 1 PASS
303255899  1 1 PASS
159396136  1 1 PASS
229585356  1 0 AltDetFail
229585356  2 0 AltDetFail
461597569  1 0 ses2MesFail
461597569  2 0 ChasesFail
320524167  1 1 PASS
320524167  2 0 SecondaryOfPN_01
259001820  1 1 PASS
259001820  2 0 ses2MesFail
259001820  3 0 newMesShrink
122446960  1 1 PASS
103573024  1 0 ses2MesFail
 27014182  1 0 AltDetFail
159066271  1 1 PASS
199682037  1 0 AltDetFail
199682037  2 0 AltDetFail
 63126950  1 0 ses2MesFail
219777401  1 1 PASS
307956397  1 1 PASS
372758482  1 0 ses2MesFail
159098316  1 1 PASS
1550734860  1 0 ses2MesFail
314186678  1 1 PASS
 40460161  1 0 ses2MesFail
313988572  1 0 ses2MesFail
219788401  1 0 AltDetFail
219788401  2 0 AltDetFail
122304494  1 0 ses2MesFail
282661874  1 0 AltDetFail
359633572  1 1 PASS
 71531463  1 1 PASS
 71531463  2 0 SecondaryOfPN_01
289949453  1 1 PASS
154867950  1 1 PASS
159892657  1 0 ses2MesFail
159892657  2 0 ses2MesFail
159892657  3 0 ses2MesFail
160045097  1 1 PASS
164782264  1 0 AltDetFail
137755255  1 0 AltDetFail
333329513  1 0 AltDetFail
333329513  2 0 AltDetFail
 63006634  1 0 newMesShrink
 63006634  2 0 AltDetFail
288471108  1 1 PASS
288471108  2 0 SecondaryOfPN_01
379931600  1 1 PASS
377192659  1 1 PASS
377192659  2 0 AltDetFail
1201236958  1 0 ses2MesFail
1201236958  2 0 ses2MesFail
362443981  1 0 ses2MesFail
362443981  2 0 newMesShrink
378089068  1 1 PASS
 76073981  1 1 PASS
 76073981  2 0 SecondaryOfPN_01
284564211  1 1 PASS
275489982  1 1 PASS
407000096  1 0 newMesShrink
407000096  2 0 newMesShrink
159066265  1 1 PASS
229962923  1 1 PASS
461626526  1 0 AltDetFail
459212036  1 1 PASS
138639253  1 1 PASS
154716863  1 1 PASS
461498341  1 0 ses2MesFail
461498341  2 0 ChasesFail
 27775937  1 1 PASS
312989055  1 1 PASS
383754985  1 1 PASS
230114503  1 1 PASS
229687624  1 0 ses2MesFail
229687624  2 1 PASS
138171285  1 0 ses2MesFail
120893542  1 1 PASS
 42980456  1 1 PASS
 90171962  1 1 PASS
 90171962  2 0 ses2MesFail
256298934  1 0 ses2MesFail
256298934  2 0 ses2MesFail
256298934  3 0 AltDetFail
142864870  1 0 AltDetFail
142864870  2 0 AltDetFail
358889371  1 0 ses2MesFail
358889371  2 0 SecondaryOfPN_01
320928345  1 0 AltDetFail
377912676  1 1 PASS
377912676  2 0 ses2MesFail
121598562  1 1 PASS
405717754  1 1 PASS
 27767184  1 0 ses2MesFail
154925091  1 1 PASS
441806350  1 0 newMesShrink
441806350  2 0 AltDetFail
375542276  1 1 PASS
103743317  1 1 PASS
103743317  2 0 SecondaryOfPN_01
164833847  1 0 AltDetFail
288391628  1 1 PASS
237184773  1 1 PASS
159815224  1 1 PASS
154924886  1 1 PASS
158490401  1 1 PASS
164413080  1 1 PASS
164413080  2 0 SecondaryOfPN_01
214475028  1 0 ses2MesFail
214475028  2 0 ses2MesFail
366560080  1 1 PASS
 93316328  1 0 AltDetFail
 93316328  2 0 AltDetFail
 93316328  3 0 AltDetFail
320525204  1 1 PASS
320525204  2 0 SecondaryOfPN_01
219428571  1 0 ses2MesFail
420947520  1 1 PASS
420947520  2 0 SecondaryOfPN_01
313109078  1 1 PASS
267808239  1 1 PASS
232616666  1 0 newMesBelowThresh
353782305  1 0 ses2MesFail
353782305  2 0 SecondaryOfPN_01
229605238  1 1 PASS
1860645323  1 0 AltDetFail
377192658  1 0 ses2MesFail
377192658  2 0 AltDetFail
  7720507  1 0 ses2MesFail
  7720507  2 0 newMesShrink
  7720507  3 0 AltDetFail
258827113  1 1 PASS
 90616971  1 1 PASS
353939279  1 1 PASS
353939279  2 0 AltDetFail
353939279  3 0 AltDetFail
353939279  4 0 AltDetFail
1551660228  1 0 newMesShrink
1551660228  2 0 ses2MesFail
1551660228  3 0 ses2MesFail
 69997672  1 1 PASS
420137341  1 0 ses2MesFail
420137341  2 0 AltDetFail
156151200  1 0 ses2MesFail
372757221  1 1 PASS
257048637  1 0 ses2MesFail
257048637  2 0 ses2MesFail
112026224  1 1 PASS
 30524971  1 1 PASS
 30524971  2 0 AltDetFail
424865181  1 0 ses2MesFail
1102537792  1 0 newMesBelowThresh
358582217  1 0 ses2MesFail
138893145  1 0 AltDetFail
1687699796  1 1 PASS
424435940  1 1 PASS
336410894  1 1 PASS
271354351  1 1 PASS
122716915  1 1 PASS
160618494  1 1 PASS
160618494  2 0 SecondaryOfPN_01
356240274  1 0 ses2MesFail
356240274  2 0 ses2MesFail
271042217  1 1 PASS
288132261  1 1 PASS
 22070314  1 1 PASS
 22070314  2 0 AltDetFail
 22070314  3 0 AltDetFail
229400643  1 1 PASS
229400643  2 0 AltDetFail
 27896467  1 1 PASS
 27896467  2 0 ses2MesFail
158082593  1 0 AltDetFail
120101651  1 1 PASS
 20436558  1 1 PASS
259039588  1 1 PASS
235597969  1 1 PASS
 69257615  1 1 PASS
147576037  1 1 PASS
233625771  1 1 PASS
233625771  2 1 PASS
441608578  1 1 PASS
441608578  2 0 SecondaryOfPN_01
 10400181  1 0 ses2MesFail
219113246  1 1 PASS
160521567  1 0 ses2MesFail
356868487  1 0 ses2MesFail
441598163  1 1 PASS
441598163  2 0 ChasesFail
441598163  3 0 AltDetFail
159719243  1 0 ses2MesFail
137483523  1 1 PASS
441739020  1 0 ses2MesFail
 21027962  1 1 PASS
 21027962  2 0 AltDetFail
 21027962  3 0 AltDetFail
219790151  1 0 newMesShrink
219790151  2 0 ses2MesFail
1877379477  1 1 PASS
296084068  1 0 ses2MesFail
377325711  1 1 PASS
424719589  1 0 ses2MesFail
424719589  2 0 ses2MesFail
137408591  1 1 PASS
289164482  1 1 PASS
293567206  1 1 PASS
160600404  1 0 ses2MesFail
 28404137  1 1 PASS
 28404137  2 0 AltDetFail
405687343  1 1 PASS
405687343  2 0 AltDetFail
405687343  3 0 AltDetFail
199708835  1 1 PASS
199708835  2 0 SecondaryOfPN_01
270616815  1 1 PASS
270616815  2 0 SecondaryOfPN_01
320524751  1 1 PASS
320524751  2 0 SecondaryOfPN_01
320524751  3 0 AltDetFail
1881471898  1 0 AltDetFail
396817473  1 1 PASS
120362128  1 0 AltDetFail
1718201850  1 1 PASS
139037047  1 1 PASS
233722938  1 1 PASS
233722938  2 0 ses2MesFail
284457791  1 1 PASS
284457791  2 0 SecondaryOfPN_01
284457791  3 0 AltDetFail
 22513851  1 0 ses2MesFail
1551760928  1 0 AltDetFail
258271315  1 1 PASS
284450803  1 1 PASS
232616019  1 0 ses2MesFail
399788405  1 0 AltDetFail
399788405  2 0 AltDetFail
441570283  1 0 AltDetFail
441570283  2 0 AltDetFail
137341354  1 1 PASS
137341354  2 0 SecondaryOfPN_01
357719182  1 1 PASS
357719182  2 0 SecondaryOfPN_01
229751802  1 0 ses2MesFail
229751802  2 0 AltDetFail
311235572  1 0 ses2MesFail
311235572  2 0 AltDetFail
311235572  3 0 AltDetFail
160395962  1 0 ChasesFail
160395962  2 0 SecondaryOfPN_01
 47625466  1 1 PASS
 47625466  2 0 SecondaryOfPN_01
121785583  1 0 AltDetFail
121785583  2 0 AltDetFail
229675762  1 1 PASS
356896550  1 0 AltDetFail
138647610  1 0 AltDetFail
329248002  1 0 ses2MesFail
158553034  1 1 PASS
158553034  2 0 SecondaryOfPN_01
 47975812  1 0 ses2MesFail
 63074282  1 1 PASS
307957997  1 1 PASS
219821826  1 1 PASS
 68271160  1 0 ses2MesFail
 69559020  1 0 AltDetFail
 69559020  2 0 AltDetFail
 48499902  1 1 PASS
 48499902  2 0 ses2MesFail
159346490  1 0 ses2MesFail
159346490  2 0 AltDetFail
237290473  1 1 PASS
237290473  2 0 SecondaryOfPN_01
321849859  1 0 ses2MesFail
321849859  2 0 ses2MesFail
321849859  3 0 ses2MesFail
321849859  4 0 newMesBelowThresh
288391801  1 0 ses2MesFail
288391801  2 1 PASS
288391801  3 0 ChasesFail
138168780  1 1 PASS
157999789  1 0 ses2MesFail
158794976  1 0 ses2MesFail
158794976  2 0 AltDetFail
121393780  1 0 ses2MesFail
377307150  1 1 PASS
377307150  2 0 AltDetFail
233063187  1 1 PASS
233063187  2 0 SecondaryOfPN_01
198242678  1 1 PASS
198242678  2 0 ses2MesFail
198390247  1 1 PASS
258801269  1 1 PASS
233051157  1 1 PASS
236815160  1 1 PASS
120101644  1 0 ses2MesFail
289539327  1 0 ses2MesFail
 21755546  1 1 PASS
1715372736  1 0 newMesShrink
1715372736  2 0 AltDetFail
284462138  1 1 PASS
284462138  2 0 SecondaryOfPN_01
219707463  1 1 PASS
122672384  1 0 AltDetFail
122672384  2 0 AltDetFail
377192675  1 1 PASS
377192675  2 0 SecondaryOfPN_01
356015361  1 0 ses2MesFail
346467492  1 0 ses2MesFail
373017346  1 1 PASS
 63454475  1 0 AltDetFail
424428104  1 0 ChasesFail
424428104  2 0 SecondaryOfPN_01
332541024  1 0 ses2MesFail
332541024  2 0 AltDetFail
1687160917  1 0 AltDetFail
198213332  1 1 PASS
 47626069  1 0 newMesBelowThresh
 47626069  2 0 ses2MesFail
 47626069  3 0 ses2MesFail
138476641  1 0 ses2MesFail
138476641  2 0 AltDetFail
122707747  1 1 PASS
122707747  2 0 SecondaryOfPN_01
 42449574  1 0 ses2MesFail
198366673  1 1 PASS
198366673  2 0 SecondaryOfPN_01
336485998  1 0 AltDetFail
259006185  1 1 PASS
259006185  2 0 SecondaryOfPN_01
259006185  3 0 SecondaryOfPN_01
230069712  1 1 PASS
258920251  1 1 PASS
230130556  1 0 ses2MesFail
138300304  1 1 PASS
243333538  1 1 PASS
123357952  1 0 AltDetFail
123357952  2 0 AltDetFail
188777430  1 0 ses2MesFail
288517585  1 0 ChasesFail
288517585  2 0 ses2MesFail
233532554  1 1 PASS
233532554  2 0 ses2MesFail
233532554  3 0 ses2MesFail
233532554  4 0 ses2MesFail
233532554  5 0 ses2MesFail
164461124  1 1 PASS
164461124  2 0 SecondaryOfPN_01
164461124  3 0 AltDetFail
417678051  1 0 ses2MesFail
417678051  2 0 SecondaryOfPN_01
441716054  1 0 AltDetFail
288735205  1 1 PASS
 68392320  1 0 ses2MesFail
 68978927  1 0 ChasesFail
353894978  1 0 ses2MesFail
376848654  1 0 ses2MesFail
376848654  2 0 AltDetFail
 47938273  1 1 PASS
368827106  1 0 AltDetFail
368827106  2 0 AltDetFail
368827106  3 0 AltDetFail
180770456  1 0 ses2MesFail
180770456  2 0 SecondaryOfPN_01
180770456  3 0 SecondaryOfPN_01
180770456  4 0 SecondaryOfPN_01
230386284  1 1 PASS
230386284  2 0 AltDetFail
229671380  1 1 PASS
384620517  1 0 AltDetFail
384620517  2 0 AltDetFail
 48528720  1 0 ChasesFail
 48528720  2 0 newMesBelowThresh
230023734  1 1 PASS
258352886  1 1 PASS
229490898  1 1 PASS
219863124  1 1 PASS
219863124  2 0 ses2MesFail
 48356677  1 0 ses2MesFail
 48356677  2 0 SecondaryOfPN_01
 72972262  1 0 newMesShrink
 72972262  2 0 AltDetFail
424430397  1 1 PASS
142587827  1 0 ses2MesFail
142587827  2 0 AltDetFail
400430915  1 1 PASS
103605167  1 1 PASS
103605167  2 0 SecondaryOfPN_01
229614158  1 0 ses2MesFail
364120439  1 1 PASS
155873992  1 1 PASS
 23389848  1 0 ses2MesFail
293788747  1 1 PASS
293788747  2 0 SecondaryOfPN_01
352008089  1 1 PASS
121213501  1 0 AltDetFail
121213501  2 0 AltDetFail
219892238  1 0 ses2MesFail
400432230  1 1 PASS
336267424  1 1 PASS
417837450  1 0 AltDetFail
405685992  1 0 ses2MesFail
237234024  1 0 ses2MesFail
267574918  1 1 PASS
159448831  1 1 PASS
111443222  1 1 PASS
111443222  2 0 SecondaryOfPN_01
232612416  1 1 PASS
288317543  1 1 PASS
288317543  2 0 SecondaryOfPN_01
1550676268  1 1 PASS
138437379  1 0 ses2MesFail
237104103  1 1 PASS
353854078  1 0 ses2MesFail
353854078  2 0 SecondaryOfPN_01
353854078  3 0 ses2MesFail
353854078  4 0 SecondaryOfPN_01
156828848  1 1 PASS
137503140  1 1 PASS
137503140  2 0 SecondaryOfPN_01
116125420  1 0 AltDetFail
233208885  1 0 ses2MesFail
233208885  2 0 newMesShrink
233208885  3 0 AltDetFail
302426993  1 0 ses2MesFail
383676981  1 1 PASS
229741985  1 0 AltDetFail
229741985  2 0 AltDetFail
229741985  3 0 AltDetFail
398265069  1 1 PASS
120638283  1 1 PASS
159296833  1 1 PASS
159510109  1 1 PASS
159510109  2 0 SecondaryOfPN_01
 22309070  1 1 PASS
 22309070  2 0 SecondaryOfPN_01
353989471  1 1 PASS
353989471  2 0 SecondaryOfPN_01
322275995  1 0 ses2MesFail
322275995  2 0 ses2MesFail
199709055  1 1 PASS
 76419763  1 1 PASS
320323992  1 0 AltDetFail
320323992  2 0 AltDetFail
267667621  1 1 PASS
279918206  1 1 PASS
142588954  1 1 PASS
153891668  1 0 ses2MesFail
153891668  2 0 ses2MesFail
233531814  1 1 PASS
219771690  1 0 ses2MesFail
 47579336  1 0 ses2MesFail
 47579336  2 0 ses2MesFail
313242194  1 1 PASS
313242194  2 0 AltDetFail
358729146  1 0 ses2MesFail
164646288  1 0 AltDetFail
164646288  2 0 AltDetFail
164646288  3 0 AltDetFail
229776076  1 1 PASS
229776076  2 0 ses2MesFail
229776076  3 0 ses2MesFail
378088190  1 1 PASS
378088190  2 0 SecondaryOfPN_01
122375269  1 0 ses2MesFail
122375269  2 0 SecondaryOfPN_01
122375269  3 0 SecondaryOfPN_01
468832904  1 1 PASS
235726293  1 1 PASS
235726293  2 1 PASS
355257343  1 1 PASS
355257343  2 0 SecondaryOfPN_01
355257343  3 1 PASS
355257343  4 0 SecondaryOfPN_01
355257343  5 0 ses2MesFail
235982039  1 1 PASS
235982039  2 0 AltDetFail
424865156  1 1 PASS
198212955  1 1 PASS
394179202  1 1 PASS
394179202  2 0 SecondaryOfPN_01
156086548  1 0 ses2MesFail
121463130  1 1 PASS
121463130  2 0 AltDetFail
233618585  1 1 PASS
229586455  1 1 PASS
137687487  1 0 AltDetFail
288959261  1 1 PASS
280031832  1 1 PASS
280031832  2 0 SecondaryOfPN_01
462710994  1 0 ses2MesFail
332624489  1 0 AltDetFail
137817320  1 1 PASS
158113583  1 0 ses2MesFail
158113583  2 0 AltDetFail
158113583  3 0 AltDetFail
142154041  1 1 PASS
142154041  2 0 SecondaryOfPN_01
359676320  1 0 AltDetFail
267572272  1 1 PASS
267572272  2 1 PASS
399822840  1 1 PASS
158002130  1 1 PASS
160082094  1 0 ses2MesFail
375534411  1 1 PASS
348217860  1 0 AltDetFail
115970839  1 0 AltDetFail
115970839  2 0 AltDetFail
 76304643  1 0 AltDetFail
353011288  1 0 ses2MesFail
353011288  2 0 ses2MesFail
353011288  3 0 ChasesFail
353011288  4 0 ses2MesFail
357185902  1 0 ses2MesFail
 26539759  1 0 AltDetFail
268403451  1 1 PASS
122441491  1 1 PASS
198382308  1 1 PASS
198382308  2 0 SecondaryOfPN_01
404207826  1 1 PASS
  8954647  1 0 ChasesFail
229597404  1 1 PASS
229597404  2 0 SecondaryOfPN_01
237114978  1 0 ses2MesFail
120572301  1 1 PASS
372759279  1 0 ses2MesFail
372759279  2 0 SecondaryOfPN_01
372759279  3 0 AltDetFail
264007205  1 1 PASS
264007205  2 0 newMesBelowThresh
264007205  3 0 AltDetFail
141620020  1 1 PASS
458461293  1 1 PASS
159444225  1 0 AltDetFail
159444225  2 0 AltDetFail
462871358  1 1 PASS
462871358  2 0 SecondaryOfPN_01
462871358  3 0 AltDetFail
275578997  1 1 PASS
155657581  1 1 PASS
155657581  2 0 SecondaryOfPN_01
155657581  3 0 AltDetFail
155657581  4 0 AltDetFail
155657579  1 1 PASS
155657579  2 0 AltDetFail
 40288117  1 0 ses2MesFail
 40288117  2 0 ses2MesFail
 40288117  3 0 AltDetFail
 40288117  4 0 AltDetFail
 40288117  5 0 AltDetFail
1847795073  1 0 ses2MesFail
 27848472  1 1 PASS
137501278  1 1 PASS
317001596  1 1 PASS
 28069786  1 0 AltDetFail
 28069786  2 0 AltDetFail
 28069786  3 0 AltDetFail
1687921569  1 1 PASS
155656119  1 0 ses2MesFail
365936982  1 1 PASS
365936982  2 0 SecondaryOfPN_01
335655755  1 1 PASS
394112898  1 1 PASS
349827430  1 1 PASS
349827430  2 0 ses2MesFail
122446076  1 0 AltDetFail
122446076  2 0 SecondaryOfPN_01
356820646  1 0 ses2MesFail
356820646  2 0 AltDetFail
270515566  1 1 PASS
120258369  1 1 PASS
290034099  1 0 AltDetFail
290034099  2 0 AltDetFail
138971570  1 0 ses2MesFail
138971570  2 1 PASS
353780788  1 0 AltDetFail
353780788  2 0 AltDetFail
230127302  1 1 PASS
116163356  1 1 PASS
116163356  2 0 AltDetFail
116163356  3 0 AltDetFail
352718668  1 1 PASS
352718668  2 0 SecondaryOfPN_01
121604042  1 1 PASS
158786520  1 1 PASS
158786520  2 0 SecondaryOfPN_01
121124831  1 0 ses2MesFail
113098812  1 1 PASS
113098812  2 0 SecondaryOfPN_01
229786055  1 1 PASS
233058262  1 0 ses2MesFail
399860444  1 1 PASS
356630364  1 0 AltDetFail
180941797  1 0 AltDetFail
351287412  1 1 PASS
351287412  2 0 SecondaryOfPN_01
289947843  1 0 ses2MesFail
317295053  1 1 PASS
215372702  1 1 PASS
215372702  2 0 SecondaryOfPN_01
215372702  3 0 SecondaryOfPN_01
258923466  1 1 PASS
120960842  1 1 PASS
120960842  2 0 AltDetFail
280033918  1 0 AltDetFail
157552943  1 0 ChasesFail
199610815  1 0 AltDetFail
332624864  1 0 newMesShrink
332624864  2 0 SecondaryOfPN_01
332624864  3 0 AltDetFail
1715296771  1 0 ses2MesFail
286773412  1 1 PASS
142047616  1 0 AltDetFail
142047616  2 0 AltDetFail
406857100  1 1 PASS
1683268616  1 0 AltDetFail
219095755  1 1 PASS
258351350  1 0 ses2MesFail
258351350  2 0 AltDetFail
188768068  1 1 PASS
159105713  1 0 AltDetFail
138570417  1 1 PASS
 48191564  1 1 PASS
 63366439  1 1 PASS
358613523  1 0 ses2MesFail
358613523  2 0 SecondaryOfPN_01
237117591  1 1 PASS
237117591  2 0 SecondaryOfPN_01
471000657  1 0 ses2MesFail
459978466  1 1 PASS
459978466  2 0 AltDetFail
322046084  1 1 PASS
142535721  1 1 PASS
 63449090  1 1 PASS
441613385  1 0 AltDetFail
441613385  2 0 AltDetFail
428787891  1 1 PASS
357033670  1 1 PASS
322606029  1 1 PASS
322606029  2 0 SecondaryOfPN_01
159716878  1 0 ses2MesFail
230086683  1 0 ChasesFail
147576476  1 0 ses2MesFail
441804674  1 1 PASS
441804674  2 0 ses2MesFail
229455001  1 1 PASS
229975095  1 1 PASS
159047480  1 1 PASS
288344202  1 0 ChasesFail
288344202  2 0 ChasesFail
272785770  1 0 ses2MesFail
333785427  1 1 PASS
399913539  1 1 PASS
233679640  1 0 ses2MesFail
233679640  2 0 SecondaryOfPN_01
357098774  1 1 PASS
357098774  2 0 SecondaryOfPN_01
289970992  1 1 PASS
219882262  1 1 PASS
137310514  1 1 PASS
137310514  2 0 SecondaryOfPN_01
359313701  1 0 ses2MesFail
137975931  1 1 PASS
237277760  1 1 PASS
237277760  2 0 newMesBelowThresh
420177051  1 1 PASS
198390460  1 1 PASS
258871793  1 1 PASS
120258368  1 1 PASS
142457441  1 1 PASS
142457441  2 0 AltDetFail
457100137  1 0 ChasesFail
457100137  2 0 ses2MesFail
232632890  1 1 PASS
348211340  1 0 ChasesFail
188777432  1 0 ses2MesFail
122224804  1 1 PASS
122224804  2 0 AltDetFail
122224804  3 0 AltDetFail
233193944  1 1 PASS
233193944  2 0 SecondaryOfPN_01
268404844  1 1 PASS
268404844  2 0 SecondaryOfPN_01
158988347  1 1 PASS
158988347  2 0 SecondaryOfPN_01
235937532  1 1 PASS
229689154  1 0 ses2MesFail
229689154  2 0 ses2MesFail
258392844  1 1 PASS
441804888  1 0 ses2MesFail
346435387  1 0 ses2MesFail
354984207  1 1 PASS
280031353  1 1 PASS
377055044  1 0 ses2MesFail
377055044  2 0 newMesShrink
198610218  1 1 PASS
138648204  1 1 PASS
138438661  1 0 ChasesFail
356919658  1 1 PASS
123233041  1 1 PASS
160077328  1 1 PASS
147994863  1 1 PASS
121085222  1 1 PASS
137152301  1 0 AltDetFail
142618244  1 1 PASS
142618244  2 0 SecondaryOfPN_01
135443051  1 0 ses2MesFail
135443051  2 0 SecondaryOfPN_01
135443051  3 0 AltDetFail
135443051  4 0 AltDetFail
322428763  1 1 PASS
298363685  1 0 newMesBelowThresh
229476285  1 1 PASS
122596693  1 1 PASS
394131772  1 1 PASS
233576835  1 1 PASS
160519380  1 0 AltDetFail
160519380  2 0 SecondaryOfPN_01
198555959  1 1 PASS
198555959  2 0 SecondaryOfPN_01
376595143  1 0 ses2MesFail
376595143  2 0 ses2MesFail
468858634  1 1 PASS
336405638  1 1 PASS
336405638  2 0 SecondaryOfPN_01
199716496  1 0 AltDetFail
199716496  2 0 AltDetFail
288312840  1 1 PASS
288312840  2 0 SecondaryOfPN_01
288312840  3 0 AltDetFail
288312840  4 0 AltDetFail
288312840  5 0 AltDetFail
288312840  6 0 AltDetFail
