           0
   80000.000000000000     
   160000.00000000000     
   240000.00000000000     
   320000.00000000000     
   400000.00000000000     
   480000.00000000000     
   560000.00000000000     
   640000.00000000000     
   720000.00000000000     
   800000.00000000000     
   880000.00000000000     
   960000.00000000000     
   1040000.0000000000     
   1120000.0000000000     
   1200000.0000000000     
   1280000.0000000000     
   1360000.0000000000     
   1440000.0000000000     
   1520000.0000000000     
   1600000.0000000000     
   1680000.0000000000     
   1760000.0000000000     
   1840000.0000000000     
   1920000.0000000000     
   2000000.0000000000     
   2080000.0000000000     
   2160000.0000000000     
   2240000.0000000000     
   2320000.0000000000     
   2400000.0000000000     
