t = 0
b = 100 100 100
E = 0 0 0
-0.9112179279327393 -0.16510486602783203 -0.907618522644043 -0.13892358653936424 -0.9138838471427134 0.38146631703818035 -0.6425805048245399 -0.20981429378365482 -0.736931650116553
-0.037793077528476715 -0.06937789916992188 -1.0596818923950195 0.24250448289049364 -0.9701493598470046 -0.0013399128559976816 -0.7487165208587947 -0.18618037154967587 -0.6362078596203656
1.0362790822982788 0.3079562187194824 -0.6412291526794434 0.4151606743476978 -0.737431744708216 0.5327626454358089 0.5660339717041112 0.6678077531905164 0.4833615082477128
1.080412745475769 -0.26436614990234375 -0.8092141151428223 0.00594437478268183 -0.5489209600785996 0.8358531234582016 0.6794284810406235 0.6155314004953462 0.39937204979200636
0.9356546998023987 -0.8432579040527344 -0.7685027122497559 -0.34949358471689645 -0.14817713077381792 0.925147432659991 0.778040736668656 0.5042897527139399 0.3746257564447599
0.5794134736061096 -1.2914848327636719 -0.595512866973877 -0.538134186734813 0.3375409533617949 0.7723196889053601 0.8304026061015708 0.36959723003273176 0.4169285302445145
0.05629550665616989 -1.5132999420166016 -0.40865325927734375 -0.5000870324082269 0.7539823231376064 0.4259385124793848 0.8198773377748606 0.254153191919933 0.5130373339632477
-0.5360457897186279 -1.4848737716674805 -0.3307375907897949 -0.24775303823264766 0.9688141845168005 -0.004184247308544321 0.7498787080239787 0.19456812825362882 0.6323172990834329
-1.0780086517333984 -1.2617950439453125 -0.4499516487121582 0.13892405790821302 0.9138854111600335 -0.3814623984132276 0.6426486164711084 0.20982612361364986 0.7368688849429319
