t = 0
b = 100 100 100
E = 0 0 0
-1.7656574249267578 -0.9325341582298279 -1.4149713516235352 0.772664966583277 -0.006993267757768895 -0.6347755064752668 -0.63384184394603 0.04368398431481268 -0.7722280921965217
-1.1798067092895508 -1.1734464168548584 -1.335026741027832 0.6135318545285308 0.5002723397211186 -0.6109879291677859 -0.700822795534147 -0.010723146755437729 -0.7132548095760481
-0.5237131118774414 -1.0590474605560303 -1.3336420059204102 -0.035357472681426784 0.9673739258557137 -0.2508735472306441 -0.5914598881166603 -0.22260048727428264 -0.7749994992348573
0.027370452880859375 -0.9494972229003906 -0.9091196060180664 0.1850723784050484 0.8112230474970213 0.5546759251681508 0.13221721132274095 0.5389995604836652 -0.8318642213897971
0.4439363479614258 -1.4955694675445557 -1.2812433242797852 -0.7245534469044869 -0.5557597926798779 -0.40761913034013264 0.5126847237215812 -0.8300555146591206 0.2194589179015242
0.08002853393554688 -0.5634981989860535 -1.4367952346801758 -0.5144885496502264 0.7899828098158489 0.3335096587420862 -0.5962455365919257 -0.04977129336786857 -0.8012578102275797
0.22887229919433594 -0.1410355269908905 -1.0544328689575195 -0.8775629879772135 0.3636141440212907 0.3125187296789888 -0.33938140646797504 -0.010117063065188716 -0.9405944428810719
0.5749425888061523 0.129784494638443 -0.5651445388793945 -0.7507083415192628 -0.6564486921478012 0.07424352194527852 -0.08002331014132029 -0.021492069579075433 -0.9965612679505631
0.7781095504760742 -0.05958161503076553 0.17038631439208984 -0.791900815847552 0.4797364472980462 0.3778174678251794 -0.4409156574691071 -0.0231231742675546 -0.8972506348899273
1.0722765922546387 0.5890475511550903 -0.3014955520629883 -0.2626024254569274 -0.017989268097335583 -0.9647364160108506 0.7598273025863478 0.6123794675358215 -0.21829763623296153
0.4430561065673828 0.7860280275344849 -0.0666971206665039 -0.18274063787319056 -0.9264126097568042 0.329189209655005 0.3299853241829908 0.2577129830456874 0.9081264802842935
0.24478435516357422 0.9519582986831665 -0.7315759658813477 -0.16343349641672253 -0.9304407066840094 -0.327978023035639 0.471631576241285 0.218111381723542 -0.8543951553320094
-0.25801658630371094 0.9452825784683228 -0.33925342559814453 0.5527211515118235 -0.7792003766472646 -0.2955437390712323 -0.6194929399992977 -0.14664140678135534 -0.7711840215591943
-0.8722772598266602 1.3622230291366577 -0.48749637603759766 -0.38916380908128495 -0.43858444424912735 -0.8100587725369247 -0.8700940086679754 0.4638883439127967 0.1665653639324097
-0.6345415115356445 0.7467445135116577 0.27884578704833984 0.8650883447245507 -0.3743349765228295 -0.3339093906636795 -0.3050817184641574 0.1364037254945329 -0.942506853412838
0.009435653686523438 0.8006945848464966 0.5178518295288086 0.28505561368466176 -0.9504269019164967 -0.1242256061376671 -0.4623984019917376 -0.023203199003033644 -0.8863686193630239
-0.49358654022216797 0.3034893572330475 0.787409782409668 0.2760268538269953 -0.9333290205639307 -0.229578124697333 -0.30830408242014484 0.1400415660770407 -0.9409234573193307
-0.43125152587890625 -0.08359060436487198 1.093247413635254 0.9403616717111226 -0.1442248437918127 -0.30808946883963806 -0.2865522787252379 0.15179793812186357 -0.9459625666691702
-0.09170818328857422 -0.3740411698818207 1.4268732070922852 0.8470181416139905 0.45233120762515583 -0.2792073537447573 -0.30014102951756294 -0.02678299494498635 -0.9535187641477821
0.34357547760009766 -0.4214342534542084 1.7400236129760742 0.7224462369904838 0.651097709267136 -0.23268693054268838 -0.19376211593064624 -0.13154944288478582 -0.9721887607387678
0.8498678207397461 -0.28303787112236023 2.054600715637207 0.2052759597637686 0.9559446915059295 -0.20983690601201876 -0.11279560451001241 -0.18931062634951057 -0.9754171611953405
1.1313080787658691 0.11413373798131943 2.380425453186035 -0.3182685879908014 0.9225134710549182 -0.2183437693650726 0.04374276962915879 -0.21503729503547359 -0.9756257129908975
1.157177448272705 0.5951794385910034 2.737790107727051 -0.7300198770983387 0.6368643649843727 -0.24794104068180847 0.19845969173298295 -0.1495500574623768 -0.968632299208657
