t = 0
b = 100 100 100
E = 0 0 0
2.6744606494903564 0.6973470449447632 0.07640509307384491 0.19802117706908925 -0.7985876025426293 -0.5683708775943647 0.7598688201748767 -0.2413821426205849 0.6036008924363323
2.495194673538208 0.6196185946464539 -0.4529762864112854 -0.10418418026818917 -0.9935609836281661 -0.044522223593128546 0.8556843150513777 -0.11333468452561428 0.5049352456093099
2.1237311363220215 0.2852756083011627 -0.7841175198554993 -0.26671703173123934 -0.708338402412227 0.6535432140666529 0.9546534945412555 -0.09917057190260604 0.28071676656138494
1.4517639875411987 0.17909885942935944 -1.0636422634124756 -0.2580204146265158 -0.8759979087732248 0.4074961710996776 0.9657602143771499 -0.2471216552070132 0.07898161719000034
1.685714840888977 0.06800346821546555 -1.9561001062393188 0.6063033382378623 -0.02900650152459392 -0.7947042751306476 -0.7937154544185515 0.03996789269131067 -0.6069747482152517
1.6968177556991577 -0.34813016653060913 -0.9259547591209412 -0.26519972401875086 -0.06421376700607753 0.9620528563999315 0.9634442082110481 -0.0589634922056388 0.26133994002353
1.1822993755340576 -0.652114748954773 -0.725787341594696 -0.008644762264105934 0.4597622798710395 0.8879999516290421 0.9627126473180543 -0.2367094164226117 0.13096950359045537
0.4866882264614105 -0.9812915325164795 -0.7088290452957153 0.1419540901095515 0.9676569490414448 0.2085403204969532 0.9676627271327692 -0.18054201844560422 0.17616306676928362
-0.1698932647705078 -0.6738236546516418 -0.988253116607666 -0.32509904049839444 0.3931290359368954 0.8600931199412948 0.9061052925597964 -0.12957580279543435 0.4027198904015598
-0.4080713391304016 -1.7015916109085083 -0.8204962015151978 0.02006163289678909 -0.9373256349702931 -0.34787668061117766 -0.6985392325838653 0.23739667039044574 -0.6750450069652205
-0.19362285733222961 -1.1033726930618286 -0.1952683925628662 0.17585548181298113 0.9079521645034 -0.38039153051811636 -0.9845208205501845 0.16878368425452495 -0.0472315766480468
0.45694786310195923 -1.5437222719192505 -0.06515869498252869 0.7793906558540304 0.1453334691237629 -0.6094492499953351 0.039742416546256876 -0.9822732897484907 -0.1831931346250227
0.25795143842697144 -0.9153510928153992 0.4597936272621155 0.26870534558486914 0.1645589832368291 -0.9490615250288976 0.9618767701152348 -0.07374490709913688 0.263352933892189
0.06304365396499634 -1.0545737743377686 1.3548777103424072 0.614479339436716 0.23367364670141302 0.7535328581041973 -0.7867501560509592 0.24460221232751417 0.5667397548066279
-0.17236877977848053 -0.3531239926815033 0.6133986711502075 0.3949778644582648 -0.4330134800057953 -0.8102418236065447 0.8850411391643259 -0.060168336877628216 0.4616080081888665
-0.48970240354537964 -0.6979615092277527 0.09750442206859589 0.2518424291587546 0.37407173218757334 -0.8925501274738614 0.9194388094042301 -0.38001766269091203 0.10108833663815102
-0.5594692826271057 0.1331164389848709 0.1846466064453125 0.3031992967075511 0.2804598635445552 -0.9107208416505114 0.9524849026613122 -0.10957527904828976 0.28419318855975406
-0.7965752482414246 0.623750627040863 -0.12403764575719833 0.2443847666873909 -0.09828012609112868 -0.9646849758478989 0.9629498152986323 -0.09570971860648067 0.25212556986668033
-1.0858937501907349 0.7035303115844727 -0.5111334919929504 0.11450182461259219 -0.8546774203794536 -0.5063751961282367 0.9669504617946995 -0.022749068620654525 0.253947404617394
-1.4081119298934937 0.6401390433311462 -0.9143210053443909 0.039011522987954426 -0.9775410921498241 -0.20710266592366577 0.9669399804554283 -0.016469768239914834 0.2544716505447699
-1.8232789039611816 0.3082347512245178 -1.2515023946762085 -0.3298886636753503 -0.8893052682364951 0.3167169232379397 0.9387757541404569 -0.3443436425578724 0.011293328472711289
-2.3145029544830322 0.11445660889148712 -1.326130986213684 -0.07580279313826302 -0.45449627214706306 0.8875173661156498 0.9299599750594345 -0.3535210962075439 -0.10098157913041557
