t = 0
b = 4 4 4
E = 0 0 0
-0.48924562335014343 1.1711645126342773 -0.4617912173271179 -0.5485259475065956 -0.3445279430861355 0.7618528606921603 -0.5727265071934236 0.818662752748486 -0.042138405526228634 0 0 0 0 0 0
0.33563366532325745 0.6819510459899902 -0.49596643447875977 0.6145201282556793 -0.7714472837949604 0.16502757434441404 0.7886717873031859 0.5954688436864051 -0.15301525450351053 0 0 0 0 0 0
0.20002086460590363 0.17044305801391602 -0.597744882106781 0.6070783154592938 -0.5261348852749015 0.5955149044279855 -0.7050594502574277 -0.7022717236165632 0.09851699250035859 0 0 0 0 0 0
0.12606270611286163 -0.4226202964782715 -0.8026788234710693 0.5113083795303127 -0.18550995798612288 0.8391363396433696 0.7318403493277765 0.6058821963678853 -0.3119558738351068 0 0 0 0 0 0
-0.21279320120811462 -0.8567008972167969 -0.47780418395996094 0.2888961164827278 0.37028315435602344 0.8828529999277068 0.9572296841967877 -0.09395367486545657 -0.2736494814023854 0 0 0 0 0 0
-0.6103354096412659 -0.863917350769043 -0.06402643024921417 0.3822138883244968 0.7559595974542261 0.5314486151912651 0.9204078226243462 -0.3623456522966032 -0.14681644428898102 0 0 0 0 0 0
-1.0358844995498657 -0.5632205009460449 0.1737905889749527 0.17940228748457762 0.9260899952244253 0.33192188838720005 0.8198474255053422 -0.3276002082477598 0.46960441059288055 0 0 0 0 0 0
-1.2853132486343384 -0.01624917984008789 0.38462647795677185 0.5846286778460477 0.806666744871848 0.08659140695149473 0.7995778082022704 -0.591200227219579 0.10562963583185998 0 0 0 0 0 0
-1.1474766731262207 0.7577304840087891 0.452432245016098 0.548525791241237 0.34452798532701673 -0.7618529540992027 0.5727270271527432 -0.8186623882348093 0.04213842021788803 0 0 0 0 0 0
