t = 0
b = 100 100 100
E = 0 0 0
0.02882033959031105 1.01947021484375 -1.0678373575210571 0.8525665033511494 0.040893540499494785 0.5210163871789552 0.04089528131378638 0.988656633555615 -0.1445186385652205
-0.5876813530921936 0.647201418876648 -0.5420573949813843 0.4574947296659272 0.15836060869266202 0.8749974228204274 0.14254752116601002 0.9582268475123857 -0.24795465899212504
-1.1486351490020752 -0.3677978515625 -0.1866004317998886 0.5364232611129236 -0.42616265597612146 0.7284473046064173 -0.42612205322108265 -0.8818245725381413 -0.20200351241147532
-0.9235418438911438 -0.08917236328125 0.29236531257629395 0.8195323624060759 -0.5044887341676204 0.2717679599714956 -0.5044644094385157 -0.8601371242519926 -0.07536436222354566
-0.47069117426872253 0.12640380859375 0.6182742118835449 0.8195587909233335 -0.5047259107456745 -0.2712473838440348 -0.5046736901980672 -0.8600273677427972 0.0752156443518291
0.09401003271341324 0.31085205078125 0.6876356601715088 0.5368141525949804 -0.4261811041575377 -0.7281484958666021 -0.4261457923619657 -0.8818332056748605 0.20191572752361708
0.6191375851631165 0.50634765625 0.4784243106842041 0.06086644382353329 -0.29419074238828863 -0.9538066277339994 -0.2941591760318664 -0.9184338002925916 0.2644801195484485
0.9658336639404297 0.75128173828125 0.05707413703203201 -0.45709130216877747 -0.15045420100466206 -0.8766020048355467 -0.15050384894488425 -0.9582653682300277 0.2430557045282926
1.0519003868103027 1.06854248046875 -0.4426175355911255 -0.8525664651952857 -0.040893545370002754 -0.5210164492331192 -0.04088300291625461 -0.9886635382407603 0.14447487056858885
