t = 0
b = 5 5 5
E = 0 0 0
0.732481837272644 1.1216769218444824 0.040333881974220276 0.51565240302739 -0.741650015828684 -0.42901964206011733 0.693203882125774 0.6556022967941786 -0.29942278845130327 0 0 0 0 0 0
-0.28495922684669495 0.8662776947021484 0.30488908290863037 -0.6933945762201363 -0.7039168115948503 -0.15396455443587398 -0.6211840961525013 0.6919617703618403 -0.3678576178970716 0 0 0 0 0 0
-0.3422781527042389 0.40442895889282227 0.6837090253829956 -0.4387166857419144 -0.6434021937516485 -0.627344631544095 -0.6950672200959485 0.6853602197464568 -0.21717027590620838 0 0 0 0 0 0
-0.14224931597709656 -0.0672001838684082 0.8118146061897278 -0.2105683731787036 -0.7762017237901543 -0.5942826299010154 -0.9692106645593711 0.2450757767693149 0.023844314737466468 0 0 0 0 0 0
0.1826111227273941 -0.5461783409118652 0.7308323979377747 -0.23790919267920924 -0.32043453330051624 -0.9169083519672004 -0.9709082912909006 0.06170503728591903 0.23136460030896483 0 0 0 0 0 0
0.5724087357521057 -0.7736716270446777 0.34212931990623474 -0.38331263908317675 0.5078613909261733 -0.7714585071963512 -0.9224149124109584 -0.16800175918456164 0.3477443576433362 0 0 0 0 0 0
0.9458677768707275 -0.6952857971191406 -0.0626303106546402 -0.4253226276602088 0.7473232554919871 -0.5104983978437874 -0.9025176001951278 -0.3921346776705976 0.1780235262716813 0 0 0 0 0 0
1.1571773290634155 -0.2687807083129883 -0.45129430294036865 -0.3632011059879204 0.9280607657729988 -0.08239036134152102 -0.9290053681990871 -0.36754322474531964 -0.04313935327621283 0 0 0 0 0 0
1.3516178131103516 0.23203039169311523 -0.4746416509151459 -0.5158729910895972 0.7414414725884669 0.4291149027825974 -0.6932027279428103 -0.6556036907408556 0.29942240841262135 0 0 0 0 0 0
