t = 0
b = 100 100 100
E = 0 0 0
2.044854164123535 1.789224624633789 -1.5035370588302612 -0.5818699174141703 0.4057573145081228 0.7048321792679326 0.4038762170735468 0.8964598980402202 -0.18232841930998958
1.8896636962890625 1.5190248489379883 -0.9921314716339111 -0.8695371273212171 0.4319564218780043 0.23941352052112036 0.38426024259646996 0.8962399090713904 -0.2215808912054644
1.5914726257324219 1.2303800582885742 -0.6909745931625366 -0.8611229398946779 0.48863906609543206 -0.14035364431510403 0.5024536187095627 0.8594797072417153 -0.09399464817403555
0.9531650543212891 0.9622135162353516 -0.266021192073822 -0.11469834698921838 0.8512730687723544 -0.5120336430165886 0.6277427796259022 0.4617470012462389 0.6266807077512853
1.4118175506591797 0.19318199157714844 -0.259593665599823 0.623807464847067 -0.41270942038579833 -0.6637282434294127 0.06394933763632685 -0.8195621675248331 0.5694105160408195
1.3408870697021484 0.8696117401123047 0.21233627200126648 -0.9518161538566763 0.023436524612711073 0.3057723639761476 -0.2939330522492941 -0.35374079311452084 -0.8879587896305345
1.4606847763061523 1.6990222930908203 0.0869206041097641 -0.7312295893145759 0.38086404295613385 0.5659027023207656 -0.681614293030005 -0.4338876181253747 -0.5891888410133849
1.5020294189453125 2.2616519927978516 0.9528982639312744 -0.07472989962904378 -0.8295223898747548 0.5534510337852016 -0.6918909865595768 -0.3564005713222304 -0.6279056421778696
1.8120479583740234 1.9367437362670898 2.0229930877685547 0.45500872567463757 -0.8646868100859821 -0.21279985907718837 -0.7555340650394291 -0.2482544182640505 -0.6062491405168121
2.122061252593994 1.6867895126342773 2.4125592708587646 0.4653456173746119 -0.7710818364751004 -0.4346104667957592 -0.8084424460588716 -0.17050145331416497 -0.5633383227050208
-0.7401895523071289 -2.151768684387207 0.16377411782741547 0.0 0.0 0.0 0.0 0.0 0.0
-0.9131174087524414 -1.9524259567260742 -0.20063059031963348 0.0 0.0 0.0 0.0 0.0 0.0
-1.3156766891479492 -1.900888442993164 -0.013614649884402752 0.0 0.0 0.0 0.0 0.0 0.0
-1.1352348327636719 -1.6447248458862305 0.299017071723938 0.0 0.0 0.0 0.0 0.0 0.0
-1.051529884338379 -1.363321304321289 -0.035450514405965805 0.0 0.0 0.0 0.0 0.0 0.0
-1.4680595397949219 -1.39654541015625 -0.18137702345848083 0.0 0.0 0.0 0.0 0.0 0.0
-1.6156291961669922 -1.278794288635254 0.22106453776359558 0.0 0.0 0.0 0.0 0.0 0.0
-1.3431472778320312 -0.9262466430664062 0.24360507726669312 0.0 0.0 0.0 0.0 0.0 0.0
-1.5100879669189453 -0.7981653213500977 -0.14967915415763855 0.0 0.0 0.0 0.0 0.0 0.0
-1.9311962127685547 -0.7960519790649414 0.003055841661989689 0.0 0.0 0.0 0.0 0.0 0.0
-1.8045234680175781 -0.5796871185302734 0.36663851141929626 0.0 0.0 0.0 0.0 0.0 0.0
-1.6206779479980469 -0.26141929626464844 0.1148190051317215 0.0 0.0 0.0 0.0 0.0 0.0
-1.9699373245239258 -0.21880435943603516 -0.16294535994529724 0.0 0.0 0.0 0.0 0.0 0.0
-2.234201431274414 -0.2009592056274414 0.19605880975723267 0.0 0.0 0.0 0.0 0.0 0.0
-2.027111053466797 0.10674190521240234 0.44294726848602295 0.0 0.0 0.0 0.0 0.0 0.0
-1.960310935974121 0.3589134216308594 0.08276902139186859 0.0 0.0 0.0 0.0 0.0 0.0
-2.0956716537475586 0.721440315246582 0.2991344928741455 0.0 0.0 0.0 0.0 0.0 0.0
-1.7099008560180664 0.8233413696289062 0.4951895475387573 0.0 0.0 0.0 0.0 0.0 0.0
-1.431666374206543 0.4891080856323242 0.4178241193294525 0.0 0.0 0.0 0.0 0.0 0.0
-1.1804332733154297 0.6282253265380859 0.7619189023971558 0.0 0.0 0.0 0.0 0.0 0.0
-0.7580337524414062 0.49286556243896484 0.8048869371414185 0.0 0.0 0.0 0.0 0.0 0.0
-0.7072010040283203 0.2916440963745117 0.40866708755493164 0.0 0.0 0.0 0.0 0.0 0.0
-0.28609275817871094 0.15628433227539062 0.374973863363266 0.0 0.0 0.0 0.0 0.0 0.0
0.05201530456542969 0.1816415786743164 0.08511696755886078 0.0 0.0 0.0 0.0 0.0 0.0
0.4066753387451172 -0.05773353576660156 -0.0423770509660244 0.0 0.0 0.0 0.0 0.0 0.0
0.737034797668457 -0.043175697326660156 -0.34256497025489807 0.0 0.0 0.0 0.0 0.0 0.0
0.6248016357421875 0.3442392349243164 -0.5349811911582947 0.0 0.0 0.0 0.0 0.0 0.0
0.7524137496948242 0.5128231048583984 -0.9288535714149475 0.0 0.0 0.0 0.0 0.0 0.0
0.8395233154296875 0.950953483581543 -0.9728782176971436 0.0 0.0 0.0 0.0 0.0 0.0
0.571502685546875 1.2975139617919922 -1.0805301666259766 0.0 0.0 0.0 0.0 0.0 0.0
0.27166748046875 1.2048864364624023 -0.7635563015937805 0.0 0.0 0.0 0.0 0.0 0.0
-0.1658763885498047 1.1242341995239258 -0.7767048478126526 0.0 0.0 0.0 0.0 0.0 0.0
-0.23666763305664062 0.7712173461914062 -0.5157277584075928 0.0 0.0 0.0 0.0 0.0 0.0
-0.37308502197265625 0.5502729415893555 -0.8781373500823975 0.0 0.0 0.0 0.0 0.0 0.0
-0.042842864990234375 0.7335319519042969 -1.1169235706329346 0.0 0.0 0.0 0.0 0.0 0.0
0.27378082275390625 0.5637741088867188 -0.8545404076576233 0.0 0.0 0.0 0.0 0.0 0.0
0.06798076629638672 0.16896343231201172 -0.8361086845397949 0.0 0.0 0.0 0.0 0.0 0.0
0.0960397720336914 0.14043521881103516 -1.2771724462509155 0.0 0.0 0.0 0.0 0.0 0.0
0.5328788757324219 0.22202682495117188 -1.2452400922775269 0.0 0.0 0.0 0.0 0.0 0.0
0.5655155181884766 -0.08661365509033203 -0.923805296421051 0.0 0.0 0.0 0.0 0.0 0.0
0.3858957290649414 -0.3473548889160156 -1.2401918172836304 0.0 0.0 0.0 0.0 0.0 0.0
0.1842050552368164 -0.7398185729980469 -1.1685787439346313 0.0 0.0 0.0 0.0 0.0 0.0
-0.0753622055053711 -0.6646833419799805 -0.8135679960250854 0.0 0.0 0.0 0.0 0.0 0.0
-0.07501029968261719 -0.9255428314208984 -0.4569111466407776 0.0 0.0 0.0 0.0 0.0 0.0
-0.38952064514160156 -0.9100456237792969 -0.14122650027275085 0.0 0.0 0.0 0.0 0.0 0.0
-0.3832988739013672 -0.8437156677246094 0.30077803134918213 0.0 0.0 0.0 0.0 0.0 0.0
-0.6512012481689453 -0.9068765640258789 0.6536774039268494 0.0 0.0 0.0 0.0 0.0 0.0
-0.5312204360961914 -0.7697544097900391 1.0623441934585571 0.0 0.0 0.0 0.0 0.0 0.0
-0.5584564208984375 -1.0322580337524414 1.4228745698928833 0.0 0.0 0.0 0.0 0.0 0.0
-0.21905803680419922 -0.8353805541992188 1.6341917514801025 0.0 0.0 0.0 0.0 0.0 0.0
-0.020185470581054688 -1.2242040634155273 1.5738489627838135 0.0 0.0 0.0 0.0 0.0 0.0
-0.22504520416259766 -1.2932348251342773 1.1851428747177124 0.0 0.0 0.0 0.0 0.0 0.0
-0.015958786010742188 -0.9217853546142578 1.0510739088058472 0.0 0.0 0.0 0.0 0.0 0.0
0.3955230712890625 -0.9183816909790039 1.2202450037002563 0.0 0.0 0.0 0.0 0.0 0.0
0.4418954849243164 -1.3236408233642578 1.0344034433364868 0.0 0.0 0.0 0.0 0.0 0.0
0.3405799865722656 -1.1713752746582031 0.6290237307548523 0.0 0.0 0.0 0.0 0.0 0.0
0.567042350769043 -0.7864255905151367 0.6924189329147339 0.0 0.0 0.0 0.0 0.0 0.0
0.9811058044433594 -0.9291820526123047 0.7835203409194946 0.0 0.0 0.0 0.0 0.0 0.0
1.0887603759765625 -1.0369539260864258 0.36252960562705994 0.0 0.0 0.0 0.0 0.0 0.0
0.9906158447265625 -0.6166667938232422 0.24055272340774536 0.0 0.0 0.0 0.0 0.0 0.0
1.41583251953125 -0.47308921813964844 0.1920672059059143 0.0 0.0 0.0 0.0 0.0 0.0
1.6434688568115234 -0.8575687408447266 0.22047755122184753 0.0 0.0 0.0 0.0 0.0 0.0
1.5088129043579102 -0.9734411239624023 -0.18783387541770935 0.0 0.0 0.0 0.0 0.0 0.0
1.7351570129394531 -0.6940326690673828 -0.39903363585472107 0.0 0.0 0.0 0.0 0.0 0.0
1.5894651412963867 -0.6090364456176758 -0.728101909160614 0.0 0.0 0.0 0.0 0.0 0.0
1.1451120376586914 -0.5517463684082031 -0.6748028993606567 0.0 0.0 0.0 0.0 0.0 0.0
0.9332075119018555 -0.7065944671630859 -1.0362731218338013 0.0 0.0 0.0 0.0 0.0 0.0
0.6100101470947266 -0.8742399215698242 -0.7743569016456604 0.0 0.0 0.0 0.0 0.0 0.0
0.4247550964355469 -0.5041999816894531 -0.6074161529541016 0.0 0.0 0.0 0.0 0.0 0.0
0.23856067657470703 -0.5356626510620117 -0.2036828249692917 0.0 0.0 0.0 0.0 0.0 0.0
-0.14521408081054688 -0.35381221771240234 -0.07325294613838196 0.0 0.0 0.0 0.0 0.0 0.0
-0.2909059524536133 -0.3474721908569336 0.34609365463256836 0.0 0.0 0.0 0.0 0.0 0.0
-0.7156534194946289 -0.33045005798339844 0.47804927825927734 0.0 0.0 0.0 0.0 0.0 0.0
-0.8975028991699219 -0.15810871124267578 0.8480895757675171 0.0 0.0 0.0 0.0 0.0 0.0
-0.5132589340209961 0.001552581787109375 1.012802004814148 0.0 0.0 0.0 0.0 0.0 0.0
-0.5531740188598633 0.2124004364013672 1.406556248664856 0.0 0.0 0.0 0.0 0.0 0.0
-0.36921024322509766 -0.09189605712890625 1.6788032054901123 0.0 0.0 0.0 0.0 0.0 0.0
-0.032746315002441406 0.1809377670288086 1.781879186630249 0.0 0.0 0.0 0.0 0.0 0.0
0.23233890533447266 -0.13650798797607422 1.616934061050415 0.0 0.0 0.0 0.0 0.0 0.0
-0.0065670013427734375 -0.1591653823852539 1.2370330095291138 0.0 0.0 0.0 0.0 0.0 0.0
-0.00034427642822265625 0.27919960021972656 1.1630719900131226 0.0 0.0 0.0 0.0 0.0 0.0
0.4322681427001953 0.27626514434814453 1.2857533693313599 0.0 0.0 0.0 0.0 0.0 0.0
0.5308828353881836 -0.02133941650390625 0.9683080911636353 0.0 0.0 0.0 0.0 0.0 0.0
0.3100566864013672 0.22660541534423828 0.6684696078300476 0.0 0.0 0.0 0.0 0.0 0.0
0.5295915603637695 0.5967626571655273 0.7838724851608276 0.0 0.0 0.0 0.0 0.0 0.0
0.9181804656982422 0.39612865447998047 0.705802321434021 0.0 0.0 0.0 0.0 0.0 0.0
0.7891597747802734 0.162506103515625 0.34785473346710205 0.0 0.0 0.0 0.0 0.0 0.0
0.6378335952758789 0.5181055068969727 0.13101999461650848 0.0 0.0 0.0 0.0 0.0 0.0
0.21848583221435547 0.6578102111816406 0.10777492821216583 0.0 0.0 0.0 0.0 0.0 0.0
-0.09132862091064453 0.7385797500610352 0.4211113154888153 0.0 0.0 0.0 0.0 0.0 0.0
-0.5194807052612305 0.8090190887451172 0.3143962323665619 0.0 0.0 0.0 0.0 0.0 0.0
-0.8486652374267578 1.0380640029907227 0.5061075687408447 0.0 0.0 0.0 0.0 0.0 0.0
-1.2569770812988281 1.0857276916503906 0.3425717353820801 0.0 0.0 0.0 0.0 0.0 0.0
-1.5586910247802734 1.1835203170776367 0.03134894371032715 0.0 0.0 0.0 0.0 0.0 0.0
-1.2324409484863281 1.307962417602539 -0.24805933237075806 0.0 0.0 0.0 0.0 0.0 0.0
-0.8967990875244141 1.0162277221679688 -0.215892493724823 0.0 0.0 0.0 0.0 0.0 0.0
-1.2366676330566406 0.7316532135009766 -0.1542578637599945 0.0 0.0 0.0 0.0 0.0 0.0
-1.3058147430419922 0.7681646347045898 -0.5947370529174805 0.0 0.0 0.0 0.0 0.0 0.0
-0.8802452087402344 0.6872768402099609 -0.6888905763626099 0.0 0.0 0.0 0.0 0.0 0.0
-0.8727321624755859 0.3270988464355469 -0.429909348487854 0.0 0.0 0.0 0.0 0.0 0.0
-1.2599124908447266 0.17107582092285156 -0.5751314163208008 0.0 0.0 0.0 0.0 0.0 0.0
-1.1074113845825195 0.18715953826904297 -0.990370512008667 0.0 0.0 0.0 0.0 0.0 0.0
-0.7377243041992188 -0.031084060668945312 -0.8681586384773254 0.0 0.0 0.0 0.0 0.0 0.0
-0.9551458358764648 -0.3532247543334961 -0.6482707262039185 0.0 0.0 0.0 0.0 0.0 0.0
-1.252985954284668 -0.4091072082519531 -0.9725258350372314 0.0 0.0 0.0 0.0 0.0 0.0
-0.9094781875610352 -0.46005725860595703 -1.2539275884628296 0.0 0.0 0.0 0.0 0.0 0.0
-0.719879150390625 -0.7408742904663086 -0.9661864638328552 0.0 0.0 0.0 0.0 0.0 0.0
-1.0977849960327148 -0.9741458892822266 -0.9801568984985352 0.0 0.0 0.0 0.0 0.0 0.0
-1.1440401077270508 -0.9890546798706055 -1.4233336448669434 0.0 0.0 0.0 0.0 0.0 0.0
-0.7252798080444336 -1.1382684707641602 -1.474401831626892 0.0 0.0 0.0 0.0 0.0 0.0
-0.7866792678833008 -1.4669837951660156 -1.1784402132034302 0.0 0.0 0.0 0.0 0.0 0.0
-0.503748893737793 -1.4561834335327148 -0.831060528755188 0.0 0.0 0.0 0.0 0.0 0.0
-0.22093677520751953 -1.794642448425293 -0.7586255669593811 0.0 0.0 0.0 0.0 0.0 0.0
-0.12103080749511719 -1.9076976776123047 -0.3405691683292389 0.0 0.0 0.0 0.0 0.0 0.0
0.23198699951171875 -1.8589773178100586 -0.07137444615364075 0.0 0.0 0.0 0.0 0.0 0.0
0.47347545623779297 -1.592482566833496 -0.33916059136390686 0.0 0.0 0.0 0.0 0.0 0.0
0.9173583984375 -1.6149063110351562 -0.2945490777492523 0.0 0.0 0.0 0.0 0.0 0.0
