t = 0
b = 100 100 100
E = 0 0 0
2.6039462089538574 0.8112611770629883 1.7944231033325195 -0.5214297837412308 0.7848620514015299 0.3348171753320839 0.7523917265026224 0.2375275942775746 0.6143999770891195
2.0951008796691895 0.7421960830688477 1.799306869506836 -0.3661643416059758 0.9167573225569873 0.15962357743894365 0.7899213515958329 0.2155596032901379 0.5740716991129337
1.0774078369140625 1.266972541809082 1.6238312721252441 0.24354661744524228 0.7747281534761701 -0.5835077834462746 0.7280595092522779 0.2523110435606786 0.6373919424378172
0.6901626586914062 1.3891057968139648 0.6766823530197144 0.8467032083935828 -0.5310417199233658 -0.03299043189845376 0.40746084359278684 0.6084477371808827 0.6810044141252816
0.7240943908691406 1.6954736709594727 -0.05595811456441879 0.7573303241501576 -0.5915720029438639 -0.27657430367914254 0.6242206462206829 0.5313788052005917 0.5726998779600226
0.9817399978637695 2.1539244651794434 -0.417993426322937 0.8178284377716978 -0.35589825473045844 -0.4522091094302698 -0.3204394698976019 -0.9344325812926508 0.1554165279193226
1.5599861145019531 2.391768455505371 -0.511765718460083 0.43750987905908095 -0.4717884997297544 -0.7655068368397868 -0.4031220916202821 -0.8640399816075334 0.30154185353171487
