t = 0
b = 100 100 100
E = 0 0 0
1.037904143333435 0.22738447785377502 0.38875144720077515 0.17761199494229493 0.8801342711129632 -0.44024725333052483 0.9727688618922234 -0.22477463307832457 -0.056542954091673446
0.5502309799194336 0.5451139211654663 0.49800774455070496 0.12212678872933994 0.5173797940540209 -0.8469965738887484 0.9836245785103922 0.05077451394621079 0.1729295731903004
0.0495871938765049 0.616215705871582 0.40931132435798645 0.4953526580189161 -0.3084744492993869 -0.8120771258464523 0.8482236514136794 0.37489177195199425 0.3741293847122125
-0.5940043926239014 0.25802358984947205 0.2491564303636551 0.38465104108196024 -0.6632751957892948 -0.6419576241818744 0.8516824428550038 0.5231917795911657 -0.030122720673306874
-0.9832958579063416 0.7372102737426758 -0.02168869785964489 0.304380976636533 0.9520710244186775 -0.030215650318337756 -0.9157347730886075 0.30130772727864885 0.26578840990256125
-0.8588874340057373 -0.1521609127521515 -0.24365508556365967 0.6050547996467497 -0.7058972910898101 0.3682630905432957 0.7768654495172344 0.6237259863202399 -0.0862900187462555
-0.9652652144432068 -0.7197998762130737 -0.3434191644191742 0.37989392934174937 -0.42676508491316617 0.820702238785995 0.8451712510501933 0.5207821980356676 -0.1202973757294404
-1.172063946723938 -1.2513786554336548 -0.02324250154197216 0.21719933441733716 0.3097483642032361 0.9256783458643099 0.9617054467922815 0.09449002780510027 -0.2572824678353536
