t = 0
b = 1000 1000 1000
E = 0 0 0
1.724450707435608 -0.0927409902215004 -1.3430372476577759 -0.38769748660229447 0.237113587875341 -0.8907680985122598 0.6292933300847993 -0.6380650112001716 -0.4436924004227578
1.5787533521652222 0.40457645058631897 -1.3329997062683105 -0.5060538310261572 0.016681103780023132 -0.8623405712828485 0.6459045215952578 -0.6548746398944558 -0.3923602362700736
1.185499906539917 0.7963792085647583 -1.6193362474441528 -0.7152500078735835 -0.6037897563966618 -0.3519308970626173 0.6945982861171569 -0.5627139769039764 -0.44820330333456876
0.7272447943687439 1.0536079406738281 -1.6640926599502563 -0.5997970125546718 -0.7608320580070832 -0.24774608622377367 0.7578372065316418 -0.43914930214870845 -0.48252529344959744
0.2734466791152954 0.9782958030700684 -1.3802262544631958 0.29584019536791006 -0.7358556777064043 0.6090935891896461 0.6118294656393611 -0.34293559953741676 -0.7127831925244632
-0.3772110044956207 1.011708378791809 -1.0704694986343384 -0.53621211666934 -0.6967599886049772 -0.47644735723496073 -0.8404824200787883 0.4959332122662598 0.21826486320471306
-0.17717473208904266 0.5250331163406372 -1.0939759016036987 -0.43654046988875367 0.02567887089205013 -0.8993180826265063 -0.7288356019446898 0.5768553877940339 0.36883129871381076
0.19314615428447723 -0.16879425942897797 -0.29092690348625183 -0.11893045018615545 -0.12936949579177193 0.9844384600253594 0.1522801727704932 0.9774613703517924 0.1462190769051173
0.47890928387641907 -0.6701775193214417 -0.07461769878864288 -0.6614775985536057 -0.11510461620790491 0.7410791549756246 0.09011938502001832 0.9689726077809981 0.23015338757816606
0.5241281390190125 -1.2278711795806885 0.12449007481336594 -0.8339535598503234 0.39262440995983666 -0.38777252702668746 0.3648947553165164 0.9193295965661112 0.14725797234815866
1.461259365081787 -1.6727886199951172 -0.0895574614405632 0.5547076021713617 -0.45299258198993725 -0.6979234891844436 0.6383056750970806 -0.30605206178071953 0.7063271201211452
1.1700423955917358 -1.2103742361068726 0.4761925935745239 -0.5267776755676402 -0.7432222658123521 0.4124632639694198 0.11796864510987347 -0.5447335749475757 -0.8302702759317442
0.528645396232605 -0.5409422516822815 0.8394772410392761 -0.9894431288832712 0.047116429941970336 -0.13704866557251133 0.013401343988187576 0.9715890332062881 0.2362946350059194
0.14386942982673645 -0.9698089957237244 1.0136557817459106 -0.7436397993655123 0.1607920137950492 -0.648957453997836 -0.03340207298735543 0.9607164068917905 0.2755145859098483
0.2121649533510208 -1.8531306982040405 1.024032473564148 0.020702967045855693 -0.5212059991723478 -0.8531797545548375 -0.2882483898301144 0.8140501655227445 -0.5042174072488362
-0.33555009961128235 -1.4114516973495483 1.0788935422897339 0.4960284575844215 0.259228041365093 -0.8287077843464713 0.03860202528996663 -0.9604384795910402 -0.27580393500522016
-0.3134983479976654 -1.01825749874115 2.0646698474884033 -0.11784344015183795 0.33089560733541024 0.9362804177485023 -0.8506751840174598 -0.5202160060571347 0.07567719827546407
-0.6386728882789612 -0.5794438123703003 1.1788403987884521 0.16084910967900998 0.44303749242271995 -0.8819554094302376 -0.08861098636669112 0.8961108360330856 0.43489477191523723
-1.0068345069885254 -0.8717149496078491 0.7718710899353027 0.6797295881694408 0.2741750503144996 -0.6802909147945783 -0.004172935508564399 0.9287804946188616 0.37060677196293146
-1.0684797763824463 -1.749017596244812 0.5949395298957825 0.7609743587577597 -0.6196609715730315 0.19219340681298888 0.595964477465676 0.7846004566894828 0.17096334391242687
-1.1155046224594116 -1.1353816986083984 0.1718577891588211 0.878929115510806 -0.18265633065297585 0.44059082466590604 -0.0030670886289870755 -0.9253723191437687 -0.3790470471192529
-1.5319634675979614 -0.5342957973480225 0.6747331023216248 0.45412957876564636 -0.07024899157314808 0.8881618123253737 0.06498692655305671 -0.9916065060063856 -0.11177314804100104
-1.045121669769287 -0.19939953088760376 0.09222081303596497 0.976858575783537 -0.17620727234251685 0.12123662850710525 0.13388129783523872 0.9460682089949257 0.2950097320752077
-0.6966524124145508 -0.5360931754112244 -0.2985118627548218 0.7312461643457088 -0.2692392435182237 0.6267290298681107 0.12839079947410473 0.9564276894785559 0.2622248603948735
-0.7692364454269409 -1.370402216911316 -0.5827216506004333 0.07053703774302196 -0.5667037337871391 0.8208967075205958 0.14551461611662775 0.8197143109071727 0.5539800943990761
-0.25333547592163086 -0.9234417080879211 -0.6096892356872559 -0.4685390009333524 -0.20420119226337557 0.8595190967527085 -0.11294873853275386 -0.951573137459485 -0.28592157408872065
-0.21671666204929352 -0.0819595456123352 -1.4974637031555176 0.12749337465543686 0.8013606205325905 -0.5844369899985711 -0.7139439881528602 0.4832115645220575 0.5067450697269128
0.09727755934000015 -0.014644990675151348 -1.9307280778884888 0.6436256198644795 0.6897058664363843 0.33174068073918933 -0.7353411606427779 0.4349484755990604 0.5197049172738175
0.4363549053668976 0.07476311922073364 -2.3493826389312744 0.6092331677087767 0.6358926867081565 0.4737883898478435 -0.7838331769849209 0.39234533280133366 0.4813218159264511
0.9965482950210571 0.25230053067207336 -2.4616518020629883 0.39751168104710755 -0.17461659509423794 0.9008293446312666 -0.7496179978856305 0.5042440599572028 0.428731600472622
1.5381041765213013 0.21130338311195374 -2.4775876998901367 0.21803519521868348 -0.24425713081960185 0.9448804726999742 -0.7467687722701608 0.5814046460196762 0.32296290553073087
