t = 0
b = 100 100 100
E = 0 0 0
-0.5986759662628174 0.754878044128418 -3.1392509937286377 0.9267934692496658 -0.3724410358396516 -0.04838946351072938 0.10433130428761829 0.3793344296792003 -0.9193586728832225
-0.5190868377685547 0.3201942443847656 -2.8157036304473877 0.9689283109891286 -0.23173815554897112 -0.08646013778913032 0.021573091912589513 0.4268415570480924 -0.9040690719641343
-0.13463056087493896 -0.11901664733886719 -2.54521107673645 0.7805818621407693 0.5700897302806665 0.2562999335258712 0.011415416646640641 0.3968811204804135 -0.9177990327239373
0.324069082736969 -0.3513774871826172 -2.190943956375122 0.33138617126721076 0.8777614263525727 0.34600301140359446 0.050541474619117045 0.34996591874731126 -0.9353979982118177
0.6267221570014954 -0.2930440902709961 -1.716620683670044 -0.2568514541609826 0.9352175400217784 0.24371188590424206 0.1575094310493136 0.28946504784081484 -0.9441402253950609
0.6574349999427795 -0.11960983276367188 -1.212012529373169 -0.3561575291336287 0.920237157358653 0.16222018572882377 0.31976052945169126 0.28381603934302274 -0.9039920683371142
0.4559512734413147 -0.0776214599609375 -0.734664261341095 -0.7022557262537895 -0.08609057208300731 -0.7067002959828041 0.6481758086078447 0.3333146779955121 -0.6846673984996765
0.5242975354194641 0.6600370407104492 -0.5850175023078918 -0.8622501848371975 0.49312396075129183 -0.11555681754521137 0.16496923053921744 0.06007106944179126 -0.9844676833656947
0.17533022165298462 0.8754806518554688 -0.2709076702594757 -0.8406469944656862 -0.5412888030252396 -0.01786231830731698 0.002682948827824838 0.02773274991033355 -0.9996117728238291
-0.15310049057006836 0.6423759460449219 0.13720008730888367 0.3730594588297525 -0.9174229705019373 -0.1384259129392101 -0.3125917061724323 0.0157598671694639 -0.9497568382586188
-0.8025280237197876 0.38576412200927734 0.041081152856349945 0.06948548351782545 -0.9409578117056763 -0.3313158073052943 0.747135237021462 0.26917097390424116 -0.607730141105677
-1.2091737985610962 0.07672500610351562 0.09568091481924057 0.4719475062067708 -0.881626634079064 -0.0001716613824228195 0.6078235321233002 0.32534151033411 -0.7243641732241287
-1.2793728113174438 -0.26503753662109375 0.5073248744010925 0.8462048585661668 -0.47889953600177243 0.2336505333961402 0.3374958725244493 0.1422500379764202 -0.9305167718664009
-1.285179853439331 -0.5696477890014648 0.9375006556510925 0.972780703380015 -0.16792535248096435 0.1596833714750131 0.1812663521021455 0.12262338072109145 -0.9757591998521516
-1.0654023885726929 -0.8528776168823242 1.4148051738739014 0.9262582338786558 0.3680655844425653 0.08107656702738653 0.08824714879269384 -0.0037569786154732394 -0.9960915248317511
-0.7263951301574707 -0.7563676834106445 1.9201686382293701 0.775104113829103 0.6289316016962223 0.060486801147237264 0.2285916880578799 -0.1896907686768882 -0.954862949553296
-0.4131968021392822 -0.6747207641601562 2.3912761211395264 0.24761823743685513 0.9575956462508317 -0.1472948972983017 0.21756151072647556 -0.2028691001225372 -0.9547309135384094
-0.21199309825897217 -0.3067941665649414 2.798454999923706 -0.30846425408988043 0.8879130895449533 -0.34126258125307163 0.3054366636632576 -0.24700990978183807 -0.9196165227744805
-0.23414170742034912 0.17183685302734375 3.055536985397339 -0.6887319225864188 0.5387238991686606 -0.48520603796215256 0.4220562867637184 -0.24575359968457097 -0.8726245808165718
