t = 0
b = 1000 1000 1000
E = 0 0 0
1.4652910232543945 0.6114153265953064 0.2658844292163849 -0.8969797284925118 0.24655689174626938 0.3669292381453381 0.2792712699958893 0.9594427346409865 0.038434316691056944
1.0778170824050903 0.27828359603881836 0.561833381652832 -0.950206996543446 0.31110975763774124 0.017815230070629944 0.3100958960781852 0.9384070706556588 0.15242278366088563
0.5790324807167053 -0.0035451888106763363 0.7207460403442383 -0.7320723141826448 0.34484654329344167 -0.5874955220134288 0.25559425089634297 0.9384486342267179 0.23234831573898984
0.21278312802314758 -0.3953862190246582 0.6227899193763733 -0.41465810929751706 0.34533558306993933 -0.8419037875313029 0.42112270055230394 0.8929779480497437 0.15889007324689433
-0.3132687211036682 -0.5735858678817749 0.38670945167541504 0.27837763435924046 0.4522290657569033 -0.84734571738647 0.4698981784476065 0.7051922694573279 0.5309421484392104
-0.678246259689331 -0.7953183054924011 -0.020114172250032425 0.6427203770640728 0.4563540154072252 -0.615346674264449 -0.03686739112416492 0.8207699749529458 0.5700679290114807
-1.4435474872589111 -0.5811429619789124 -0.6623132824897766 -0.40841876992597326 0.7495708677728948 -0.520900779955592 -0.8584205116775006 -0.509409454386568 -0.06013512212440716
-0.7937502861022949 -0.6344285607337952 -1.1412540674209595 0.19767745153865468 0.9776244103732653 0.07193147708415445 -0.5953431361480421 0.061457321962101887 0.801117686622047
0.30634185671806335 -0.5248258709907532 -1.2143040895462036 0.9605434980840187 0.270478046401007 0.06479054486274566 0.026333466187286585 -0.32045615260506555 0.9468972504005501
-0.04831557348370552 -0.09712611883878708 -0.7855443954467773 -0.23694111301464066 -0.8155516492713693 0.5279530436829896 0.35620838630067075 -0.5784935155116178 -0.7337989084484126
-0.435987651348114 0.24242527782917023 -0.2291869968175888 0.5822868263775012 -0.34925959951023944 0.7341388042987275 -0.3247522053705232 -0.927754277783663 -0.18386953298764663
-0.3493214249610901 0.5592448115348816 0.13418158888816833 0.7874554749324376 -0.3935480760330302 0.4743772621549533 -0.271459213302255 -0.9123208149989845 -0.3065625972503977
-0.06060264632105827 0.8265203237533569 0.531692624092102 0.890691242602051 -0.3386595878694056 -0.3032800585204017 -0.39196297634253086 -0.9100020346023298 -0.13513445969228238
0.48177453875541687 1.0874696969985962 0.828879714012146 0.8134939298026762 -0.33699586061529235 -0.47398461589207397 -0.33608285750531586 -0.9375389255929659 0.0898280350951115
