t = 0
b = 1000 1000 1000
E = 0 0 0
-2.2790956497192383 -1.0308493375778198 2.3606560230255127 0.24672258578631598 0.862126851622712 0.4425666699764279 -0.3726718088712385 -0.33669210086045476 0.8647277907473614
-2.2881102561950684 -0.6093776226043701 2.0130796432495117 0.49361556502550913 0.6361775695355844 0.5929770433873004 -0.467654807150852 -0.3806999242835965 0.7977258608063069
-2.0778279304504395 -0.15727001428604126 1.7794523239135742 0.7638577515366218 0.13555801820102892 0.630987606153105 -0.5926120001244928 -0.2423130646867105 0.7681766697775859
-1.5203964710235596 0.17144331336021423 1.7631447315216064 0.6912983909894932 -0.5389622711443359 0.48127560181072654 -0.6601272850955421 -0.20396311588375232 0.7229322339136497
-1.0125782489776611 0.2346414476633072 1.593886375427246 0.3217123608768239 -0.8100174370978509 0.49027839892910785 -0.703556063001839 0.14232310974565823 0.6962420546373779
-0.32476845383644104 0.47433120012283325 0.9158415794372559 0.2693201817943265 -0.28727533741781147 -0.9192059182738945 -0.7266451623511229 -0.687009640740419 0.0021357812225591597
-0.23126444220542908 -0.10441631078720093 1.7443451881408691 -0.38589384269566074 -0.9216471873357047 0.040649775469995715 -0.5624336284009525 0.27049844827356967 0.78134435630222
0.05209093540906906 -0.655543327331543 1.6428272724151611 -0.70718341844843 -0.642216667383374 -0.2957183876707457 -0.5668034481844414 0.26400004244987335 0.7804087574551507
0.19786761701107025 -1.1465731859207153 1.4031050205230713 -0.9010865542330855 -0.12173312639639547 -0.4162019554472373 -0.4290650035517651 0.3914415283193599 0.814049600843909
0.093520388007164 -1.5135701894760132 0.9631085395812988 -0.7913060211881748 0.4428020112783496 -0.42161731420707593 -0.3893795080434118 0.16775632445851607 0.9056718027630316
0.06351588666439056 -1.6201103925704956 0.44908151030540466 -0.357838172908547 0.9333516441961587 -0.028399828974837775 -0.24052279900707682 -0.062108865324405425 0.9686543614757105
0.3478631377220154 -1.9369304180145264 -0.3563554584980011 0.0877574514636646 -0.4957821405481317 -0.8640015618192567 0.8749329778336943 0.45265372571483575 -0.17203746363958805
-0.23130306601524353 -1.3324147462844849 -0.4065074026584625 0.38698087123917135 0.8997548303742333 0.20171031335359824 -0.13061507155532176 -0.16289299424416417 0.9779599048574378
-1.2074123620986938 -1.5748149156570435 -0.5825939178466797 -0.5039957032758335 -0.2596278375025563 -0.8237607159079899 0.6979855618812133 0.43894575549861753 -0.5658116109935488
-0.6424908638000488 -1.2907224893569946 -0.018082162365317345 0.4142560815975626 -0.9095300893205226 -0.033866140613240316 -0.08977785587871855 -0.07874098005631837 0.9928442952717161
-1.5237648487091064 -0.896146297454834 -0.1624262034893036 -0.721956778177186 0.22911323308968043 -0.6529054578323047 0.43130864235007926 0.8868910882560682 -0.16552055040416694
-1.1283270120620728 -1.3530257940292358 0.5441256761550903 0.9391461569755007 -0.18203210960868757 0.2913225135645353 0.3049191564209068 0.05271220892210823 -0.9509183619418201
-0.9844199419021606 -1.562904715538025 1.0595884323120117 0.8625533442269254 0.41562074680112704 0.2885500358541312 0.33516336899965976 -0.04297174585855739 -0.9411795498939963
-0.8426969051361084 -1.5817121267318726 1.6085436344146729 0.7101349026222942 0.7032030319408243 0.034841296572552104 0.3182373462463399 -0.276405114877757 -0.906821484043856
-0.6786326766014099 -1.2875584363937378 2.102720022201538 0.26152592643223416 0.9318630084035702 -0.25146674406928887 0.3928428650958003 -0.3410607590999821 -0.8540211015809075
-0.6100530624389648 -0.7103860378265381 2.3879635334014893 -0.5286332974723315 0.6480935156409617 -0.5481985331863523 0.4745941714126361 -0.30953879922905725 -0.8239818591649857
-0.740783154964447 -0.3042408525943756 2.684605360031128 -0.6866066996477165 0.34074631025066304 -0.6422329733433415 0.5644122840860722 -0.30828540589764875 -0.7657668588305875
-1.2326369285583496 0.10040313750505447 2.724498987197876 -0.6469875015652179 -0.3912580513743519 -0.6544649036068643 0.6804601916445923 0.09092664634849176 -0.7271219103911126
-1.7462420463562012 0.19276532530784607 2.868609666824341 -0.49387246823616515 -0.49459211792858754 -0.7151703447439863 0.7278929080474759 0.2148818387614541 -0.651151065256508
-2.274117946624756 0.017008058726787567 2.9752309322357178 0.11634118275329798 -0.8183463839263388 -0.5628267274306088 0.5469952974014108 0.5267260525880746 -0.6506579824652327
2.3968420028686523 1.1229897737503052 0.1707453727722168 0.8514763933929196 -0.22949718347121087 -0.4715071518793406 0.0 -0.4715071518793406 0.22949718347121087
2.0547428131103516 1.0337668657302856 -0.10725392401218414 0.8712344063491255 -0.2216742600088082 -0.437962477437319 0.0 -0.437962477437319 0.2216742600088082
1.9713900089263916 1.3869013786315918 -0.3776220381259918 0.8774088386885728 -0.2516301623327533 -0.40845561716735185 0.0 -0.40845561716735185 0.2516301623327533
1.5633127689361572 1.4336256980895996 -0.5626420974731445 0.8906779885347976 -0.25283402046433107 -0.3778461046979967 0.0 -0.3778461046979967 0.25283402046433107
1.5184664726257324 1.746492624282837 -0.8846660852432251 0.8946345176279369 -0.2804072859174442 -0.34785174122467943 0.0 -0.34785174122467943 0.2804072859174442
1.132225751876831 1.9679059982299805 -0.9600359201431274 0.8987775061771737 -0.2912120059838522 -0.32771109526654957 0.0 -0.32771109526654957 0.2912120059838522
1.2333056926727295 2.1434168815612793 -1.3614253997802734 0.9182318571143618 -0.28753485277112295 -0.27234897653965784 0.0 -0.27234897653965784 0.28753485277112295
1.6343388557434082 2.319983959197998 -1.2589365243911743 0.8870305478753248 -0.3362830274534481 -0.31637087821533827 0.0 -0.31637087821533827 0.3362830274534481
1.560142993927002 2.3987584114074707 -0.8185707330703735 0.8748945809842108 -0.3370856275113715 -0.34775386682210646 0.0 -0.34775386682210646 0.3370856275113715
1.773925542831421 2.068164348602295 -0.5990356206893921 0.8727400462400661 -0.31155018605886053 -0.37584743348275856 0.0 -0.37584743348275856 0.31155018605886053
1.6511266231536865 1.891244888305664 -0.202816441655159 0.8664762160510504 -0.28905649617740936 -0.40702003517700786 0.0 -0.40702003517700786 0.28905649617740936
1.9479103088378906 1.6785190105438232 0.06133032217621803 0.8559572983220106 -0.273829429893863 -0.4385824287101416 0.0 -0.4385824287101416 0.273829429893863
1.798696517944336 1.3870186805725098 0.36891451478004456 0.8524345409585564 -0.2434672876783312 -0.4626867549555876 0.0 -0.4626867549555876 0.2434672876783312
2.1144986152648926 1.25858473777771 0.6631148457527161 0.837396078469514 -0.2316012790966799 -0.4951046912367739 0.0 -0.4951046912367739 0.2316012790966799
2.1357476711273193 0.8742222785949707 0.8947420120239258 0.8328987140955719 -0.19935805305731114 -0.5162713421633442 0.0 -0.5162713421633442 0.19935805305731114
1.9595327377319336 0.8957061767578125 1.312910795211792 0.8205085039975519 -0.19024276733819412 -0.5390486845760827 0.0 -0.5390486845760827 0.19024276733819412
1.8653790950775146 0.49068164825439453 1.4845473766326904 0.8218386022725959 -0.15391880920093867 -0.5485346953373063 0.0 -0.5485346953373063 0.15391880920093867
2.0424160957336426 0.12745077908039093 1.2864961624145508 0.8285607461741372 -0.12275948458388629 -0.5462757534835823 0.0 -0.5462757534835823 0.12275948458388629
1.953075885772705 -0.29741421341896057 1.4010770320892334 0.8297196794286232 -0.08252180700383854 -0.5520465604798962 0.0 -0.5520465604798962 0.08252180700383854
2.05873441696167 -0.68212890625 1.194808006286621 0.8379895640873163 -0.04870395684715565 -0.5435084314600649 0.0 -0.5435084314600649 0.04870395684715565
1.6538269519805908 -0.6750848889350891 0.9900693893432617 0.8574294277980504 -0.04760302597419951 -0.5123950900077082 0.0 -0.5123950900077082 0.04760302597419951
1.454601764678955 -0.27123451232910156 1.051464557647705 0.8569627425995618 -0.08203251806360602 -0.5088079439006244 0.0 -0.5088079439006244 0.08203251806360602
1.6167290210723877 0.13590343296527863 0.9501540660858154 0.8537783668331833 -0.12148492863468614 -0.5062646663972192 0.0 -0.5062646663972192 0.12148492863468614
1.4867689609527588 0.562881588935852 1.0094358921051025 0.850910289133461 -0.1583382136885593 -0.5008799156811202 0.0 -0.5008799156811202 0.1583382136885593
1.6132071018218994 0.9235297441482544 0.7727649211883545 0.8505026862633985 -0.19542915701308727 -0.4883161120093185 0.0 -0.4883161120093185 0.19542915701308727
1.4941649436950684 1.3528554439544678 0.8334598541259766 0.8463069172586049 -0.22831724898037434 -0.481285607117303 0.0 -0.481285607117303 0.22831724898037434
1.5878489017486572 1.7503669261932373 0.6445659399032593 0.841251706462386 -0.26418376914858366 -0.4717017092321919 0.0 -0.4717017092321919 0.26418376914858366
1.8077361583709717 1.9957294464111328 0.9536759853363037 0.8201943876987187 -0.2902519472936569 -0.4929857741149983 0.0 -0.4929857741149983 0.2902519472936569
1.643378496170044 2.3967623710632324 0.8189024925231934 0.8195031394466955 -0.31810230557596497 -0.4766817886433942 0.0 -0.4766817886433942 0.31810230557596497
1.3647918701171875 2.700002431869507 0.9973480701446533 0.84112945504 -0.3114280958193548 -0.4421694030554839 0.0 -0.4421694030554839 0.3114280958193548
1.1607537269592285 2.6234588623046875 1.3905112743377686 0.8088818277188334 -0.3176753546841117 -0.49476515420203476 0.0 -0.49476515420203476 0.3176753546841117
1.2210962772369385 2.261871814727783 1.6513705253601074 0.8076207580976604 -0.28786605462677667 -0.514666732637125 0.0 -0.514666732637125 0.28786605462677667
0.7983447313308716 2.118175983428955 1.5785834789276123 0.8231503829670616 -0.270220989744468 -0.4994037081587401 0.0 -0.4994037081587401 0.270220989744468
0.6218947172164917 1.9675536155700684 1.1911687850952148 0.8648979017939963 -0.24249279176539607 -0.4394870480619047 0.0 -0.4394870480619047 0.24249279176539607
0.998744010925293 1.8898358345031738 0.9609546661376953 0.8455144765679815 -0.26112812324910734 -0.4657438922437645 0.0 -0.4657438922437645 0.26112812324910734
0.974677324295044 1.653043508529663 0.5748313665390015 0.8602760156184934 -0.24698086698493937 -0.4460107939220051 0.0 -0.4460107939220051 0.24698086698493937
1.0446465015411377 1.2274742126464844 0.7002127766609192 0.8640870162799246 -0.21387036215214894 -0.4556458015710957 0.0 -0.4556458015710957 0.21387036215214894
1.1238906383514404 0.836302638053894 0.49018701910972595 0.8735450869696111 -0.18186866253158426 -0.45148950222594003 0.0 -0.45148950222594003 0.18186866253158426
1.0855011940002441 0.439378559589386 0.6962211728096008 0.8732812543449013 -0.1452095521409717 -0.46507422716896923 0.0 -0.46507422716896923 0.1452095521409717
1.2693469524383545 0.11230643093585968 0.4421709477901459 0.8817916389098389 -0.11822727335199541 -0.4565805705288528 0.0 -0.4565805705288528 0.11822727335199541
1.2694642543792725 -0.3177241384983063 0.5776487588882446 0.880279700026268 -0.07956972214467617 -0.46773529804739206 0.0 -0.46773529804739206 0.07956972214467617
1.3895630836486816 -0.7202834486961365 0.41152992844581604 0.8856496419292121 -0.04370919525383193 -0.4622923512247643 0.0 -0.4622923512247643 0.04370919525383193
1.2380015850067139 -1.1028848886489868 0.5744789838790894 0.8834693314278572 -0.00771562535206003 -0.468425457839176 0.0 -0.468425457839176 0.00771562535206003
1.2329535484313965 -1.5302151441574097 0.4359489977359772 0.8895110310374654 0.030807175104683313 -0.45587393391675163 0.0 -0.45587393391675163 -0.030807175104683313
0.904473066329956 -1.826293706893921 0.5048617124557495 0.8902756189968217 0.05712701611250937 -0.4518249951584208 0.0 -0.4518249951584208 -0.05712701611250937
0.9362881183624268 -2.183419942855835 0.7713561058044434 0.8969144214412788 0.08298821344434908 -0.43434718491083973 0.0 -0.43434718491083973 -0.08298821344434908
1.0017964839935303 -2.4732768535614014 0.43876633048057556 0.8866168091873128 0.1167903430830451 -0.44751608845834007 0.0 -0.44751608845834007 -0.1167903430830451
1.3337986469268799 -2.2121827602386475 0.26489946246147156 0.8911429794413697 0.09658683794771435 -0.4433228766120923 0.0 -0.4433228766120923 -0.09658683794771435
1.1008803844451904 -2.2153522968292236 -0.1255682110786438 0.907542202196156 0.09569854377095262 -0.4089118975440436 0.0 -0.4089118975440436 -0.09569854377095262
0.9999179840087891 -1.7742865085601807 -0.15374383330345154 0.9126498106372829 0.055833709979670514 -0.4049110025346778 0.0 -0.4049110025346778 -0.055833709979670514
1.1092157363891602 -1.3645662069320679 -0.018735544756054878 0.9084529828809679 0.01626825799122373 -0.41767035048780105 0.0 -0.41767035048780105 -0.01626825799122373
0.8536396026611328 -1.0163623094558716 0.0961974635720253 0.9073341609036474 -0.015627362880048287 -0.4201196329460091 0.0 -0.4201196329460091 0.015627362880048287
1.0157666206359863 -0.6084024906158447 0.014018727466464043 0.9067568346615185 -0.051664289361636404 -0.4184768141718021 0.0 -0.4184768141718021 0.051664289361636404
0.7850786447525024 -0.2856742739677429 0.22287032008171082 0.9020953391498509 -0.08149605892068555 -0.42377162654490164 0.0 -0.42377162654490164 0.08149605892068555
0.8437780141830444 0.15410026907920837 0.1497310996055603 0.8993028095618021 -0.11958095808102719 -0.4206600185169403 0.0 -0.4206600185169403 0.11958095808102719
0.5979455709457397 0.46896296739578247 0.35917040705680847 0.8947184367173037 -0.14383408110566356 -0.42283646497272886 0.0 -0.42283646497272886 0.14383408110566356
0.6429089307785034 0.8999326229095459 0.24529334902763367 0.8910447170397074 -0.17969068304226085 -0.4168339845351309 0.0 -0.4168339845351309 0.17969068304226085
0.454601913690567 1.1778147220611572 0.5443075895309448 0.8814124612513469 -0.20141618052318327 -0.42725120874527106 0.0 -0.42725120874527106 0.20141618052318327
0.3708968460559845 1.605027198791504 0.43759235739707947 0.8784612690946588 -0.23194602874194342 -0.41774015661825337 0.0 -0.41774015661825337 0.23194602874194342
0.22320964932441711 1.8494510650634766 0.7842700481414795 0.8677413881974427 -0.24716012780557783 -0.4312038432485328 0.0 -0.4312038432485328 0.24716012780557783
-0.0014907681616023183 2.2311134338378906 0.7294449806213379 0.8659696905864345 -0.2715438964250788 -0.41995286318814523 0.0 -0.41995286318814523 0.2715438964250788
0.1773068606853485 2.498898983001709 1.0430119037628174 0.8486842708436232 -0.29245207864991496 -0.4406889947751948 0.0 -0.4406889947751948 0.29245207864991496
0.024454506114125252 2.895001173019409 1.2007954120635986 0.8385283497869188 -0.3164771724172164 -0.44352272314102525 0.0 -0.44352272314102525 0.3164771724172164
0.23084093630313873 3.18755841255188 1.4732770919799805 0.8200752623635017 -0.33639377380133567 -0.4629425374786052 0.0 -0.4629425374786052 0.33639377380133567
-0.05255889520049095 3.4603917598724365 1.6840074062347412 0.8147226507109216 -0.34808769586569605 -0.46374773142893116 0.0 -0.46374773142893116 0.34808769586569605
0.25655102729797363 3.5327093601226807 2.0020391941070557 0.8215915900953231 -0.3341746879953826 -0.4618598672626007 0.0 -0.4618598672626007 0.3341746879953826
0.3793497681617737 3.104909658432007 2.064377784729004 0.8007214257051246 -0.32811551448163023 -0.5011840057037014 0.0 -0.5011840057037014 0.32811551448163023
0.42231762409210205 2.8127048015594482 1.716057300567627 0.8160699413976066 -0.3117213442424055 -0.48668229297049076 0.0 -0.48668229297049076 0.3117213442424055
0.11895997077226639 2.4797630310058594 1.6851813793182373 0.8299858734619455 -0.2845978557195945 -0.47971607266530086 0.0 -0.47971607266530086 0.2845978557195945
-0.008064928464591503 2.163374423980713 1.3918025493621826 0.8477028054742182 -0.26210233012807177 -0.46119661981911264 0.0 -0.46119661981911264 0.26210233012807177
-0.43985649943351746 2.1856799125671387 1.2659516334533691 0.8598674863837434 -0.25429956608550486 -0.4426732842049842 0.0 -0.4426732842049842 0.25429956608550486
-0.42729467153549194 1.8132920265197754 1.0219974517822266 0.8724093759476496 -0.2303582269086484 -0.43108812098471994 0.0 -0.43108812098471994 0.2303582269086484
-0.14612513780593872 1.5436277389526367 0.8077497482299805 0.879000920167723 -0.21811781524999252 -0.4240070766094198 0.0 -0.4240070766094198 0.21811781524999252
-0.20282873511314392 1.388662338256836 0.39345064759254456 0.8935947964939465 -0.20605944583769353 -0.39878295407402364 0.0 -0.39878295407402364 0.20605944583769353
-0.0039560142904520035 0.9990168809890747 0.31326761841773987 0.8990766659355705 -0.1814460572866446 -0.39841997573579324 0.0 -0.39841997573579324 0.1814460572866446
0.11649472266435623 0.7623416185379028 -0.0455021895468235 0.9092751850077997 -0.1642585910642179 -0.3824104512047619 0.0 -0.3824104512047619 0.1642585910642179
0.25455546379089355 0.3557906448841095 0.06532178819179535 0.9100993742913426 -0.1327856475449823 -0.3925392983136419 0.0 -0.3925392983136419 0.1327856475449823
0.39061981439590454 0.020852793008089066 -0.1970638781785965 0.9190456555903527 -0.10276993302975175 -0.38051731078304313 0.0 -0.38051731078304313 0.10276993302975175
0.37030985951423645 -0.42502617835998535 -0.13061633706092834 0.920815438401453 -0.0677532636688821 -0.3840682539129665 0.0 -0.3840682539129665 0.0677532636688821
0.612502932548523 -0.6817765235900879 -0.40626731514930725 0.9270464106512235 -0.04360381725961023 -0.3724025505002267 0.0 -0.3724025505002267 0.04360381725961023
0.6121505498886108 -1.128008246421814 -0.4205898344516754 0.9284696310479293 -0.0054944426152494915 -0.3713676821185034 0.0 -0.3713676821185034 0.0054944426152494915
0.9908783435821533 -1.2870830297470093 -0.6033793687820435 0.9297506870724287 0.01237251104559425 -0.36798176701947266 0.0 -0.36798176701947266 -0.01237251104559425
1.0323197841644287 -1.731318712234497 -0.6465820074081421 0.9287074879296718 0.051438135301720804 -0.3672281580979874 0.0 -0.3672281580979874 -0.051438135301720804
1.4347612857818604 -1.9112904071807861 -0.5490238666534424 0.9199207505277698 0.07091103386633453 -0.3856389996154855 0.0 -0.3856389996154855 -0.07091103386633453
1.4835994243621826 -2.1790764331817627 -0.9092023372650146 0.9285454720332667 0.0979489374398135 -0.3580632793528674 0.0 -0.3580632793528674 -0.0979489374398135
1.3262851238250732 -1.8686749935150146 -1.196480631828308 0.9423392212576697 0.07084156448045541 -0.3270753197987433 0.0 -0.3270753197987433 -0.07084156448045541
1.536898136138916 -1.7133567333221436 -1.5573632717132568 0.951035329987777 0.054513350148370714 -0.3042369073117878 0.0 -0.3042369073117878 -0.054513350148370714
1.7421104907989502 -1.319015383720398 -1.5694553852081299 0.95178546720331 0.017167446556403267 -0.3062836972470295 0.0 -0.3062836972470295 -0.017167446556403267
1.5041439533233643 -1.2279142141342163 -1.93855619430542 0.9637137468615489 0.0041230930436161935 -0.2669060025811113 0.0 -0.2669060025811113 -0.0041230930436161935
1.119899034500122 -1.2763997316360474 -1.7057549953460693 0.9612548251001689 0.00814032669540089 -0.2755410973029899 0.0 -0.2755410973029899 -0.00814032669540089
1.251502513885498 -1.0190623998641968 -1.367177963256836 0.9513006628194003 -0.018069831582280756 -0.3077345123738285 0.0 -0.3077345123738285 0.018069831582280756
1.4042377471923828 -0.7026736736297607 -1.6496386528015137 0.955635982034865 -0.04478882277343201 -0.2911251126145414 0.0 -0.2911251126145414 0.04478882277343201
1.0145926475524902 -0.7288534045219421 -1.8749263286590576 0.9645392880876252 -0.04546613875057129 -0.2599938306239801 0.0 -0.2599938306239801 0.04546613875057129
0.7742780447006226 -0.6769633889198303 -1.499720811843872 0.9576613246412146 -0.04861914224662682 -0.2837621650143594 0.0 -0.2837621650143594 0.04861914224662682
1.0285630226135254 -0.3234767019748688 -1.3938274383544922 0.9506561781251311 -0.07902834037882221 -0.3000122537655554 0.0 -0.3000122537655554 0.07902834037882221
1.0134186744689941 -0.15207511186599731 -1.808596134185791 0.9591452756778833 -0.10040493866521463 -0.2644979932559637 0.0 -0.2644979932559637 0.10040493866521463
0.5693000555038452 -0.21159601211547852 -1.8367717266082764 0.9632011486130073 -0.09302489220160536 -0.25217041210551056 0.0 -0.25217041210551056 0.09302489220160536
0.5039093494415283 -0.01495353039354086 -1.4342124462127686 0.953483198762463 -0.10789058790701367 -0.28147719395855186 0.0 -0.28147719395855186 0.10789058790701367
0.7800306081771851 0.3240931034088135 -1.5431580543518066 0.9496972672539418 -0.13965115768748665 -0.2803081424556544 0.0 -0.2803081424556544 0.13965115768748665
0.5265671014785767 0.3791530728340149 -1.9074456691741943 0.9588602413582701 -0.14564697557315887 -0.2436677985470214 0.0 -0.2436677985470214 0.14564697557315887
0.13527828454971313 0.3332502841949463 -1.6854450702667236 0.9581045196588606 -0.13687311111598427 -0.2515978554413676 0.0 -0.2515978554413676 0.13687311111598427
0.23295380175113678 0.6519871950149536 -1.3870182037353516 0.9470500039621231 -0.16309816714267064 -0.2765777971386062 0.0 -0.2765777971386062 0.16309816714267064
0.37101414799690247 0.9236470460891724 -1.7191383838653564 0.9484779569706489 -0.19039575315875584 -0.2532568307467623 0.0 -0.2532568307467623 0.19039575315875584
-0.024501154199242592 0.8967628479003906 -1.9344472885131836 0.9563427520734555 -0.1844513284119396 -0.2266853502184032 0.0 -0.2266853502184032 0.1844513284119396
-0.29052528738975525 1.2563540935516357 -1.9070935249328613 0.9521864748374423 -0.2076592108882253 -0.22409500054647472 0.0 -0.22409500054647472 0.2076592108882253
-0.6342678070068359 0.9824635982513428 -1.808713674545288 0.9566567380031042 -0.18216220238937555 -0.2272109540799309 0.0 -0.2272109540799309 0.18216220238937555
-0.44032570719718933 0.8667088747024536 -1.416837453842163 0.9500983905531734 -0.17317756903932507 -0.25946594738018947 0.0 -0.25946594738018947 0.17317756903932507
-0.3424157202243805 1.301435112953186 -1.344167709350586 0.941440399745571 -0.20582286513195286 -0.26707100538203987 0.0 -0.26707100538203987 0.20582286513195286
-0.776554524898529 1.3989930152893066 -1.416954755783081 0.9445835681989783 -0.20883777622830618 -0.25327586917924505 0.0 -0.25327586917924505 0.20883777622830618
-0.9086275696754456 1.0752085447311401 -1.1306201219558716 0.9449005255787789 -0.18334833467719702 -0.2711943674415936 0.0 -0.2711943674415936 0.18334833467719702
-0.6325068473815918 1.2076337337493896 -0.8016653060913086 0.9337246434743994 -0.1943187440970104 -0.30066345947116047 0.0 -0.30066345947116047 0.1943187440970104
-0.6636171340942383 1.651752233505249 -0.8663519620895386 0.9283366820782737 -0.22707355031047427 -0.29432738142636145 0.0 -0.29432738142636145 0.22707355031047427
-1.0922385454177856 1.6983590126037598 -1.0005425214767456 0.9346843298025107 -0.22395019083718673 -0.2760643324401381 0.0 -0.2760643324401381 0.22395019083718673
-1.2841849327087402 1.301552414894104 -0.8921796083450317 0.940980253456131 -0.1920578126801701 -0.27869330669060605 0.0 -0.27869330669060605 0.1920578126801701
-1.3905484676361084 1.2285308837890625 -1.3230359554290771 0.9505679723873383 -0.18602897697013418 -0.24862371085411367 0.0 -0.24862371085411367 0.18602897697013418
-1.4439648389816284 0.7810078859329224 -1.3944144248962402 0.9580029008139661 -0.1525348155605528 -0.24282415875265437 0.0 -0.24282415875265437 0.1525348155605528
-1.1607996225357056 0.5748564004898071 -1.6749966144561768 0.963852912298561 -0.1412955789948689 -0.2258829847732827 0.0 -0.2258829847732827 0.1412955789948689
-1.2661056518554688 0.4876292943954468 -2.103032350540161 0.9760169807396109 -0.12392019550917473 -0.1789822294332655 0.0 -0.1789822294332655 0.12392019550917473
-1.2672796249389648 0.7381577491760254 -2.4754202365875244 0.9749586570276997 -0.1525022933080744 -0.16186002478228628 0.0 -0.16186002478228628 0.1525022933080744
-1.6705433130264282 -0.2012648582458496 -2.709512710571289 0.9866871460371335 -0.07797645169089987 -0.14271702360543137 0.0 -0.14271702360543137 0.07797645169089987
-1.4850542545318604 0.16137893497943878 -2.5370545387268066 0.9821744678487933 -0.10505256912845543 -0.15587582373623865 0.0 -0.15587582373623865 0.10505256912845543
-1.036239743232727 0.1187632828950882 -2.5347065925598145 0.9805706381375443 -0.10700093878137441 -0.16441418041773004 0.0 -0.16441418041773004 0.10700093878137441
-0.6633825302124023 0.24496664106845856 -2.3198673725128174 0.9756630655351548 -0.12044287345725707 -0.18323508611590572 0.0 -0.18323508611590572 0.12044287345725707
-0.3041437864303589 0.2523628771305084 -2.5864791870117188 0.9774647934839665 -0.1248120652635236 -0.17024842396921286 0.0 -0.17024842396921286 0.1248120652635236
0.09289763867855072 0.1893197000026703 -2.386080026626587 0.9737679178445332 -0.12528766058896074 -0.18994484536535297 0.0 -0.18994484536535297 0.12528766058896074
0.46011990308761597 0.3370070457458496 -2.5976321697235107 0.9736451141902746 -0.14010224104448576 -0.17996264520094213 0.0 -0.17996264520094213 0.14010224104448576
0.8193591833114624 0.07884765416383743 -2.507117986679077 0.9733439143043302 -0.1239702975272405 -0.19295851838603167 0.0 -0.19295851838603167 0.1239702975272405
1.132812738418579 0.2643374502658844 -2.7713818550109863 0.9785314261908341 -0.1316741745970482 -0.15855018038816063 0.0 -0.15855018038816063 0.1316741745970482
1.0653088092803955 0.14588244259357452 -3.1990644931793213 0.9819488509557501 -0.1327687939170346 -0.1347178587585849 0.0 -0.1347178587585849 0.1327687939170346
0.7411717176437378 -0.15512734651565552 -3.1202900409698486 0.9857064504707329 -0.1013868135971347 -0.1345492754681651 0.0 -0.1345492754681651 0.1013868135971347
0.342956006526947 -0.011783785186707973 -2.97119402885437 0.9835031573514476 -0.10770336068226843 -0.14533246566916508 0.0 -0.14533246566916508 0.10770336068226843
0.0634305328130722 -0.2711169719696045 -2.734636068344116 0.9834865053911634 -0.08539446283606686 -0.1595684161430971 0.0 -0.1595684161430971 0.08539446283606686
-0.38350480794906616 -0.22873622179031372 -2.7376885414123535 0.9841651606792545 -0.08258923903189795 -0.15683734919115733 0.0 -0.15683734919115733 0.08258923903189795
-0.6367330551147461 -0.3622179925441742 -2.3905413150787354 0.9814293849094686 -0.06957774559010942 -0.1787604535539673 0.0 -0.1787604535539673 0.06957774559010942
-1.0756856203079224 -0.39180243015289307 -2.491621255874634 0.983637511447015 -0.06534200683279774 -0.16789183487408268 0.0 -0.16789183487408268 0.06534200683279774
-1.400174856185913 -0.37266650795936584 -2.183098077774048 0.9807186663187026 -0.06277108252650869 -0.1850694159836127 0.0 -0.1850694159836127 0.06277108252650869
-1.6082050800323486 -0.7594944834709167 -2.077439546585083 0.9810461191162645 -0.03404052393159236 -0.19076098892954757 0.0 -0.19076098892954757 0.03404052393159236
-1.8624895811080933 -0.6507835388183594 -1.7158513069152832 0.9762405380542453 -0.041626838085416756 -0.212653751931557 0.0 -0.212653751931557 0.041626838085416756
-1.9999631643295288 -0.3196024000644684 -1.440434455871582 0.97044245046924 -0.06392366343891752 -0.23271273188161484 0.0 -0.23271273188161484 0.06392366343891752
-2.2056455612182617 -0.2621946930885315 -1.0402233600616455 0.9644757346785089 -0.06834070247166142 -0.25517857590720733 0.0 -0.25517857590720733 0.06834070247166142
-1.6468288898468018 -0.24904614686965942 -0.8939405679702759 0.9585530341564118 -0.07317261439775155 -0.27535767505507186 0.0 -0.27535767505507186 0.07317261439775155
-1.5126426219940186 -0.2154700756072998 -1.3238577842712402 0.9656512676089527 -0.07256316370852374 -0.24950394112685417 0.0 -0.24950394112685417 0.07256316370852374
-1.2746758460998535 -0.5399592518806458 -1.5197958946228027 0.9697386433362121 -0.05268176552823132 -0.23839378180076617 0.0 -0.23839378180076617 0.05268176552823132
-1.0428138971328735 -0.4905345141887665 -1.8992278575897217 0.9753512073356638 -0.05334756979875243 -0.21411225827922709 0.0 -0.21411225827922709 0.05334756979875243
-0.8224570751190186 -0.816902220249176 -2.112306833267212 0.9791690457768327 -0.03290887035595285 -0.20036213725248084 0.0 -0.20036213725248084 0.03290887035595285
-0.5315443277359009 -0.8327510952949524 -2.4501795768737793 0.983571570645921 -0.02949597453840678 -0.17809254027933205 0.0 -0.17809254027933205 0.02949597453840678
-0.7542490363121033 -1.0849229097366333 -2.745554208755493 0.9886474430890074 -0.0072248448470331895 -0.15008009491769386 0.0 -0.15008009491769386 0.0072248448470331895
-0.40581080317497253 -1.2639554738998413 -2.967672109603882 0.9906457933085878 0.009160929599358016 -0.1361506135457139 0.1361506135457139 0.0 0.9906457933085878
-0.21257290244102478 -1.670036792755127 -2.9636805057525635 0.9910896417460525 0.04070933162739654 -0.12682299610926953 0.12682299610926953 0.0 0.9910896417460525
-0.38233083486557007 -2.005796194076538 -2.718317747116089 0.9850698861884274 0.07271019691633233 -0.1560466167179119 0.0 -0.1560466167179119 -0.07271019691633233
-0.7576536536216736 -1.945336103439331 -2.4769465923309326 0.9827186622421744 0.06502924431443115 -0.17330674616080347 0.0 -0.17330674616080347 -0.06502924431443115
-0.5858993530273438 -2.05275559425354 -2.0756783485412598 0.9755552518052765 0.07314405269788367 -0.20722427036926125 0.0 -0.20722427036926125 -0.07314405269788367
-0.2970999479293823 -1.7815651893615723 -1.8711695671081543 0.9760619593149673 0.0487879816275214 -0.21194995736479766 0.0 -0.21194995736479766 -0.0487879816275214
-0.37740033864974976 -1.4115256071090698 -2.103854179382324 0.9767820186134324 0.02008146464383172 -0.21329234137968142 0.0 -0.21329234137968142 -0.02008146464383172
-0.21539053320884705 -1.032328486442566 -1.9397304058074951 0.9740762948927212 -0.010561159353118549 -0.22597308167387176 0.0 -0.22597308167387176 0.010561159353118549
-0.541992723941803 -0.8841714859008789 -1.6732356548309326 0.9702186939079651 -0.027130689128648796 -0.2407064845385904 0.0 -0.2407064845385904 0.027130689128648796
-0.5944695472717285 -0.4740986227989197 -1.499720811843872 0.965498997627526 -0.056820210145018736 -0.2541321492832386 0.0 -0.2541321492832386 0.056820210145018736
-0.886791467666626 -0.45989346504211426 -1.1600871086120605 0.9600985383891475 -0.059878230139270225 -0.27317648899275937 0.0 -0.27317648899275937 0.059878230139270225
-1.0193344354629517 -0.058625902980566025 -1.004416823387146 0.9549867380982165 -0.08908817884944475 -0.28295516684771477 0.0 -0.28295516684771477 0.08908817884944475
-1.3030861616134644 0.08143044263124466 -0.6889628171920776 0.9495924148747049 -0.09920716930446867 -0.29737549188025 0.0 -0.29737549188025 0.09920716930446867
-1.4227155447006226 0.4532313942909241 -0.4696625769138336 0.9423965779269019 -0.1233494579750934 -0.31092378668882054 0.0 -0.31092378668882054 0.1233494579750934
-1.624640703201294 0.4727194905281067 -0.0692167654633522 0.9354793536151425 -0.12522328772614788 -0.3304504609935503 0.0 -0.3304504609935503 0.12522328772614788
-1.6847487688064575 0.745436429977417 0.2816874086856842 0.9244869555018241 -0.1403953410240214 -0.3544192677122915 0.0 -0.3544192677122915 0.1403953410240214
-1.541757345199585 0.7994396686553955 0.7050259709358215 0.9124932594290917 -0.14456241385945584 -0.3826980010342358 0.0 -0.3826980010342358 0.14456241385945584
-1.7499046325683594 0.669127345085144 1.0798749923706055 0.9176504437901173 -0.1246225256285195 -0.3773418729981733 0.0 -0.3773418729981733 0.1246225256285195
-1.8265656232833862 1.1063190698623657 1.1544229984283447 0.9011586410026048 -0.16171031610602513 -0.4021975601756281 0.0 -0.4021975601756281 0.16171031610602513
-1.905105471611023 1.1976549625396729 0.7151222229003906 0.9112869224292014 -0.17041196969441622 -0.37485451257038876 0.0 -0.37485451257038876 0.17041196969441622
-1.5566670894622803 1.4888029098510742 0.7278013229370117 0.9041395398692776 -0.19418949055024443 -0.380555034396876 0.0 -0.380555034396876 0.19418949055024443
-1.2672796249389648 1.2648069858551025 0.46036776900291443 0.9097516003507803 -0.18359227266243755 -0.3723518538665214 0.0 -0.3723518538665214 0.18359227266243755
-1.2507266998291016 0.9985474348068237 0.1019500195980072 0.9210228643196084 -0.1644197576255273 -0.35310483811874777 0.0 -0.35310483811874777 0.1644197576255273
-1.0171037912368774 0.6236940622329712 0.045481543987989426 0.9251933885848056 -0.1415119791428171 -0.3521243437736842 0.0 -0.3521243437736842 0.1415119791428171
-0.8842089176177979 0.5268404483795166 -0.373747855424881 0.9341623258174128 -0.13465073427975818 -0.3304692554252569 0.0 -0.3304692554252569 0.13465073427975818
-0.752839982509613 0.09974462538957596 -0.41483739018440247 0.9382831227387327 -0.10439796490132688 -0.3297360254932924 0.0 -0.3297360254932924 0.10439796490132688
-0.5371791124343872 -0.00650095846503973 -0.794151782989502 0.9458710061198843 -0.0954604565872234 -0.31018597810010184 0.0 -0.31018597810010184 0.0954604565872234
-0.35286417603492737 -0.4043641984462738 -0.9052108526229858 0.9499719209691588 -0.06840520939740508 -0.3047524843171311 0.0 -0.3047524843171311 0.06840520939740508
-0.1300419420003891 -0.5815184712409973 -1.2548274993896484 0.9571122414862921 -0.05036130439125244 -0.28530667047424096 0.0 -0.28530667047424096 0.05036130439125244
-0.13227210938930511 -1.0306848287582397 -1.2446138858795166 0.9586349521183611 -0.014514181525474457 -0.28426812538811497 0.0 -0.28426812538811497 0.014514181525474457
0.17918559908866882 -1.2083085775375366 -1.5205001831054688 0.9627039179790413 0.004028162417292926 -0.2705271524548755 0.0 -0.2705271524548755 -0.004028162417292926
0.1505400389432907 -1.6485530138015747 -1.5883567333221436 0.9636177107404278 0.042029896503891426 -0.2639590789255965 0.0 -0.2639590789255965 -0.042029896503891426
0.4959265887737274 -1.8775970935821533 -1.7524797916412354 0.9643973350224776 0.06472870893197295 -0.2564136783433037 0.0 -0.2564136783433037 -0.06472870893197295
0.3125499486923218 -2.1668670177459717 -2.0388152599334717 0.9691048882105009 0.09260285568000445 -0.22860539531345392 0.0 -0.22860539531345392 -0.09260285568000445
0.510483980178833 -2.5234062671661377 -2.221487283706665 0.9690417745799951 0.12484824738384995 -0.21300458737791267 0.0 -0.21300458737791267 -0.12484824738384995
0.34929555654525757 -2.792131185531616 -2.5449202060699463 0.9714889300191755 0.14978834121063778 -0.1837735336972199 0.0 -0.1837735336972199 -0.14978834121063778
0.33755582571029663 -3.1881163120269775 -2.3316071033477783 0.9627360476730008 0.18494459125430468 -0.19731903272808687 0.0 -0.19731903272808687 -0.18494459125430468
0.07129645347595215 -3.3576395511627197 -2.6437697410583496 0.9715243350332166 0.1802829662780009 -0.15374823091103063 0.0 -0.15374823091103063 -0.1802829662780009
-0.26094090938568115 -3.0804617404937744 -2.5324759483337402 0.9707066378811972 0.1666375025207025 -0.17309120696050753 0.0 -0.17309120696050753 -0.1666375025207025
-0.10268767923116684 -2.6773154735565186 -2.3951196670532227 0.9726871338021108 0.13439152666406576 -0.1892581763008835 0.0 -0.1892581763008835 -0.13439152666406576
-0.06911175698041916 -2.634934663772583 -1.9471263885498047 0.9661924155283801 0.12601728251081343 -0.22492634501992875 0.0 -0.22492634501992875 -0.12601728251081343
0.03689855337142944 -2.339090585708618 -1.630737543106079 0.9611469011782685 0.10507670707222087 -0.2552557932472257 0.0 -0.2552557932472257 -0.10507670707222087
0.4386359751224518 -2.446627378463745 -1.4601573944091797 0.9528846133022284 0.11614020351186924 -0.28021842705304784 0.0 -0.28021842705304784 -0.11614020351186924
0.4473234713077545 -2.113802671432495 -1.1557433605194092 0.9480954627160832 0.08675123366464842 -0.30592354769588714 0.0 -0.30592354769588714 -0.08675123366464842
0.2705214023590088 -1.705138921737671 -1.1134799718856812 0.9509907758503591 0.047510665554247905 -0.30554751006369607 0.0 -0.30554751006369607 -0.047510665554247905
0.479842871427536 -1.3340424299240112 -0.9799935817718506 0.9465837142560121 0.014047095158522758 -0.32215206195661655 0.0 -0.32215206195661655 -0.014047095158522758
0.24375464022159576 -0.9792643785476685 -0.85355544090271 0.9452805768080882 -0.01811127788134492 -0.3257554492604426 0.0 -0.3257554492604426 0.01811127788134492
0.3001054525375366 -0.5432465672492981 -0.7795944213867188 0.9416134848132789 -0.05334633216390925 -0.3324427981810567 0.0 -0.3324427981810567 0.05334633216390925
-0.03577122464776039 -0.34660422801971436 -0.5649900436401367 0.9380436073693882 -0.07244408945599855 -0.3388599188105852 0.0 -0.3388599188105852 0.07244408945599855
-0.08355184644460678 0.07720423489809036 -0.4376128017902374 0.9310369992907379 -0.10614142683253655 -0.3491476814496293 0.0 -0.3491476814496293 0.10614142683253655
-0.3263320028781891 0.25377169251441956 -0.10878004133701324 0.9243307921849961 -0.11895960931318966 -0.36257578238309096 0.0 -0.36257578238309096 0.11895960931318966
-0.3867921233177185 0.6968332529067993 -0.1267421692609787 0.920169749926456 -0.15277188936895528 -0.36048353795828636 0.0 -0.36048353795828636 0.15277188936895528
-0.5715771317481995 0.9370304346084595 0.20197343826293945 0.9115867667609852 -0.16915560549625844 -0.37469447259793914 0.0 -0.37469447259793914 0.16915560549625844
-0.7465004324913025 1.3179881572723389 0.04982532188296318 0.9119566946592303 -0.1961411724604236 -0.36036596333735726 0.0 -0.36036596333735726 0.1961411724604236
-0.9422035813331604 1.6006836891174316 0.3353385627269745 0.9042749081665855 -0.21242997808841782 -0.37035171778954623 0.0 -0.37035171778954623 0.21242997808841782
-1.348754644393921 1.7388617992401123 0.2167656123638153 0.9100445809175496 -0.2181014076739842 -0.3524920378011794 0.0 -0.3524920378011794 0.2181014076739842
-1.2492003440856934 2.17581844329834 0.17896342277526855 0.9024911707096143 -0.2502803890108859 -0.3505273365484487 0.0 -0.3505273365484487 0.2502803890108859
-0.8069608807563782 2.1921372413635254 0.12366870045661926 0.8970462354526921 -0.26072068198496506 -0.35683718618642846 0.0 -0.35683718618642846 0.26072068198496506
-0.669369637966156 2.4583969116210938 -0.203520730137825 0.898733293809605 -0.2826222053601296 -0.33526579848758015 0.0 -0.33526579848758015 0.2826222053601296
-0.5895390510559082 2.3164620399475098 -0.6199325323104858 0.9088645107626839 -0.277178738595894 -0.3116684904614134 0.0 -0.3116684904614134 0.277178738595894
-0.16749173402786255 2.461801052093506 -0.5551285743713379 0.8991250509506371 -0.2959918300120783 -0.3224329066939589 0.0 -0.3224329066939589 0.2959918300120783
-0.13368116319179535 2.1977720260620117 -0.19189830124378204 0.894819658199282 -0.2759509876234023 -0.3509256783562424 0.0 -0.3509256783562424 0.2759509876234023
-0.2759679853916168 1.8340716361999512 -0.4167157709598541 0.9089500720889571 -0.24741201959728917 -0.3355548524582388 0.0 -0.3355548524582388 0.24741201959728917
-0.03248387947678566 1.9270515441894531 -0.7772464752197266 0.9127854491281873 -0.2591398038607647 -0.3157044280887709 0.0 -0.3157044280887709 0.2591398038607647
0.3303941786289215 1.9532313346862793 -0.5129824876785278 0.9012526964673641 -0.26741227455319155 -0.340931448430024 0.0 -0.340931448430024 0.26741227455319155
0.2574903964996338 1.5436277389526367 -0.3398198187351227 0.9048120399775448 -0.23448446364177467 -0.35543242483248944 0.0 -0.35543242483248944 0.23448446364177467
0.19491694867610931 1.3941800594329834 -0.7548233270645142 0.9182681814664901 -0.22253029890440157 -0.3275115463243135 0.0 -0.3275115463243135 0.22253029890440157
0.5617865324020386 1.5954008102416992 -0.9259903430938721 0.9151548340108344 -0.244833039435831 -0.32023181070470624 0.0 -0.32023181070470624 0.244833039435831
0.815015435218811 1.4484179019927979 -0.5828346014022827 0.9057712569673377 -0.23547884099222222 -0.35231824462659994 0.0 -0.35231824462659994 0.23547884099222222
0.6650974750518799 1.0276621580123901 -0.6355465650558472 0.9157561754464184 -0.19971341798361064 -0.34857592832703227 0.0 -0.34857592832703227 0.19971341798361064
0.7368279695510864 1.0453892946243286 -1.0784951448440552 0.9262448942081198 -0.20195254980388766 -0.3182539294040171 0.0 -0.3182539294040171 0.20195254980388766
1.1579360961914062 1.1617311239242554 -0.9748281240463257 0.9167128951880881 -0.2192427559641282 -0.3340210798035464 0.0 -0.3340210798035464 0.2192427559641282
1.202782154083252 0.8563777208328247 -0.6470515727996826 0.9114967616267405 -0.19370672951927068 -0.3628379204037432 0.0 -0.3628379204037432 0.19370672951927068
1.0792791843414307 0.5362322330474854 -0.9320950508117676 0.9258699957755804 -0.16360043750086675 -0.3405872102297031 0.0 -0.3405872102297031 0.16360043750086675
1.33473801612854 0.6974202394485474 -1.2684457302093506 0.9304379774796906 -0.1819192138127361 -0.318104652133946 0.0 -0.318104652133946 0.1819192138127361
1.7131130695343018 0.681219220161438 -1.0236700773239136 0.9186265147226182 -0.18645117621901697 -0.3483694667090102 0.0 -0.3483694667090102 0.18645117621901697
2.0298542976379395 0.37234383821487427 -1.1033836603164673 0.9204642668117874 -0.16045051212747846 -0.3563722305128005 0.0 -0.3563722305128005 0.16045051212747846
2.021636486053467 0.3097706437110901 -0.6584392786026001 0.9076092353379849 -0.15032293956788603 -0.3919802160426824 0.0 -0.3919802160426824 0.15032293956788603
1.596653938293457 0.15140017867088318 -0.6715878248214722 0.915523064011186 -0.1307389896898931 -0.38042717547309335 0.0 -0.38042717547309335 0.1307389896898931
1.6897509098052979 -0.08680146932601929 -1.0437452793121338 0.9281717902991732 -0.11034462080126775 -0.3554169274993137 0.0 -0.3554169274993137 0.11034462080126775
2.0197579860687256 -0.28790491819381714 -0.8080048561096191 0.9185972709010302 -0.09082650957666401 -0.38461617107357754 0.0 -0.38461617107357754 0.09082650957666401
1.7448105812072754 -0.3645659387111664 -0.462736040353775 0.9114213554962588 -0.08041385471872385 -0.40354023927563676 0.0 -0.40354023927563676 0.08041385471872385
1.4395747184753418 -0.5718918442726135 -0.7239475250244141 0.9254548342689901 -0.05865800568242375 -0.37428944427744276 0.0 -0.37428944427744276 0.05865800568242375
1.7137000560760498 -0.7657164335250854 -1.0239049196243286 0.9326378271283126 -0.04109828817400647 -0.35846563868597775 0.0 -0.35846563868597775 0.04109828817400647
2.058851718902588 -0.866562008857727 -0.7430834770202637 0.917960183323672 -0.0317355340409391 -0.39540100873860523 0.0 -0.39540100873860523 0.0317355340409391
1.9094035625457764 -0.8247678875923157 -0.313170462846756 0.9041956482814197 -0.03873526434630978 -0.4253584475768228 0.0 -0.4253584475768228 0.03873526434630978
2.203369379043579 -0.5074398517608643 -0.19436366856098175 0.89238863217674 -0.06789375815164807 -0.446131109390247 0.0 -0.446131109390247 0.06789375815164807
2.0300891399383545 -0.25585535168647766 0.1342344880104065 0.8815986532799602 -0.09361823130784046 -0.462622352790861 0.0 -0.462622352790861 0.09361823130784046
2.0029702186584473 0.18744142353534698 0.08398804813623428 0.8780098633723212 -0.13506359018069664 -0.4591911436737635 0.0 -0.4591911436737635 0.13506359018069664
2.3399035930633545 0.428108274936676 0.25597718358039856 0.8838409876154435 -0.14930736189055938 -0.4433197720565131 0.0 -0.4433197720565131 0.14930736189055938
2.6234209537506104 0.5172138214111328 -0.06909934431314468 0.8632273708229674 -0.18048910025239343 -0.4714469121249478 0.0 -0.4714469121249478 0.18048910025239343
