t = 0
b = 1000 1000 1000
E = 0 0 0
-3.1333513259887695 -0.7315244078636169 1.9384862184524536 0.5617249753995401 -0.5526409283126035 0.6156728484886839 -0.7567166350089072 -0.6440472066779107 0.11217455090695469
-2.8083994388580322 -0.4054201543331146 2.281291961669922 0.5651434355813628 -0.7087099925426513 0.422306812269811 -0.808461468159611 -0.5776856192262384 0.11255833971947077
-2.190260648727417 -0.3973221778869629 2.5734612941741943 0.36573999939972135 -0.8473320372820707 -0.38504892083280423 -0.7631166490590929 -0.5098113679251731 0.39717168713679074
-1.692035436630249 -0.3406292200088501 2.4649274349212646 0.2635809472646216 -0.8656159526794615 -0.4257159930116708 -0.796746692911261 -0.4440525002044538 0.4098927718283677
-1.0999120473861694 -0.5818276405334473 2.2010974884033203 -0.407080069768836 -0.3433273863267043 -0.8464113199828283 -0.5315363209376296 -0.6645008055767189 0.5252692822847925
-0.8144059777259827 -0.6591863632202148 1.6915950775146484 -0.6439124911180119 0.08965642462352409 -0.7598278945300195 -0.6686371999646938 -0.5486225650618772 0.5019338362058291
-0.5444087982177734 -0.5196883678436279 1.291639804840088 -0.7012508444994338 0.059768777958631586 -0.710404776356524 -0.6277108836759012 -0.524058228883586 0.575623157329705
-0.43514493107795715 -0.3433331549167633 0.6524998545646667 -0.7740769911604868 0.4803873087048031 -0.4123503915255619 -0.6295683861435688 -0.6533826884557113 0.4203982749666908
-0.5576106905937195 -0.0017066760919988155 -0.0014424759428948164 -0.598165272043546 0.7140118627505917 0.3638480000941335 -0.6309563998878972 -0.6995520813353077 0.3354413614030667
-0.34603193402290344 0.40639984607696533 -0.2500973045825958 -0.5806868962620326 0.6567955513923319 0.4810637506410248 -0.7343489284560609 -0.6776714220452068 0.038640587711143995
-0.3739159405231476 1.0339703559875488 -0.27398598194122314 -0.2915790061289593 0.22586585092605246 0.9294978755060705 -0.7422084264342114 -0.66638145624048 -0.07115059036205733
-0.23757213354110718 1.5556493997573853 0.06427648663520813 0.06876740960389342 -0.44014873397447757 0.8952877388622247 -0.9148468421953111 -0.38572957369322675 -0.11944852993531882
0.1496913582086563 1.8292547464370728 0.3609994053840637 0.2373913928025325 -0.8217823089821022 0.5179953313180713 -0.9434585300270076 -0.32205176199179314 -0.07854084744424174
0.5683050751686096 1.9318866729736328 0.6863295435905457 0.21503328416944528 -0.9326484426342648 0.2897025528903451 -0.9751872380124031 -0.22108022104194722 0.011549315208460174
1.0643855333328247 1.8130491971969604 0.9555696249008179 0.07689147183494459 -0.945694919109761 -0.3158303682818332 -0.9970180033453307 -0.07536260205908356 -0.01660057879034864
1.572300910949707 1.716367244720459 0.8151677250862122 -0.1440066141098088 0.11991292587392703 -0.9822845745001714 -0.9817130182869446 0.10755300802074168 0.15707291361538916
1.988606333732605 1.3846999406814575 0.39247074723243713 -0.11425047980496382 0.42079418410088265 -0.8999328210990017 -0.9814261619323305 -0.18832442639668062 0.036559528130655994
2.7284016609191895 1.381706953048706 0.1799318492412567 0.15050948285394866 0.9171438594494742 -0.3690447623868413 -0.9798975119066522 0.18786354074194558 0.067142804670732
3.265834093093872 0.426051527261734 0.10333114117383957 0.9034401766101109 0.1308903928316365 0.408244476203992 -0.2852680262271653 0.8944577788533028 0.3443362238587066
2.4332456588745117 0.7395982146263123 -0.016070552170276642 -0.3929023962317944 0.9105699490855705 -0.12841368641081657 0.7117004428216865 0.38954079153291177 0.5845857092157897
1.7562865018844604 0.728200376033783 0.18908652663230896 -0.48515497700933097 0.7717232257058264 0.4111786852321864 -0.8256754612894164 -0.5591164858224877 0.07515841873018313
2.079245090484619 1.094226598739624 -0.6135642528533936 0.8936528191730946 -0.25678613536019196 -0.3680292372499196 0.4484264703253201 0.4786135826599975 0.7548792878367616
2.1068310737609863 1.0285511016845703 -1.1097506284713745 0.8035641037228898 -0.5890373246856163 0.08555560376293564 0.3607113114365266 0.5961877491797966 0.7172499686508668
2.4249107837677 0.5790634751319885 -1.5273840427398682 0.4084348933683312 -0.6803499587120394 0.6085268043067014 0.6354566705005803 0.6905174636865895 0.3455147641710213
2.328944683074951 0.10707546025514603 -1.729128360748291 0.4589593431129215 -0.36899866702181233 0.8082056081873483 0.615010761860071 0.788444744386395 0.010800363223859315
2.1122591495513916 -0.4474427402019501 -1.5408591032028198 -0.06378351061401907 0.010012460253928279 0.9979135305292813 0.952956290103568 0.2975297035434374 0.057882507386935136
1.8458890914916992 -0.855053722858429 -1.169054627418518 -0.13475924952825435 0.670274060111721 0.7297757388457983 0.9465023384976529 0.3049878912203949 -0.1054310648120896
1.4548922777175903 -1.1785364151000977 -0.9047613739967346 0.15295027104773698 0.8717790834567336 0.4654110486803694 0.9215659372526676 0.04419076665889825 -0.38569858625319237
0.9092728495597839 -1.1576155424118042 -0.6895933151245117 -0.13814224747484513 0.9879817811031386 0.06934493255363885 0.9343191358700863 0.10692912349485316 0.3400204624660071
0.3225393295288086 -0.8121979832649231 -0.4703802168369293 0.13326829885050948 0.8927665540488506 -0.43035734046630586 0.9086978359068175 0.06331564971819463 0.41262497684826277
-0.12829945981502533 -0.5881051421165466 -0.6114004850387573 0.3292590386943231 0.7475651711317945 -0.57683169152603 0.7748818971452813 0.13523162924155865 0.6174710130274966
-0.4089151620864868 -0.24287071824073792 -1.0612328052520752 0.6818691890350886 0.07345225529203743 -0.727776871875676 0.6939050394458833 0.2497108637579374 0.6753815815913786
-0.6820005178451538 -0.16625602543354034 -1.5443048477172852 0.8200099640137571 -0.2889003345185109 -0.4940852716214575 0.5659412872079224 0.5385821033460838 0.6242113243035151
-1.031073808670044 -0.16434171795845032 -2.4887306690216064 0.24506590999483538 0.04226551699828051 -0.9685847024557386 -0.4179076527439719 0.9060761987539735 -0.06617488820975678
-0.9310147166252136 -0.5588254332542419 -2.8227219581604004 0.8294624546238002 0.4151022661793703 -0.3737407456810284 -0.42509954670201316 0.9031775627833305 0.05967131202266118
-0.5573137402534485 -0.8649719953536987 -2.705601930618286 -0.09861725438600753 0.40721815672279327 -0.9079911948761705 0.5176013320789938 -0.7583014128130635 -0.39631783754426597
-0.4850500524044037 -1.4137778282165527 -2.3882908821105957 0.5772143332159331 0.5820337416715226 -0.5727655166697214 -0.4467310748396106 0.8122767383007408 0.37501712919299574
-0.044526949524879456 -1.9752683639526367 -1.8810192346572876 0.7117927735926697 -0.5465649636142904 -0.44115506118661246 -0.39053587747043406 -0.8299937985279516 0.3982361395121493
0.3181510269641876 -1.6076595783233643 -2.2358436584472656 -0.08287383507124098 -0.726211824969217 -0.6824575537976441 0.19423555412727989 -0.6834765845394223 0.7036563848208829
0.23435238003730774 -0.8350008726119995 -2.7036025524139404 -0.5301506796056333 0.011251864202681872 -0.8478287872357542 0.5619164223423141 -0.7441983176933787 -0.36113542922892417
0.5013366937637329 -0.2662403881549835 -2.4101381301879883 -0.9937986508772187 0.07257469515880306 -0.08424461488562095 0.013643147003789975 -0.6726083258389992 -0.7398728975654478
0.47841572761535645 0.05442415177822113 -1.9013216495513916 -0.6369137697996188 -0.21655069179015524 0.7398963763425548 -0.7141828666735619 -0.19574088077285873 -0.672032990666529
0.35381221771240234 0.37451738119125366 -1.2362773418426514 -0.24810568307946995 -0.834332592075706 0.49227298912686956 -0.8094613583274547 -0.10060245912858624 -0.5784906694078593
0.5686004757881165 0.36529526114463806 -0.7790378928184509 -0.16799583906563376 -0.9471304132237944 0.2733521143198967 -0.8771272397892537 0.017137563622123816 -0.47995219463273897
0.7403604388237 -0.03411555290222168 -0.18356890976428986 0.16187831698085617 -0.9136176074679211 -0.37295881517405804 -0.9365638720822095 -0.023255510656692315 -0.3497245984120584
1.1420185565948486 0.6366715431213379 0.6190497875213623 -0.27936364517867085 0.9364022241731201 0.21238368184989986 -0.9565696941275156 -0.29061804747571973 0.022706183259005298
0.7404985427856445 0.7714208364486694 1.0745315551757812 -0.28230995159370026 0.8831089803714736 -0.37472605996703606 0.9562414422458914 0.2903397090297211 -0.03612696350420654
0.2604585587978363 0.963833212852478 1.287987470626831 -0.2100356909241389 0.6937930784007095 -0.6888658598749733 0.9386050125552058 0.34031230479736846 0.056640670986004935
-0.3153795599937439 1.1356828212738037 1.2521181106567383 0.004488826103748767 0.35049023631083104 -0.9365556281881968 0.9395234629708783 0.31925490787729044 0.12398373410843602
-0.8004390001296997 1.249235987663269 0.8824884295463562 0.325849347880835 -0.34591048277971226 -0.8798682517222343 0.8427759834021304 0.5280248120956688 0.10449133749696958
-1.1454178094863892 1.135062575340271 0.37376296520233154 0.6077184591902245 -0.6928741155185347 -0.38807696969012156 0.7458251059676578 0.6658151371440976 -0.020859397357507616
-1.462048053741455 0.7743493318557739 0.3133849799633026 0.6854769578267058 -0.6885283431060585 -0.23674894092322926 0.6425396214972589 0.725036140741122 -0.24792222454910998
-1.5027786493301392 0.17804071307182312 0.25330179929733276 0.7711470219468397 -0.4458516227455278 0.45447618313581634 0.621001567389117 0.6839587075094439 -0.38282834237066493
-1.445415735244751 -0.4867038428783417 0.4588354229927063 0.5957693437144516 0.031306970163887955 0.8025451779863918 0.6865237138398901 0.49868815290896557 -0.5291458366875135
-1.6533924341201782 -0.7954080700874329 0.7912383079528809 0.605114482886838 0.04828707042040836 0.7946727763241983 0.6707451792405684 0.5067535887629943 -0.5415733604982467
-1.5187894105911255 -1.2415298223495483 1.2201932668685913 0.3220098612764376 0.4564499007410569 0.829435432902531 0.46287858085738404 0.6882217948632712 -0.5586539004237164
-1.4322291612625122 -1.422214150428772 1.9091827869415283 -0.4026404024514616 0.8455824854812576 0.35052955162306065 0.7300517164195791 0.5276610758957403 -0.43427903511150073
-1.7511019706726074 -1.530962347984314 2.2854440212249756 -0.3906818770802486 0.8750837025392811 0.28565045855239984 0.7847495853753785 0.4788711158436435 -0.3935105369158942
-2.1882846355438232 -1.4033222198486328 2.7528789043426514 -0.5337294472811356 0.5997273173772002 -0.5962046812098345 0.806649147682679 0.5727129861797453 -0.14600338353574654
-2.733325719833374 -1.3652260303497314 2.932605028152466 -0.37882158556138334 0.478588758645218 -0.792115525924842 0.7865853591666009 0.6174739226270564 -0.0030704430145435937
