t = 0
b = 1000 1000 1000
E = 0 0 0
-1.4842859506607056 0.8081186413764954 -0.39976346492767334 0.4183297332751302 0.8915128627484643 0.17379600056386804 -0.907908987766675 0.4112986987059391 0.08083718436024881
-0.9469628930091858 0.9706114530563354 -0.6142681241035461 0.3045696029506511 0.6823247692141633 0.6645827760898726 -0.878205089762933 0.471576196495248 -0.07982299927686275
-0.39417847990989685 1.1217964887619019 -0.5152563452720642 -0.0319597124813895 0.3759419915242938 0.9260918938133812 -0.8576655562495342 0.46586135185233085 -0.21767635258221366
0.08909156173467636 1.1591212749481201 -0.28751328587532043 -0.26490286524796003 0.25989114846592276 0.9285919787142709 -0.8154589776050021 0.45231614493610156 -0.36116029803059546
0.40862926840782166 1.1128634214401245 0.25382372736930847 -0.6833848608157711 -0.4049207418843077 0.6074737235466823 -0.6517008131983651 0.7140195072108766 -0.2558558058730088
0.5136775374412537 0.7739828824996948 0.7729291915893555 -0.8196329963041701 -0.5702438875779648 0.05498781728181039 -0.5717223784879937 0.8126580121178898 -0.11278509332633824
0.4981651306152344 0.2432468831539154 1.0336554050445557 -0.815501443644461 -0.3997303207518851 -0.41853681568697765 -0.5193287515886542 0.8242071443996961 0.22578802203365134
0.7995045781135559 -0.3706513047218323 0.8550151586532593 -0.8339170755517424 -0.5475558106753844 0.06902858320183017 -0.4851311361149824 0.7881188121668132 0.3788357410284277
1.2358980178833008 -0.3243650197982788 1.594312310218811 0.9905607377510001 -0.09355394038611721 0.10018525372740862 0.0326372312822673 -0.5423803491696809 -0.8394988790753699
0.2419864535331726 -0.45110100507736206 1.215348720550537 -0.5692539059812007 0.009050369260139352 -0.8221119639935923 -0.41672508786416834 0.8586848663075418 0.29832951835009586
0.04500357061624527 -0.9683442711830139 0.9264528155326843 -0.17104410292105865 0.1799295715823993 -0.9686946186111001 -0.528318025473505 0.8131291089367997 0.24433811851494422
0.028335081413388252 -1.3333675861358643 0.4413200318813324 0.336915570724518 0.4901600215228894 -0.8038849740504252 -0.5640347438699087 0.7887473751486187 0.24442255604540766
0.1552777737379074 -1.5813713073730469 -0.04001462087035179 0.3705485392740257 0.5589389582444863 -0.7418092888326852 -0.6045655048897145 0.7509596738918204 0.26563154648071313
0.3702192008495331 -1.7723255157470703 -0.5529738664627075 0.5002984347885684 0.7945705553424202 -0.34403358663209965 -0.6979216431169035 0.6048461218526715 0.3834925670059131
0.801633358001709 -1.8540277481079102 -0.9152869582176208 0.44577145529895396 0.7748105077911814 0.4482817045753979 -0.8948079336194846 0.3926131020900024 0.21254108778985084
1.4017070531845093 -2.0106945037841797 -1.474570870399475 -0.1995247761110879 -0.6354553012670008 -0.7459131476314687 -0.4953037532429122 -0.5917982229736298 0.6359630927253076
1.5717862844467163 -1.3115004301071167 -1.4787592887878418 -0.1842549805688509 -0.23977165170287326 -0.95318395767829 0.3573521941948533 -0.9197704808687558 0.16223955074697832
1.106322169303894 -0.8534600138664246 -0.9488641023635864 -0.5473284403693532 -0.6940464650499228 0.4676869494806944 0.5728730744019922 -0.7193430099194318 -0.39288939245703935
1.2151459455490112 -0.04420144483447075 -1.2803854942321777 0.615515449479618 0.1438723478304818 -0.7748815902972845 0.7872558643494051 -0.05249107915266756 0.6143882247055678
0.5652534365653992 -0.6550808548927307 -0.7993468046188354 -0.2162885880390787 -0.6566034908577294 0.7225587190516112 0.6567489038294989 -0.6456646534719273 -0.3896126699373722
0.07164084911346436 -0.6676326394081116 -0.6270485520362854 -0.1426233913839237 -0.5957257082825791 0.7904235881610363 0.6398857979392062 -0.6645761891372296 -0.38585574302780884
-0.4278688430786133 -0.7518401741981506 -0.24830332398414612 0.2310522636113134 -0.14046832860765054 0.9627478902278942 0.6538064724511546 -0.7100847296362206 -0.26137477559709776
-0.6339806318283081 -0.5404711961746216 0.2852548360824585 0.5523033533415439 0.23339271939687942 0.8003054694428967 0.5109080689887332 -0.8533920767677053 -0.10341618999125113
-0.7300211787223816 -0.16367001831531525 0.7317389249801636 0.873352358535695 0.3025759201128967 0.3817112395620188 0.3759797319278651 -0.9170108650607839 -0.13315522723469572
-0.6263194680213928 0.3127845227718353 1.0614479780197144 0.9508502467831017 0.2847714494364892 -0.1216101549146117 0.27950916446449053 -0.9586703005202697 -0.05315902445246718
-0.4310503602027893 0.8825106024742126 1.2295279502868652 0.7176295101948433 0.24190766691773513 -0.6530609211887721 0.45567085690711134 -0.8713702817435444 0.18187331376459534
-0.27961140871047974 1.4358373880386353 0.9004135727882385 0.08528575971511651 -0.21978201209438436 -0.9718138743347717 0.7033848256435137 -0.6775952117115072 0.21474290703089988
-0.4245872497558594 1.8071153163909912 0.5640685558319092 0.014318303150243293 -0.47930452181416366 -0.8775318578623763 0.7292636948655584 -0.594752229276947 0.3382960968162886
-0.6569339036941528 2.0166640281677246 0.05365419387817383 -0.2244147573317147 -0.7855409086131706 -0.5766831864957934 0.8532431281762034 -0.4437520124696334 0.2739713774269804
-1.1059106588363647 1.9929735660552979 -0.3522794544696808 -0.34506906483644395 -0.9362074859868087 -0.06665495986917636 0.925023346279415 -0.35151896351375195 0.14410491708561263
1.8275353908538818 -0.39604461193084717 -0.994804859161377 -0.9373443594828829 0.2389986378183658 0.25350582412755307 0.0 0.25350582412755307 -0.2389986378183658
1.7622618675231934 -0.255636066198349 -0.5694702863693237 -0.9582998032181945 0.24254728125980377 0.15110361843929343 0.0 0.15110361843929343 -0.24254728125980377
1.4641871452331543 -0.5555890798568726 -0.3995947241783142 -0.9410629159842789 0.31563625948120577 0.12154974232748818 0.0 0.12154974232748818 -0.31563625948120577
1.401496410369873 -1.0024075508117676 -0.3630838096141815 -0.9059237646396922 0.40961574720916993 0.1073176234330643 0.0 0.1073176234330643 -0.40961574720916993
1.0116161108016968 -1.0267090797424316 -0.12828689813613892 -0.8791700199501795 0.4741703126024928 0.04714435986685477 0.0 0.04714435986685477 -0.4741703126024928
0.8334053158760071 -0.6149927377700806 -0.030846180394291878 -0.9225183193231129 0.3758714779369463 0.08763893305349423 0.0 0.08763893305349423 -0.3758714779369463
0.6867746710777283 -0.24154824018478394 -0.24263298511505127 -0.9632637571951856 0.2642719103631432 0.04778379921301139 0.0 0.04778379921301139 -0.2642719103631432
0.5631541013717651 0.19176943600177765 -0.2179793119430542 -0.9883812362729795 0.15192538147993861 -0.004605458247735877 0.0 -0.004605458247735877 -0.15192538147993861
0.268483966588974 0.2825184464454651 0.11742806434631348 -0.9915490195592833 0.09717192618051908 0.08595439822017055 0.0 0.08595439822017055 -0.09717192618051908
-0.1641293168067932 0.39850810170173645 0.029614022001624107 -0.9791003645582856 -0.20097933398831644 -0.031141346012094034 0.0 -0.031141346012094034 0.20097933398831644
-0.55177903175354 0.5351598858833313 0.2170993536710739 -0.8731027022555408 0.41405678812527796 0.25738812622467866 0.0 0.25738812622467866 -0.41405678812527796
-0.9846270680427551 0.4523940086364746 0.1089753732085228 -0.1714813186490989 -0.8948255321103242 -0.4121667434884108 0.0 -0.4121667434884108 0.8948255321103242
-1.3741551637649536 0.590806782245636 0.29563891887664795 0.5312225958273653 0.4026043366985323 0.7454611336307015 0.0 0.7454611336307015 -0.4026043366985323
-1.8129905462265015 0.4791608452796936 0.2722766101360321 0.35632620002368837 -0.9292461302384585 0.09763845868062668 0.0 0.09763845868062668 0.9292461302384585
-2.2099146842956543 0.6896562576293945 0.2178037315607071 -0.6660454670729399 0.7449754426738641 0.03735004155914133 0.0 0.03735004155914133 -0.7449754426738641
-2.661546468734741 0.638940155506134 0.22508244216442108 -0.6389174829243984 -0.580333065073377 0.5049732503767806 0.0 0.5049732503767806 0.580333065073377
-3.037338972091675 0.8504921197891235 0.07845177501440048 0.8006371353147343 0.06911143946738953 -0.5951502217841821 0.0 -0.5951502217841821 -0.06911143946738953
