t = 0
b = 4 4 4
E = 0 0 0
0.7701339721679688 1.1599316596984863 0.8450213670730591 -0.2945792756269789 0.2659577204628383 -0.9178722902982173 0.8358322950068228 0.5373213320033717 -0.11256180878854917 0 0 0 0 0 0
0.17436981201171875 1.0535985231399536 0.7179123759269714 -0.06020069248327998 -0.10233879303573504 -0.9929263054550033 0.660798817113544 0.7414659893200608 -0.11650369085554446 0 0 0 0 0 0
-0.28873252868652344 0.8988915681838989 0.3517453372478485 0.36313652294665966 -0.41381000677547186 -0.8348012601779504 0.677497032124854 0.7323326495747678 -0.06845919827762109 0 0 0 0 0 0
-0.6406059265136719 0.561552107334137 -0.008291514590382576 0.7145680105071764 -0.5297868775281759 -0.45685711416017305 0.5034204266709941 0.8429350053031698 -0.18981161936230256 0 0 0 0 0 0
-0.6531200408935547 0.4089413285255432 -0.6289790272712708 0.837701469854288 0.38672860318569313 -0.38561280435432677 -0.5022641516924311 0.26641226548851993 -0.8226513397071429 0 0 0 0 0 0
-0.40418052673339844 -0.32772913575172424 -0.5963366627693176 0.6176139125573382 -0.23118880417843932 0.7517345221806431 -0.5506142163711061 -0.8094252715999527 0.20409486623963777 0 0 0 0 0 0
-0.439788818359375 -0.7483734488487244 -0.3746683895587921 -0.09436607435127574 0.2714051327613516 0.9578279062140143 0.6899545083398044 0.7114899509321445 -0.13320970739459426 0 0 0 0 0 0
-0.5406899452209473 -0.9983432292938232 0.15922480821609497 -0.4433691140373861 0.6042770549046849 0.6620219555523997 0.821356031373085 0.5696188723641407 0.030143157990837 0 0 0 0 0 0
