t = 0
b = 5 5 5
E = 0 0 0
-1.0727286338806152 -0.2732098698616028 0.9536516070365906 0.44336789106012925 -0.6042777578694433 -0.6620221329541571 -0.8213559817826953 -0.5696190395021872 -0.03014135077248689 0 0 0 0 0 0
-0.5186195373535156 -0.2793659269809723 0.7727314829826355 0.028710367801498656 -0.10713190775456455 -0.9938302013531134 -0.6905481663769266 -0.7209460530795576 0.058137926196863185 0 0 0 0 0 0
-0.23584747314453125 -0.016990583389997482 0.42099544405937195 -0.738547768825127 0.37423752457367804 -0.5607971722150467 -0.5473619816219434 -0.8184608288049383 0.17469039122640032 0 0 0 0 0 0
0.25933265686035156 0.059675294905900955 -0.12710025906562805 -0.4867423783823655 0.09281904868256029 -0.8686003000738273 0.5178482791686088 0.831436341314997 -0.20136228570127634 0 0 0 0 0 0
0.5032196044921875 -0.4349311888217926 0.303207129240036 -0.7754698346347318 -0.5322167053649073 0.33969385349473874 -0.525648031922171 0.8422121345803165 0.11988689211926115 0 0 0 0 0 0
0.4744873046875 -0.9593114256858826 0.3383042514324188 -0.4846500395143994 -0.17286490967059293 -0.8574567407183109 -0.569845085509723 0.8060827403276871 0.15970971875945147 0 0 0 0 0 0
0.5173730850219727 -1.4234637022018433 0.14838695526123047 0.0008058548018135082 0.44672638424570466 -0.8946702678734761 -0.7264217353442939 0.6151236342047324 0.30648715643913615 0 0 0 0 0 0
