t = 0
b = 13 13 13
E = 0 0 0
-0.4960402846336365 -0.5607255697250366 2.206991195678711 -0.21208126161816077 -0.6196141467790538 -0.7557114843521399 0 -0.7557114843521399 0.6196141467790538 0 0 0 0 0 0
-0.47725653648376465 -0.3026837706565857 1.9939130544662476 -0.3817651144152522 -0.6301341657810603 -0.6761555520225481 0 -0.6761555520225481 0.6301341657810603 0 0 0 0 0 0
-0.6768339276313782 -0.041941799223423004 2.302436113357544 -0.3344775731767556 -0.6456956607012277 -0.6864414518321229 0 -0.6864414518321229 0.6456956607012277 0 0 0 0 0 0
-0.653706431388855 0.37587928771972656 2.15803599357605 -0.32865104983305665 -0.6918754139877955 -0.6428817145967417 0 -0.6428817145967417 0.6918754139877955 0 0 0 0 0 0
-0.5581440925598145 0.2976919114589691 1.714974284172058 -0.3635734026319872 -0.7195709594011671 -0.5916350355456333 0 -0.5916350355456333 0.7195709594011671 0 0 0 0 0 0
-0.6912739276885986 0.5581990480422974 1.37956702709198 -0.16524498886970423 -0.8095346781922437 -0.563336221503315 0 -0.563336221503315 0.8095346781922437 0 0 0 0 0 0
-0.7530255317687988 0.9362220764160156 1.611781120300293 -0.3160065250678427 -0.7852331560308464 -0.5324929734601045 0 -0.5324929734601045 0.7852331560308464 0 0 0 0 0 0
-0.4677472710609436 1.255311131477356 1.505418062210083 -0.3418712922776895 -0.7898949561663947 -0.5091070395695505 0 -0.5091070395695505 0.7898949561663947 0 0 0 0 0 0
-0.3130161166191101 1.512765884399414 1.8410602807998657 -0.3361159017205981 -0.7883598692738144 -0.5152812990291068 0 -0.5152812990291068 0.7883598692738144 0 0 0 0 0 0
-0.3191208243370056 1.8795186281204224 1.582666277885437 -0.32609803424921374 -0.8218953765108808 -0.4670632314032394 0 -0.4670632314032394 0.8218953765108808 0 0 0 0 0 0
-0.7232062816619873 1.8064968585968018 1.4004639387130737 -0.2772579797125827 -0.8409058826571817 -0.4647637132976747 0 -0.4647637132976747 0.8409058826571817 0 0 0 0 0 0
-1.0271508693695068 1.5268536806106567 1.576092004776001 -0.241546728484213 -0.8291604659394318 -0.5041310342378041 0 -0.5041310342378041 0.8291604659394318 0 0 0 0 0 0
-0.8679586052894592 1.5881357192993164 1.991682529449463 -0.24944889346832827 -0.8070458578736419 -0.5352123250042209 0 -0.5352123250042209 0.8070458578736419 0 0 0 0 0 0
-0.903999924659729 2.0323715209960938 1.9493016004562378 -0.23176457444425194 -0.8270156831522953 -0.512181844516981 0 -0.512181844516981 0.8270156831522953 0 0 0 0 0 0
-1.2945845127105713 2.0065438747406006 1.7329362630844116 -0.1930020424971441 -0.8506675244719549 -0.4889938388166937 0 -0.4889938388166937 0.8506675244719549 0 0 0 0 0 0
-1.0913678407669067 2.188394069671631 1.3771016597747803 -0.21475613438428326 -0.8733683020462951 -0.4371585658832398 0 -0.4371585658832398 0.8733683020462951 0 0 0 0 0 0
-1.1343356370925903 2.034249782562256 0.9633894562721252 -0.23230017658080915 -0.8879821545783353 -0.39689333719645925 0 -0.39689333719645925 0.8879821545783353 0 0 0 0 0 0
-0.8282778859138489 2.02474045753479 0.6437134742736816 -0.269074193721846 -0.8985370098930628 -0.3467424406174882 0 -0.3467424406174882 0.8985370098930628 0 0 0 0 0 0
-0.8954298496246338 2.236057758331299 0.25712037086486816 -0.2529894726184231 -0.9243535855038851 -0.28559897708213855 0 -0.28559897708213855 0.9243535855038851 0 0 0 0 0 0
-1.0400646924972534 1.8966587781906128 0.009879248216748238 -0.24747287704198292 -0.9321118316256647 -0.26443280521147894 0 -0.26443280521147894 0.9321118316256647 0 0 0 0 0 0
-1.2260239124298096 1.5915402173995972 0.28306543827056885 -0.23376260853512884 -0.9224750657717331 -0.30723736081454806 0 -0.30723736081454806 0.9224750657717331 0 0 0 0 0 0
-1.63680100440979 1.7573068141937256 0.17411968111991882 -0.161361710990478 -0.940048732573269 -0.30045095874970346 0 -0.30045095874970346 0.940048732573269 0 0 0 0 0 0
-1.5668315887451172 1.5996407270431519 -0.23794887959957123 -0.16774504580069002 -0.9539975895989314 -0.24849587249842428 0 -0.24849587249842428 0.9539975895989314 0 0 0 0 0 0
-1.5248029232025146 1.190037488937378 -0.06607754528522491 -0.18512462808704624 -0.9413890035163631 -0.28198513459773306 0 -0.28198513459773306 0.9413890035163631 0 0 0 0 0 0
-1.8964864015579224 1.2270179986953735 0.18104618787765503 -0.12703537850567476 -0.936579135283581 -0.3266213954403158 0 -0.3266213954403158 0.936579135283581 0 0 0 0 0 0
-2.136566162109375 1.3894975185394287 -0.17056216299533844 -0.0762490026335906 -0.9603064743355617 -0.26832361980747427 0 -0.26832361980747427 0.9603064743355617 0 0 0 0 0 0
-2.0116543769836426 1.0328409671783447 -0.41428133845329285 -0.09938759936117467 -0.9683070341437781 -0.2291366245734263 0 -0.2291366245734263 0.9683070341437781 0 0 0 0 0 0
-2.2638261318206787 0.7783211469650269 -0.14086036384105682 -0.04152351722779319 -0.9580111398127086 -0.2837083952085105 0 -0.2837083952085105 0.9580111398127086 0 0 0 0 0 0
-2.626939535140991 1.0167573690414429 -0.25884580612182617 0.014951834468469672 -0.9651845908551675 -0.26114200776927954 0 -0.26114200776927954 0.9651845908551675 0 0 0 0 0 0
-2.792353868484497 0.7028339505195618 -0.5342625975608826 0.051538101490480305 -0.9691201320928003 -0.24114309790493704 0 -0.24114309790493704 0.9691201320928003 0 0 0 0 0 0
-2.492870569229126 0.366252601146698 -0.5970707535743713 0.22503789936179108 -0.9486509042993336 -0.2223047584351018 0 -0.2223047584351018 0.9486509042993336 0 0 0 0 0 0
-2.419496536254883 0.031901825219392776 -0.6309989094734192 -0.07877453058301298 -0.9696974206008585 -0.23126064475277186 0 -0.23126064475277186 0.9696974206008585 0 0 0 0 0 0
0.3860916495323181 1.1266423463821411 -0.9207382798194885 -0.525737791515748 -0.8447016671116795 -0.10039356628237368 0 -0.10039356628237368 0.8447016671116795 0 0 0 0 0 0
0.25413578748703003 1.308257818222046 -1.309679388999939 -0.49034912768548466 -0.8702497940082607 -0.04714900854380773 0 -0.04714900854380773 0.8702497940082607 0 0 0 0 0 0
-0.03466438502073288 1.6498873233795166 -1.304983377456665 -0.43283593601487097 -0.9001532822410806 -0.04875572750703356 0 -0.04875572750703356 0.9001532822410806 0 0 0 0 0 0
-0.07141009718179703 1.659631371498108 -0.8598084449768066 -0.26660197721482826 -0.9560898493221428 -0.12171929086347141 0 -0.12171929086347141 0.9560898493221428 0 0 0 0 0 0
0.03190053626894951 1.9888166189193726 -0.5849786996841431 -0.41808549575299997 -0.896089186083019 -0.14909288657089162 0 -0.14909288657089162 0.896089186083019 0 0 0 0 0 0
0.27491533756256104 2.071817398071289 -0.2219826877117157 -0.43211644433351765 -0.87824703460685 -0.20483536008422035 0 -0.20483536008422035 0.87824703460685 0 0 0 0 0 0
0.1350937783718109 1.8646090030670166 0.1467658430337906 -0.41984771470916404 -0.8688730937210671 -0.2622736042019367 0 -0.2622736042019367 0.8688730937210671 0 0 0 0 0 0
0.03178313747048378 2.105862855911255 0.5020135641098022 -0.3996599702673713 -0.8635544788494935 -0.30748263402160325 0 -0.30748263402160325 0.8635544788494935 0 0 0 0 0 0
0.28266361355781555 2.0542075634002686 0.8720534443855286 -0.4146188758108579 -0.8381272042386639 -0.3544488359924762 0 -0.3544488359924762 0.8381272042386639 0 0 0 0 0 0
0.14213767647743225 1.6913288831710815 1.099336862564087 -0.27356112979628516 -0.8620524695347325 -0.4266495611548769 0 -0.4266495611548769 0.8620524695347325 0 0 0 0 0 0
-0.1464277058839798 1.5805047750473022 0.7714430093765259 -0.3915056632180533 -0.8368255734362239 -0.3826829958481662 0 -0.3826829958481662 0.8368255734362239 0 0 0 0 0 0
0.010534017346799374 1.1637402772903442 0.7338755130767822 -0.43046163194310194 -0.8139204345614609 -0.3901747167976985 0 -0.3901747167976985 0.8139204345614609 0 0 0 0 0 0
0.22830814123153687 1.078508973121643 1.1187076568603516 -0.463087239756077 -0.7729505054415899 -0.43370234552361875 0 -0.43370234552361875 0.7729505054415899 0 0 0 0 0 0
0.24216115474700928 0.6441347599029541 1.0207972526550293 -0.5016497470767463 -0.74024714234387 -0.4476401451049389 0 -0.4476401451049389 0.74024714234387 0 0 0 0 0 0
0.49996817111968994 0.7293660044670105 0.6552185416221619 -0.5294510995427711 -0.7527939935832013 -0.3911300760846775 0 -0.3911300760846775 0.7527939935832013 0 0 0 0 0 0
0.8941921591758728 0.521101176738739 0.6728283166885376 -0.5882610811247851 -0.717415257059019 -0.37318125538783514 0 -0.37318125538783514 0.717415257059019 0 0 0 0 0 0
1.251787781715393 0.5805047750473022 0.40727299451828003 -0.6334478399023881 -0.6998187694400883 -0.33014773066365155 0 -0.33014773066365155 0.6998187694400883 0 0 0 0 0 0
1.5012595653533936 0.22596146166324615 0.3186371624469757 -0.6821148204760403 -0.6603201607808755 -0.31416024088553596 0 -0.31416024088553596 0.6603201607808755 0 0 0 0 0 0
1.9213111400604248 0.35920870304107666 0.2651034891605377 -0.7165268665111507 -0.6343803322576352 -0.2900876481555252 0 -0.2900876481555252 0.6343803322576352 0 0 0 0 0 0
2.282546281814575 0.1575181633234024 0.10743735730648041 -0.7518626252999071 -0.6017919120926442 -0.26934937760650335 0 -0.26934937760650335 0.6017919120926442 0 0 0 0 0 0
2.65047287940979 0.19966420531272888 0.36747491359710693 -0.7717514845150282 -0.5745112722873994 -0.27264710554774635 0 -0.27264710554774635 0.5745112722873994 0 0 0 0 0 0
2.9442038536071777 0.19050712883472443 0.02572803944349289 -0.796981953294933 -0.5594759146724495 -0.22761034032666244 0 -0.22761034032666244 0.5594759146724495 0 0 0 0 0 0
2.912858486175537 0.39407604932785034 -0.2353661209344864 -0.7895747526090312 -0.5826598956735171 -0.1925594869543263 0 -0.1925594869543263 0.5826598956735171 0 0 0 0 0 0
2.6469509601593018 0.6520004272460938 0.01011404488235712 -0.7536283405998391 -0.6204466899232849 -0.2170028322579507 0 -0.2170028322579507 0.6204466899232849 0 0 0 0 0 0
2.2622363567352295 0.6577529907226562 -0.21646496653556824 -0.726144713333116 -0.6553473155819665 -0.20792727396346333 0 -0.20792727396346333 0.6553473155819665 0 0 0 0 0 0
1.8245748281478882 0.6342732906341553 -0.18312379717826843 -0.7052873439744566 -0.6749788720784332 -0.21673321083115665 0 -0.21673321083115665 0.6749788720784332 0 0 0 0 0 0
1.686396837234497 0.22138291597366333 -0.295474112033844 -0.7168859488356788 -0.6653059434892526 -0.2084287358303651 0 -0.2084287358303651 0.6653059434892526 0 0 0 0 0 0
1.2468570470809937 0.2151608020067215 -0.23325294256210327 -0.6787097971087703 -0.6956439893260581 -0.23544097226926922 0 -0.23544097226926922 0.6956439893260581 0 0 0 0 0 0
0.9025274515151978 0.3277459144592285 0.02032770961523056 -0.49923939701077363 -0.8064967902508958 -0.3167379860189199 0 -0.3167379860189199 0.8064967902508958 0 0 0 0 0 0
0.7239643931388855 0.09717535972595215 0.3535045087337494 -0.6124873244494157 -0.7073539559722279 -0.3528592614049342 0 -0.3528592614049342 0.7073539559722279 0 0 0 0 0 0
0.4282377064228058 0.1517656445503235 0.6813983917236328 -0.564585833467113 -0.7123151829924672 -0.41695313492843955 0 -0.41695313492843955 0.7123151829924672 0 0 0 0 0 0
0.43586859107017517 0.1343906670808792 1.1291561126708984 -0.5446339149908473 -0.6873220093657438 -0.4805854284965147 0 -0.4805854284965147 0.6873220093657438 0 0 0 0 0 0
0.13075003027915955 -0.1682625263929367 1.2871743440628052 -0.508445124798448 -0.6684825457037955 -0.5427841570625138 0 -0.5427841570625138 0.6684825457037955 0 0 0 0 0 0
0.27174556255340576 -0.17612822353839874 1.7163830995559692 -0.5069277671547727 -0.6325056404053574 -0.5856285971013414 0 -0.5856285971013414 0.6325056404053574 0 0 0 0 0 0
0.6165448427200317 -0.035250090062618256 1.962802529335022 -0.5346960304136974 -0.6118684693786374 -0.5828525810529435 0 -0.5828525810529435 0.6118684693786374 0 0 0 0 0 0
0.887617826461792 -0.3579784333705902 1.7949227094650269 -0.595969539654549 -0.5739963299646655 -0.5615590093579121 0 -0.5615590093579121 0.5739963299646655 0 0 0 0 0 0
0.706237256526947 -0.5012045502662659 1.4097384214401245 -0.5988690476682007 -0.5940518866092419 -0.537083065978609 0 -0.537083065978609 0.5940518866092419 0 0 0 0 0 0
0.7431003451347351 -0.3165367841720581 1.010114073753357 -0.6166919425502979 -0.620902607511689 -0.48391218209374065 0 -0.48391218209374065 0.620902607511689 0 0 0 0 0 0
0.5243870615959167 -0.4522493779659271 0.6408959031105042 -0.6300317313535085 -0.6411929821640235 -0.4380999624643973 0 -0.4380999624643973 0.6411929821640235 0 0 0 0 0 0
0.6874535083770752 -0.4099859297275543 0.22659678757190704 -0.6551476148537605 -0.6617716097393669 -0.36447213788490856 0 -0.36447213788490856 0.6617716097393669 0 0 0 0 0 0
0.6974323391914368 -0.59805828332901 -0.17866265773773193 -0.7001553600851671 -0.6475139542072774 -0.3008457259973388 0 -0.3008457259973388 0.6475139542072774 0 0 0 0 0 0
0.9464344382286072 -0.975611686706543 -0.2341921329498291 -0.76039116101299 -0.584186979761576 -0.28377958864295555 0 -0.28377958864295555 0.584186979761576 0 0 0 0 0 0
1.1230016946792603 -0.8229936957359314 -0.617380678653717 -0.7887964053860804 -0.5795302935220206 -0.20480446709063496 0 -0.20480446709063496 0.5795302935220206 0 0 0 0 0 0
1.3172961473464966 -0.4952172040939331 -0.38997986912727356 -0.7644457554348647 -0.6060245034817845 -0.21990222412989763 0 -0.21990222412989763 0.6060245034817845 0 0 0 0 0 0
1.5571411848068237 -0.8071448802947998 -0.1736145317554474 -0.8003860179266392 -0.544728712635201 -0.25030551719515626 0 -0.25030551719515626 0.544728712635201 0 0 0 0 0 0
1.5759249925613403 -1.154879093170166 -0.45584040880203247 -0.8303072389374145 -0.5142539725367834 -0.21478533632039368 0 -0.21478533632039368 0.5142539725367834 0 0 0 0 0 0
1.564772129058838 -1.1231815814971924 -0.9006631374359131 -0.8509421926403632 -0.5038025907861904 -0.14859452985064253 0 -0.14859452985064253 0.5038025907861904 0 0 0 0 0 0
1.8722386360168457 -1.3913196325302124 -1.0984795093536377 -0.8875907915250896 -0.45340532631886843 -0.08127851416915358 0 -0.08127851416915358 0.45340532631886843 0 0 0 0 0 0
1.7990994453430176 -1.2421061992645264 -1.5153614282608032 -0.8776224279222277 -0.4793511109651803 -0.0011774652189080737 0 -0.0011774652189080737 0.4793511109651803 0 0 0 0 0 0
1.9816540479660034 -0.8548086881637573 -1.3714308738708496 -0.8631936955219873 -0.503755651191068 -0.03356915107889931 0 -0.03356915107889931 0.503755651191068 0 0 0 0 0 0
2.2777328491210938 -1.0723479986190796 -1.1108063459396362 -0.8770402470396331 -0.47292165497738387 -0.08453113820428239 0 -0.08453113820428239 0.47292165497738387 0 0 0 0 0 0
2.0738117694854736 -0.9205517768859863 -0.7509800791740417 -0.8623129463871719 -0.485789526840339 -0.14291577276603762 0 -0.14291577276603762 0.485789526840339 0 0 0 0 0 0
2.099522113800049 -1.153939962387085 -0.3758920729160309 -0.8572761506950023 -0.4696533338673537 -0.21095816513432142 0 -0.21095816513432142 0.4696533338673537 0 0 0 0 0 0
2.148124933242798 -0.8969547152519226 -0.013717840425670147 -0.8364391604234059 -0.47278658583752736 -0.2772045727658229 0 -0.2772045727658229 0.47278658583752736 0 0 0 0 0 0
2.2521400451660156 -1.0488682985305786 0.3965897560119629 -0.8269092003380101 -0.4514741082546726 -0.3352496144248354 0 -0.3352496144248354 0.4514741082546726 0 0 0 0 0 0
2.1532905101776123 -0.8485865592956543 0.7878787517547607 -0.791096695519126 -0.475139745123307 -0.3852379017475799 0 -0.3852379017475799 0.475139745123307 0 0 0 0 0 0
2.5488059520721436 -0.6416130661964417 0.8105366826057434 -0.7986822839099611 -0.4774204266818536 -0.3663008948327661 0 -0.3663008948327661 0.4774204266818536 0 0 0 0 0 0
2.519690990447998 -0.45107540488243103 0.40257707238197327 -0.8013960975181633 -0.5100186465533394 -0.3124824395875044 0 -0.3124824395875044 0.5100186465533394 0 0 0 0 0 0
2.171252489089966 -0.19045084714889526 0.5320675373077393 -0.7605285185679038 -0.5555520242460921 -0.3360927264922273 0 -0.3360927264922273 0.5555520242460921 0 0 0 0 0 0
2.006072759628296 0.11783748865127563 0.8077191114425659 -0.7170905138814767 -0.5905276448014037 -0.37021385120833444 0 -0.37021385120833444 0.5905276448014037 0 0 0 0 0 0
1.5904823541641235 0.2536675035953522 0.8699402809143066 -0.6725781720107613 -0.6316707749449884 -0.38552643828285055 0 -0.38552643828285055 0.6316707749449884 0 0 0 0 0 0
1.5179301500320435 0.6827588081359863 0.9257045388221741 -0.6297060496552699 -0.6700235301210575 -0.3931141820281621 0 -0.3931141820281621 0.6700235301210575 0 0 0 0 0 0
1.13133704662323 0.782430112361908 1.1295082569122314 -0.5804971349798631 -0.7009361068940164 -0.4143810448517526 0 -0.4143810448517526 0.7009361068940164 0 0 0 0 0 0
0.9257723093032837 1.1747757196426392 1.1866812705993652 -0.4087198801368752 -0.7941409214459394 -0.44976466787186903 0 -0.44976466787186903 0.7941409214459394 0 0 0 0 0 0
1.101400375366211 1.374587893486023 0.8248592615127563 -0.5426758080302972 -0.7587636522678836 -0.3602508672796863 0 -0.3602508672796863 0.7587636522678836 0 0 0 0 0 0
0.9417385458946228 1.6983728408813477 0.5639999508857727 -0.5269457608781021 -0.7891381827791003 -0.31557739711946675 0 -0.31557739711946675 0.7891381827791003 0 0 0 0 0 0
1.3033257722854614 1.832324504852295 0.3235678970813751 -0.5530124369453704 -0.7885860893536264 -0.2689037453470986 0 -0.2689037453470986 0.7885860893536264 0 0 0 0 0 0
1.4676835536956787 1.5242708921432495 0.038054876029491425 -0.5930649524118878 -0.7669080664522594 -0.2452059946884293 0 -0.2452059946884293 0.7669080664522594 0 0 0 0 0 0
1.893252968788147 1.626290202140808 0.12387314438819885 -0.6274543506942678 -0.7410921707647243 -0.23892139340390547 0 -0.23892139340390547 0.7410921707647243 0 0 0 0 0 0
1.9451431035995483 1.898067593574524 0.48135143518447876 -0.6134885756446219 -0.7428214654197258 -0.2680448433848789 0 -0.2680448433848789 0.7428214654197258 0 0 0 0 0 0
2.0354225635528564 1.7008382081985474 0.8794495463371277 -0.6150222790712286 -0.7218493949208906 -0.3173027691312763 0 -0.3173027691312763 0.7218493949208906 0 0 0 0 0 0
1.686279535293579 1.8352594375610352 1.1268080472946167 -0.5743819731085752 -0.7338259285474006 -0.3627462688428997 0 -0.3627462688428997 0.7338259285474006 0 0 0 0 0 0
1.8555680513381958 1.9140337705612183 1.5249062776565552 -0.5708272566707738 -0.7181800467578291 -0.39796188696989687 0 -0.39796188696989687 0.7181800467578291 0 0 0 0 0 0
1.5875474214553833 1.8110753297805786 1.8759275674819946 -0.541903592021672 -0.7123210646977995 -0.44602600567881956 0 -0.44602600567881956 0.7123210646977995 0 0 0 0 0 0
1.2691627740859985 1.6699624061584473 1.5897102355957031 -0.5300028597816293 -0.7284166711054293 -0.43417291702613053 0 -0.43417291702613053 0.7284166711054293 0 0 0 0 0 0
1.4096887111663818 1.3115448951721191 1.36289644241333 -0.562335180546427 -0.7102449953351099 -0.4234751366033751 0 -0.4234751366033751 0.7102449953351099 0 0 0 0 0 0
1.5346007347106934 0.9328175187110901 1.557777762413025 -0.6001514667647159 -0.6650666229019351 -0.44441490078751367 0 -0.44441490078751367 0.6650666229019351 0 0 0 0 0 0
1.8070825338363647 0.62840336561203 1.3792147636413574 -0.6424401323882479 -0.6297189448832333 -0.4367204217255215 0 -0.4367204217255215 0.6297189448832333 0 0 0 0 0 0
1.7825462818145752 0.19825543463230133 1.4706681966781616 -0.6686752902111734 -0.5857335712623559 -0.4580278809824239 0 -0.4580278809824239 0.5857335712623559 0 0 0 0 0 0
2.0223913192749023 -0.14983098208904266 1.3645399808883667 -0.70738296677055 -0.5436927363120484 -0.45167194600109084 0 -0.45167194600109084 0.5436927363120484 0 0 0 0 0 0
1.8249270915985107 -0.5298497676849365 1.2308231592178345 -0.7239855872271904 -0.5089072561689103 -0.4656804420479041 0 -0.4656804420479041 0.5089072561689103 0 0 0 0 0 0
1.82692289352417 -0.8907325863838196 1.480999231338501 -0.7360145348623851 -0.46341154688933345 -0.49348996208731766 0 -0.49348996208731766 0.46341154688933345 0 0 0 0 0 0
1.6449552774429321 -1.1615707874298096 1.1774067878723145 -0.7477725202907017 -0.45556328031937143 -0.4830096847090601 0 -0.4830096847090601 0.45556328031937143 0 0 0 0 0 0
1.453595757484436 -1.165562391281128 0.7721473574638367 -0.7606464892470968 -0.4667303607498393 -0.4511980593380151 0 -0.4511980593380151 0.4667303607498393 0 0 0 0 0 0
1.1205363273620605 -1.4374572038650513 0.6629668474197388 -0.770587394610982 -0.4630757720163736 -0.4378994138362121 0 -0.4378994138362121 0.4630757720163736 0 0 0 0 0 0
1.0159343481063843 -1.4892299175262451 0.23105792701244354 -0.7831993565915812 -0.47323068901520643 -0.4033007349469205 0 -0.4033007349469205 0.47323068901520643 0 0 0 0 0 0
0.6244105100631714 -1.6702582836151123 0.13408680260181427 -0.7836806231766 -0.47244476784553147 -0.4032872700605829 0 -0.4032872700605829 0.47244476784553147 0 0 0 0 0 0
0.7088199853897095 -2.104397773742676 0.06623050570487976 -0.8358637506193705 -0.3865927194537566 -0.3897151006387461 0 -0.3897151006387461 0.3865927194537566 0 0 0 0 0 0
0.4701489508152008 -2.1134374141693115 -0.31965819001197815 -0.8401624415960574 -0.44632413447532554 -0.3080938797123417 0 -0.3080938797123417 0.44632413447532554 0 0 0 0 0 0
0.6158404350280762 -1.7229702472686768 -0.48460301756858826 -0.8257786001757776 -0.4837866712059753 -0.2898968096671203 0 -0.2898968096671203 0.4837866712059753 0 0 0 0 0 0
0.6355633735656738 -1.774625539779663 -0.926842987537384 -0.8472590486864721 -0.49849880434906224 -0.18344221564691598 0 -0.18344221564691598 0.49849880434906224 0 0 0 0 0 0
0.9721447229385376 -1.5238624811172485 -1.0755867958068848 -0.8372459220176938 -0.535109420304771 -0.11259295877555442 0 -0.11259295877555442 0.535109420304771 0 0 0 0 0 0
1.018164873123169 -1.7721601724624634 -1.4514967203140259 -0.8679177873059412 -0.4965014069257868 -0.014320174533620897 0 -0.014320174533620897 0.4965014069257868 0 0 0 0 0 0
0.6170144081115723 -1.6857548952102661 -1.6282987594604492 -0.8551974748219079 -0.5180395554305961 0.016501456526697104 0 0.016501456526697104 0.5180395554305961 0 0 0 0 0 0
0.3637859523296356 -1.3528128862380981 -1.4742720127105713 -0.7890980681414514 -0.614192871916324 -0.00955797795599579 0 -0.00955797795599579 0.614192871916324 0 0 0 0 0 0
0.4822410047054291 -1.2302489280700684 -1.0532810688018799 -0.7823925764217015 -0.6088522776845418 -0.13099908518214007 0 -0.13099908518214007 0.6088522776845418 0 0 0 0 0 0
0.13861572742462158 -1.457767128944397 -0.8863404989242554 -0.763169208700224 -0.6215619874388127 -0.1767298918207872 0 -0.1767298918207872 0.6215619874388127 0 0 0 0 0 0
0.14178548753261566 -1.400124430656433 -0.4432787597179413 -0.7157532718066725 -0.6349805224988003 -0.29068365957720127 0 -0.29068365957720127 0.6349805224988003 0 0 0 0 0 0
0.4229547679424286 -1.0584949254989624 -0.46147552132606506 -0.7297214518499612 -0.6243904189883731 -0.278645307488765 0 -0.278645307488765 0.6243904189883731 0 0 0 0 0 0
0.44467347860336304 -1.0073091983795166 -0.019587762653827667 -0.7125865342830645 -0.6136170879906758 -0.34013894291053237 0 -0.34013894291053237 0.6136170879906758 0 0 0 0 0 0
0.7566011548042297 -1.0216318368911743 0.3019666075706482 -0.714689978222582 -0.5692116601931598 -0.4064681056717148 0 -0.4064681056717148 0.5692116601931598 0 0 0 0 0 0
0.7919381260871887 -0.9354614019393921 0.7462023496627808 -0.6954036917518442 -0.5545822327484554 -0.4570035586487747 0 -0.4570035586487747 0.5545822327484554 0 0 0 0 0 0
1.1448378562927246 -0.7573679685592651 0.949184238910675 -0.6952400989966764 -0.5336896417077581 -0.48147333371738926 0 -0.48147333371738926 0.5336896417077581 0 0 0 0 0 0
1.1971975564956665 -0.785660982131958 1.3961201906204224 -0.6787799597649828 -0.5226134963888581 -0.5158807028893999 0 -0.5158807028893999 0.5226134963888581 0 0 0 0 0 0
1.4147368669509888 -0.4453228712081909 1.5746831893920898 -0.6698833593618676 -0.5256966512876865 -0.5243084165593488 0 -0.5243084165593488 0.5256966512876865 0 0 0 0 0 0
1.76270592212677 -0.5061352849006653 1.8482215404510498 -0.675184578699416 -0.5006600020615113 -0.5417244198134875 0 -0.5417244198134875 0.5006600020615113 0 0 0 0 0 0
1.5655938386917114 -0.2591289281845093 2.159914493560791 -0.6359141964275659 -0.516329584146095 -0.5735999436169812 0 -0.5735999436169812 0.516329584146095 0 0 0 0 0 0
1.1593952178955078 -0.07774832844734192 2.1774067878723145 -0.5859398845609339 -0.5646498876687719 -0.581244316992745 0 -0.581244316992745 0.5646498876687719 0 0 0 0 0 0
1.0992872714996338 0.34289032220840454 2.0207972526550293 -0.5640935263888539 -0.6114462718482973 -0.5549161649555775 0 -0.5549161649555775 0.6114462718482973 0 0 0 0 0 0
0.9053450226783752 0.6335688829421997 2.287996292114258 -0.5165026433642892 -0.6377694522124319 -0.5713800357225975 0 -0.5713800357225975 0.6377694522124319 0 0 0 0 0 0
0.5346006751060486 0.8244587779045105 2.12469482421875 -0.4724577683057762 -0.684396117516552 -0.5553247801924523 0 -0.5553247801924523 0.684396117516552 0 0 0 0 0 0
0.503842294216156 1.2609461545944214 2.075505018234253 -0.444789384884391 -0.7184984476533832 -0.5347171063411417 0 -0.5347171063411417 0.7184984476533832 0 0 0 0 0 0
0.2844246029853821 1.5776872634887695 1.8559699058532715 -0.4180459233632457 -0.7610491861759202 -0.49602594909978337 0 -0.49602594909978337 0.7610491861759202 0 0 0 0 0 0
0.4997333586215973 1.441152811050415 1.487456202507019 -0.4590405729195308 -0.7612498579064616 -0.4580179104042775 0 -0.4580179104042775 0.7612498579064616 0 0 0 0 0 0
0.515699565410614 0.9980910420417786 1.5649391412734985 -0.47558983838473756 -0.7322633930284379 -0.4874470523612372 0 -0.4874470523612372 0.7322633930284379 0 0 0 0 0 0
0.15117736160755157 0.7546066641807556 1.6140116453170776 -0.4573943888767628 -0.724669768945264 -0.5154067316216103 0 -0.5154067316216103 0.724669768945264 0 0 0 0 0 0
0.016169143840670586 0.3533387780189514 1.4666765928268433 -0.45852990237340646 -0.7142315627783038 -0.5287944812124049 0 -0.5287944812124049 0.7142315627783038 0 0 0 0 0 0
-0.30832016468048096 0.28595206141471863 1.1572142839431763 -0.4229496381453773 -0.7423405222267949 -0.5196577264438045 0 -0.5196577264438045 0.7423405222267949 0 0 0 0 0 0
-0.6373880505561829 -0.023862440139055252 1.2233096361160278 -0.39865630048514 -0.7293939552524672 -0.5559295028370627 0 -0.5559295028370627 0.7293939552524672 0 0 0 0 0 0
-0.6756598949432373 -0.39789390563964844 0.9886301159858704 -0.39813565557720154 -0.7256725263581485 -0.5611482729609832 0 -0.5611482729609832 0.7256725263581485 0 0 0 0 0 0
-1.0893720388412476 -0.49369102716445923 0.8557350635528564 -0.3369386392556109 -0.7414483027854561 -0.5802816278955796 0 -0.5802816278955796 0.7414483027854561 0 0 0 0 0 0
-1.3607972860336304 -0.8037403225898743 1.0406376123428345 -0.3161894428059294 -0.6999645536982305 -0.6403700959789681 0 -0.6403700959789681 0.6999645536982305 0 0 0 0 0 0
-1.6355096101760864 -1.0325499773025513 0.758646547794342 -0.27761978466524034 -0.7404921789412552 -0.6120445964872636 0 -0.6120445964872636 0.7404921789412552 0 0 0 0 0 0
-1.976552128791809 -0.744336724281311 0.806192934513092 -0.1766572097989445 -0.7797285477710396 -0.6006793004731538 0 -0.6006793004731538 0.7797285477710396 0 0 0 0 0 0
-1.730132818222046 -0.3855670690536499 0.7409194111824036 -0.19431322360067255 -0.8049451287883067 -0.5606297448172828 0 -0.5606297448172828 0.8049451287883067 0 0 0 0 0 0
-1.5379515886306763 -0.5622517466545105 0.3787451684474945 -0.2558531305796272 -0.8239954746498472 -0.5055399423677396 0 -0.5055399423677396 0.8239954746498472 0 0 0 0 0 0
-1.9270100593566895 -0.7073562145233154 0.20429107546806335 -0.19022120035584783 -0.8516150334322395 -0.4884339564028957 0 -0.4884339564028957 0.8516150334322395 0 0 0 0 0 0
-2.111912488937378 -0.3043273389339447 0.27003422379493713 -0.12257603378301096 -0.8793690033194124 -0.46009267755860833 0 -0.46009267755860833 0.8793690033194124 0 0 0 0 0 0
-1.7881276607513428 -0.03290212154388428 0.1252819299697876 -0.18718724889286462 -0.8967128255899072 -0.40108233852226055 0 -0.40108233852226055 0.8967128255899072 0 0 0 0 0 0
-1.571292757987976 -0.260537713766098 -0.18758495151996613 -0.2311947079179965 -0.9043891606721258 -0.3586492061743343 0 -0.3586492061743343 0.9043891606721258 0 0 0 0 0 0
-1.8673715591430664 -0.15992724895477295 -0.5070261359214783 -0.2079510708872384 -0.9424664161919205 -0.26175065705210476 0 -0.26175065705210476 0.9424664161919205 0 0 0 0 0 0
-1.8222905397415161 -0.0028481169138103724 -0.9185076951980591 -0.19522858412271588 -0.9645978118997155 -0.17730443090831324 0 -0.17730443090831324 0.9645978118997155 0 0 0 0 0 0
-1.8943731784820557 0.4357524812221527 -0.9302475452423096 0.08461609832175986 -0.9856308699498963 -0.14619132705674626 0 -0.14619132705674626 0.9856308699498963 0 0 0 0 0 0
-1.7606563568115234 0.49926504492759705 -0.5018606185913086 -0.20291370409982687 -0.9546174983581864 -0.21801711060567205 0 -0.21801711060567205 0.9546174983581864 0 0 0 0 0 0
-1.3848639726638794 0.7279572486877441 -0.4661714732646942 -0.2589616360831955 -0.9338291604162215 -0.2467832453661495 0 -0.2467832453661495 0.9338291604162215 0 0 0 0 0 0
-1.0246855020523071 0.6504742503166199 -0.22785261273384094 -0.115693116882392 -0.9500550837788677 -0.2898455459239734 0 -0.2898455459239734 0.9500550837788677 0 0 0 0 0 0
-0.6402056217193604 0.8527517914772034 -0.17842786014080048 -0.3848208237438086 -0.8858532559785337 -0.25918515097390715 0 -0.25918515097390715 0.8858532559785337 0 0 0 0 0 0
-0.22097572684288025 0.761650562286377 -0.3008744418621063 -0.4495579734748785 -0.858108578328453 -0.24808727553883492 0 -0.24808727553883492 0.858108578328453 0 0 0 0 0 0
0.15434712171554565 0.9540666341781616 -0.14731727540493011 -0.49467905127886735 -0.8341598044393939 -0.24386483322421018 0 -0.24386483322421018 0.8341598044393939 0 0 0 0 0 0
0.5836732387542725 0.935165524482727 -0.24898433685302734 -0.409806469329028 -0.8780663397803029 -0.2470994954282544 0 -0.2470994954282544 0.8780663397803029 0 0 0 0 0 0
0.9722621440887451 1.125468373298645 -0.3474816381931305 -0.5845137276312214 -0.7904930753712187 -0.18293277453973844 0 -0.18293277453973844 0.7904930753712187 0 0 0 0 0 0
0.9977375864982605 0.9116858243942261 -0.7441710233688354 -0.48331944337676774 -0.8625190639027521 -0.14987721660843456 0 -0.14987721660843456 0.8625190639027521 0 0 0 0 0 0
1.0357747077941895 1.0920097827911377 -1.1511914730072021 -0.5958946613905822 -0.8001355950053811 -0.06850242427526285 0 -0.06850242427526285 0.8001355950053811 0 0 0 0 0 0
0.7913511395454407 1.4325827360153198 -1.2852604389190674 -0.5526716713345445 -0.8326293293112408 -0.03581094350885551 0 -0.03581094350885551 0.8326293293112408 0 0 0 0 0 0
0.8050867319107056 1.3008617162704468 -1.7162301540374756 -0.5694252996312096 -0.8215886283229022 0.027330458291055865 0 0.027330458291055865 0.8215886283229022 0 0 0 0 0 0
0.810017466545105 0.9148555397987366 -1.935178279876709 -0.5937554173760802 -0.8024855893897138 0.05891844497608863 0 0.05891844497608863 0.8024855893897138 0 0 0 0 0 0
1.1348589658737183 1.0809743404388428 -2.1804237365722656 -0.6136810682022448 -0.7830983144911249 0.10075999390289328 0 0.10075999390289328 0.7830983144911249 0 0 0 0 0 0
1.7480311393737793 0.9366917014122009 -1.2601372003555298 -0.6823758046512968 -0.7299083717646899 -0.03996285843523724 0 -0.03996285843523724 0.7299083717646899 0 0 0 0 0 0
2.148124933242798 1.1032800674438477 -1.4089983701705933 -0.699310274088094 -0.714475076858377 -0.02214734979745904 0 -0.02214734979745904 0.714475076858377 0 0 0 0 0 0
1.9321118593215942 1.470854640007019 -1.559738039970398 -0.6617951998202027 -0.7496836699975157 -0.0012281832087068984 0 -0.0012281832087068984 0.7496836699975157 0 0 0 0 0 0
1.8927834033966064 1.774094820022583 -1.2246828079223633 -0.5363957167632677 -0.8425962080417801 -0.048075619929786186 0 -0.048075619929786186 0.8425962080417801 0 0 0 0 0 0
1.5515060424804688 2.002434730529785 -1.4320085048675537 -0.5883756232820789 -0.8082503354979687 -0.02335639301874812 0 -0.02335639301874812 0.8082503354979687 0 0 0 0 0 0
1.3059085607528687 1.6343907117843628 -1.395027995109558 -0.47635589004139156 -0.8789510446698112 -0.023024489065362662 0 -0.023024489065362662 0.8789510446698112 0 0 0 0 0 0
1.3898483514785767 1.5744000673294067 -0.9580709934234619 -0.5950247499442373 -0.7989395371008845 -0.08741374612051898 0 -0.08741374612051898 0.7989395371008845 0 0 0 0 0 0
1.125114917755127 1.77374267578125 -0.6561221480369568 -0.555904640873358 -0.8207665367457996 -0.1315762988298759 0 -0.1315762988298759 0.8207665367457996 0 0 0 0 0 0
1.274328351020813 2.047163724899292 -0.33961594104766846 -0.552584678886579 -0.8157373010985581 -0.17094685798884088 0 -0.17094685798884088 0.8157373010985581 0 0 0 0 0 0
0.9674487709999084 1.8953673839569092 -0.04717639833688736 -0.5275973572422875 -0.8204486563524859 -0.22023857727554086 0 -0.22023857727554086 0.8204486563524859 0 0 0 0 0 0
0.6894492506980896 1.5499812364578247 -0.002447588834911585 -0.5152962287104885 -0.8238818290261979 -0.23598416997162064 0 -0.23598416997162064 0.8238818290261979 0 0 0 0 0 0
0.3775215744972229 1.5334279537200928 -0.3222409784793854 -0.481582318807633 -0.8513212773157149 -0.2081599216982046 0 -0.2081599216982046 0.8513212773157149 0 0 0 0 0 0
-0.05403513088822365 1.4194340705871582 -0.2869040369987488 -0.4382568179871039 -0.8737430350587098 -0.21095987811480346 0 -0.21095987811480346 0.8737430350587098 0 0 0 0 0 0
-0.37324151396751404 1.3178844451904297 -0.5796957612037659 -0.39297688769681305 -0.9013471207536676 -0.1820509094874281 0 -0.1820509094874281 0.9013471207536676 0 0 0 0 0 0
-0.7920017838478088 1.1754801273345947 -0.5417760610580444 -0.3434296886090219 -0.9213989796922675 -0.1818789960494588 0 -0.1818789960494588 0.9213989796922675 0 0 0 0 0 0
-0.9290058016777039 0.8649612069129944 -0.8348026275634766 -0.3212181201648872 -0.9346726262214777 -0.15233516032085961 0 -0.15233516032085961 0.9346726262214777 0 0 0 0 0 0
-1.3002196550369263 0.618894100189209 -0.9048894643783569 -0.28099881598951737 -0.9474694218410487 -0.1527787946302716 0 -0.1527787946302716 0.9474694218410487 0 0 0 0 0 0
-1.303858995437622 0.17630191147327423 -0.8850491642951965 -0.30773693056808205 -0.9412938387921465 -0.13879441853504063 0 -0.13879441853504063 0.9412938387921465 0 0 0 0 0 0
-1.3838074207305908 -0.0014393354067578912 -1.2849082946777344 -0.2953641970661622 -0.9518932096676082 -0.08160458614661599 0 -0.08160458614661599 0.9518932096676082 0 0 0 0 0 0
-1.6553499698638916 -0.3436558246612549 -1.401015281677246 -0.2927853451942307 -0.9547967224642464 -0.051380545063555876 0 -0.051380545063555876 0.9547967224642464 0 0 0 0 0 0
-1.4298275709152222 -0.723205029964447 -1.4331824779510498 -0.3261611543093217 -0.9449958383434672 0.024530938284917893 0 0.024530938284917893 0.9449958383434672 0 0 0 0 0 0
-1.5316120386123657 -0.8127800226211548 -1.8713135719299316 -0.3651071844191975 -0.9225124133643242 0.12517024835885168 0 0.12517024835885168 0.9225124133643242 0 0 0 0 0 0
-1.3887381553649902 -0.40482041239738464 -1.9851900339126587 -0.35113170795199145 -0.9264723270059175 0.1354826592703198 0 0.1354826592703198 0.9264723270059175 0 0 0 0 0 0
-1.0035537481307983 -0.478898823261261 -1.7682377099990845 -0.44004242217126055 -0.8929342702807519 0.09503186648609578 0 0.09503186648609578 0.8929342702807519 0 0 0 0 0 0
-0.9711518287658691 -0.87159663438797 -1.9777939319610596 -0.4864210602022935 -0.8568851456179197 0.17071145073202734 0 0.17071145073202734 0.8568851456179197 0 0 0 0 0 0
-1.0491044521331787 -0.7120521664619446 -2.3917407989501953 -0.4681004912466624 -0.8503342658293164 0.24044451844687786 0 0.24044451844687786 0.8503342658293164 0 0 0 0 0 0
-0.7571344375610352 -0.3786405622959137 -2.3364462852478027 -0.4692802195052915 -0.8520034636628449 0.23209087333969225 0 0.23209087333969225 0.8520034636628449 0 0 0 0 0 0
-0.3982473909854889 -0.6417304873466492 -2.3452510833740234 -0.5597367944652563 -0.7946546496868746 0.23498661377361507 0 0.23498661377361507 0.7946546496868746 0 0 0 0 0 0
-0.23271557688713074 -1.0213971138000488 -2.5145397186279297 -0.6345960753586535 -0.7376198672690044 0.23066155412085956 0 0.23066155412085956 0.7376198672690044 0 0 0 0 0 0
-0.06507058441638947 -1.1235337257385254 -2.1084582805633545 -0.6901419367022613 -0.7017224274183553 0.17688906710970928 0 0.17688906710970928 0.7017224274183553 0 0 0 0 0 0
-0.2996326982975006 -1.4243085384368896 -1.8710787296295166 -0.669008209100092 -0.7294348006003284 0.1426635476561788 0 0.1426635476561788 0.7294348006003284 0 0 0 0 0 0
-0.5250377058982849 -1.227079153060913 -1.5321494340896606 -0.6652289056884633 -0.7466061831212104 -0.007050557545840122 0 -0.007050557545840122 0.7466061831212104 0 0 0 0 0 0
-0.5982943177223206 -1.4751421213150024 -1.1778408288955688 -0.6431058289229457 -0.7582744337264724 -0.10693351187597179 0 -0.10693351187597179 0.7582744337264724 0 0 0 0 0 0
-0.9049391150474548 -1.4646936655044556 -0.8526471853256226 -0.5890959154942462 -0.7705289785780179 -0.24341547921098283 0 -0.24341547921098283 0.7705289785780179 0 0 0 0 0 0
-0.5722318887710571 -1.3164193630218506 -0.5834525227546692 -0.5959934531879502 -0.7526527031225729 -0.27983157834559524 0 -0.27983157834559524 0.7526527031225729 0 0 0 0 0 0
-0.55027836561203 -0.9333482384681702 -0.8140230774879456 -0.5506692932882694 -0.7993177646617757 -0.24052950032272605 0 -0.24052950032272605 0.7993177646617757 0 0 0 0 0 0
-0.808320164680481 -0.5840878486633301 -0.9003109335899353 -0.5016585495792976 -0.8522316703068064 -0.148458343517859 0 -0.148458343517859 0.8522316703068064 0 0 0 0 0 0
-0.7632391452789307 -0.22461378574371338 -1.1477868556976318 -0.46399512845813046 -0.8774178994666799 -0.12184560091608648 0 -0.12184560091608648 0.8774178994666799 0 0 0 0 0 0
-0.8616190552711487 0.20494714379310608 -1.1142109632492065 -0.4003515666556198 -0.9121432151701202 -0.0878258395661948 0 -0.0878258395661948 0.9121432151701202 0 0 0 0 0 0
-0.844596266746521 0.5712302923202515 -1.3616868257522583 -0.16455670132951694 -0.9855488521595808 -0.04018148895301218 0 -0.04018148895301218 0.9855488521595808 0 0 0 0 0 0
-1.1079210042953491 0.8393683433532715 -1.6004753112792969 -0.31368946078221566 -0.9490552878624307 0.02988281737925029 0 0.02988281737925029 0.9490552878624307 0 0 0 0 0 0
-1.2632391452789307 0.7099952697753906 -1.9917643070220947 -0.2966500536294771 -0.9491696040959164 0.10524166637805367 0 0.10524166637805367 0.9491696040959164 0 0 0 0 0 0
-1.1567587852478027 0.955710232257843 -2.3487730026245117 -0.281672503110148 -0.9457676079015584 0.1618154282997381 0 0.1618154282997381 0.9457676079015584 0 0 0 0 0 0
-1.583032488822937 1.1028105020523071 -2.3815271854400635 -0.20025279481396546 -0.9644986281148552 0.17216624098166813 0 0.17216624098166813 0.9644986281148552 0 0 0 0 0 0
-1.5694143772125244 1.2576590776443481 -1.954196810722351 -0.19470377790017745 -0.9760896363703013 0.09664088493950862 0 0.09664088493950862 0.9760896363703013 0 0 0 0 0 0
-1.2682873010635376 1.5736956596374512 -2.0617337226867676 -0.05297023991894903 -0.9934723236280448 0.10102918324930796 0 0.10102918324930796 0.9934723236280448 0 0 0 0 0 0
-1.0540351867675781 1.5670039653778076 -1.6657488346099854 -0.28816915347183986 -0.9568281892091663 0.037925655195805145 0 0.037925655195805145 0.9568281892091663 0 0 0 0 0 0
-0.6493626832962036 1.3839797973632812 -1.6405081748962402 -0.3480080679960684 -0.9374851685892072 0.0034559058016280604 0 0.0034559058016280604 0.9374851685892072 0 0 0 0 0 0
-0.3686629831790924 1.1989598274230957 -1.3445466756820679 -0.23675620462820854 -0.9708303301602391 -0.037880992740513375 0 -0.037880992740513375 0.9708303301602391 0 0 0 0 0 0
-0.13973599672317505 0.8330288529396057 -1.2656549215316772 -0.4664214670094647 -0.8824662422622918 -0.06086334184226863 0 -0.06086334184226863 0.8824662422622918 0 0 0 0 0 0
0.17677022516727448 0.6500046849250793 -1.0188833475112915 -0.5315684555209467 -0.8416531677581012 -0.09515735545836311 0 -0.09515735545836311 0.8416531677581012 0 0 0 0 0 0
0.5724030137062073 0.5964709520339966 -1.2280874252319336 -0.593274143544748 -0.8023473205779499 -0.06530365811063202 0 -0.06530365811063202 0.8023473205779499 0 0 0 0 0 0
0.976488471031189 0.42624321579933167 -1.1906373500823975 -0.651187303495951 -0.7550411328643646 -0.07660276397473707 0 -0.07660276397473707 0.7550411328643646 0 0 0 0 0 0
1.1336849927902222 0.49973464012145996 -0.7778643369674683 -0.5382390665222117 -0.8290324978699843 -0.15167011816687156 0 -0.15167011816687156 0.8290324978699843 0 0 0 0 0 0
0.7222034335136414 0.4754331707954407 -0.59002685546875 -0.6207226013203957 -0.7625285957518523 -0.1823556768262216 0 -0.1823556768262216 0.7625285957518523 0 0 0 0 0 0
0.7055328488349915 0.03154962882399559 -0.5404846668243408 -0.6445082992418625 -0.7362887746555642 -0.20612591424798973 0 -0.20612591424798973 0.7362887746555642 0 0 0 0 0 0
0.6276976466178894 -0.10216720402240753 -0.12630295753479004 -0.49693481525938177 -0.8059889708385337 -0.32161711439188917 0 -0.32161711439188917 0.8059889708385337 0 0 0 0 0 0
0.39970988035202026 0.2686944901943207 -0.03332338109612465 -0.422394638705356 -0.8459109046951436 -0.3256033023647261 0 -0.3256033023647261 0.8459109046951436 0 0 0 0 0 0
-0.015528438612818718 0.23312276601791382 0.11236809194087982 -0.5173942949710474 -0.7888870559899305 -0.3316027087087095 0 -0.3316027087087095 0.7888870559899305 0 0 0 0 0 0
-0.4063478708267212 0.28442588448524475 -0.1009448915719986 -0.46893904306210654 -0.8243282122755771 -0.31714219577115116 0 -0.31714219577115116 0.8243282122755771 0 0 0 0 0 0
-0.665328860282898 0.4272997975349426 0.23951061069965363 -0.3882560115660424 -0.8458003196079978 -0.36589491501500526 0 -0.36589491501500526 0.8458003196079978 0 0 0 0 0 0
-1.1006423234939575 0.5025522112846375 0.30736690759658813 -0.3096480301206221 -0.8651611140859213 -0.3944798399361187 0 -0.3944798399361187 0.8651611140859213 0 0 0 0 0 0
-1.2996326684951782 0.7465062141418457 0.6187075972557068 -0.25415623583650443 -0.8687171036102138 -0.4251296292667688 0 -0.4251296292667688 0.8687171036102138 0 0 0 0 0 0
-1.6344530582427979 0.5165226459503174 0.7983272671699524 -0.19116931520676378 -0.8609224087772559 -0.47145190527618486 0 -0.47145190527618486 0.8609224087772559 0 0 0 0 0 0
-2.0140023231506348 0.7487367391586304 0.8154674172401428 -0.10772252247133116 -0.8739589591006578 -0.47391095783924286 0 -0.47391095783924286 0.8739589591006578 0 0 0 0 0 0
-2.147367000579834 0.45829299092292786 1.1379609107971191 -0.08587939111501568 -0.831112365692001 -0.5494333133106875 0 -0.5494333133106875 0.831112365692001 0 0 0 0 0 0
-1.8319172859191895 0.5559685230255127 1.4538801908493042 -0.12755222034447752 -0.8103611617772425 -0.5718786746926587 0 -0.5718786746926587 0.8103611617772425 0 0 0 0 0 0
-1.5852631330490112 0.884332001209259 1.268155813217163 -0.18699665800288914 -0.8333081174386164 -0.5202209447020173 0 -0.5202209447020173 0.8333081174386164 0 0 0 0 0 0
-1.2167494297027588 0.6262902021408081 1.265807867050171 -0.2517630371640146 -0.8208284635256253 -0.512694847432771 0 -0.512694847432771 0.8208284635256253 0 0 0 0 0 0
-0.927831768989563 0.5700563192367554 0.9309874773025513 -0.3162318620322647 -0.8094780734363883 -0.49471472391805765 0 -0.49471472391805765 0.8094780734363883 0 0 0 0 0 0
-0.873711109161377 0.15188303589820862 0.7709733843803406 -0.370294630464948 -0.8016890453065011 -0.4692297531959993 0 -0.4692297531959993 0.8016890453065011 0 0 0 0 0 0
-0.5629574060440063 0.005017579533159733 0.49673062562942505 -0.40952056795777003 -0.7964715984209629 -0.4448886347484073 0 -0.4448886347484073 0.7964715984209629 0 0 0 0 0 0
-0.7662914991378784 -0.22660955786705017 0.17188911139965057 -0.4427297488586138 -0.8022120162870826 -0.40055742459752547 0 -0.40055742459752547 0.8022120162870826 0 0 0 0 0 0
-0.4284187853336334 -0.24410192668437958 -0.11972863972187042 -0.29148449535234777 -0.8826625912224941 -0.36870521968854675 0 -0.36870521968854675 0.8826625912224941 0 0 0 0 0 0
0.01311678346246481 -0.24022778868675232 -0.18171502649784088 -0.5646048060486819 -0.7715977766458072 -0.29301584268086484 0 -0.29301584268086484 0.7715977766458072 0 0 0 0 0 0
0.1817009598016739 -0.0366588719189167 -0.5505809783935547 -0.5931664711867248 -0.7750489461595325 -0.21783633424405194 0 -0.21783633424405194 0.7750489461595325 0 0 0 0 0 0
0.32293128967285156 -0.3842756748199463 -0.7907781600952148 -0.6486892036511127 -0.7422904425784994 -0.1679500399615934 0 -0.1679500399615934 0.7422904425784994 0 0 0 0 0 0
0.35134172439575195 -0.3261634409427643 -1.237479329109192 -0.6560441708707855 -0.7503225562198484 -0.08137633251858833 0 -0.08137633251858833 0.7503225562198484 0 0 0 0 0 0
0.2211468368768692 -0.1324560046195984 -1.6092802286148071 -0.4510927190450435 -0.892263736315623 0.019513679320773695 0 0.019513679320773695 0.892263736315623 0 0 0 0 0 0
0.3329101502895355 -0.05203806608915329 -2.0369627475738525 -0.6206871828669323 -0.7781694787425143 0.09591497994742468 0 0.09591497994742468 0.7781694787425143 0 0 0 0 0 0
0.48858049511909485 0.3581521213054657 -2.077230453491211 -0.45130084450309904 -0.8841610473539678 0.12077578438049694 0 0.12077578438049694 0.8841610473539678 0 0 0 0 0 0
0.30379533767700195 0.6550527811050415 -1.8020484447479248 -0.5469885798127324 -0.8350695033243397 0.058842316168641925 0 0.058842316168641925 0.8350695033243397 0 0 0 0 0 0
-0.08127157390117645 0.8716529607772827 -1.850768804550171 -0.48798512352000784 -0.8704468721503354 0.06475154042075397 0 0.06475154042075397 0.8704468721503354 0 0 0 0 0 0
-0.155349999666214 0.7355881333351135 -2.2758686542510986 -0.4536198887765412 -0.8804228141857349 0.1381472575465371 0 0.1381472575465371 0.8804228141857349 0 0 0 0 0 0
-0.5732885003089905 0.7755036354064941 -2.433065176010132 -0.40911072416102745 -0.8946942895240488 0.17930572681734783 0 0.17930572681734783 0.8946942895240488 0 0 0 0 0 0
-0.7625347971916199 0.3678961992263794 -2.4149856567382812 -0.1879864009486995 -0.959068851256866 0.21177358571642102 0 0.21177358571642102 0.959068851256866 0 0 0 0 0 0
-0.46011635661125183 0.21128666400909424 -2.127946615219116 -0.45590772206707075 -0.8817992065331601 0.120740665548537 0 0.120740665548537 0.8817992065331601 0 0 0 0 0 0
-0.519637405872345 0.15763556957244873 -1.68464994430542 -0.49481458763341235 -0.8687067061007633 0.022520715813182927 0 0.022520715813182927 0.8687067061007633 0 0 0 0 0 0
-0.2544342875480652 0.10656724125146866 -1.3313980102539062 -0.3264016740290456 -0.9438581959579687 -0.050927920770489396 0 -0.050927920770489396 0.9438581959579687 0 0 0 0 0 0
-0.24868175387382507 -0.2888307273387909 -1.137690544128418 -0.5631286937606742 -0.8172723536577079 -0.12227826548568216 0 -0.12227826548568216 0.8172723536577079 0 0 0 0 0 0
-0.24926875531673431 -0.36866170167922974 -0.7043729424476624 -0.5819121539138434 -0.7856726714751626 -0.20999213895865831 0 -0.20999213895865831 0.7856726714751626 0 0 0 0 0 0
-0.1959698498249054 -0.7186264395713806 -0.4429265856742859 -0.5909254345738953 -0.7590110707112926 -0.2733300666069323 0 -0.2733300666069323 0.7590110707112926 0 0 0 0 0 0
-0.5885502696037292 -0.8263982534408569 -0.2533280849456787 -0.5602678997732917 -0.7547533071047268 -0.34124379246823316 0 -0.34124379246823316 0.7547533071047268 0 0 0 0 0 0
-0.48993557691574097 -0.794583261013031 0.18186797201633453 -0.5302274271650601 -0.7261371567280579 -0.4377027588453295 0 -0.4377027588453295 0.7261371567280579 0 0 0 0 0 0
-0.8636148571968079 -0.9704461693763733 0.34000369906425476 -0.4870434699189272 -0.7248259202488779 -0.4872535723262563 0 -0.4872535723262563 0.7248259202488779 0 0 0 0 0 0
-0.8228775858879089 -1.3282766342163086 0.07386140525341034 -0.534507063892617 -0.6746003930633003 -0.5091330949051873 0 -0.5091330949051873 0.6746003930633003 0 0 0 0 0 0
-0.41620934009552 -1.4133905172348022 0.2539506256580353 -0.578971732661631 -0.6208933848208601 -0.5284724566753543 0 -0.5284724566753543 0.6208933848208601 0 0 0 0 0 0
-0.51130211353302 -1.2935266494750977 0.6745892763137817 -0.5642683613357514 -0.6024478081095902 -0.5644978785605985 0 -0.5644978785605985 0.6024478081095902 0 0 0 0 0 0
-0.499444842338562 -1.706886649131775 0.8268550634384155 -0.5598394832373881 -0.5464380461484849 -0.6228845918225305 0 -0.6228845918225305 0.5464380461484849 0 0 0 0 0 0
-0.0623704195022583 -1.719448208808899 0.719083309173584 -0.6209003703098391 -0.4937428728949831 -0.60885195705895 0 -0.60885195705895 0.4937428728949831 0 0 0 0 0 0
0.01898670569062233 -1.3190021514892578 0.9031640291213989 -0.6143312676011751 -0.5293778385222109 -0.5851121240660507 0 -0.5851121240660507 0.5293778385222109 0 0 0 0 0 0
-0.17213797569274902 -1.452131986618042 1.2847089767456055 -0.5721439632542555 -0.5025538340819029 -0.6481442194151642 0 -0.6481442194151642 0.5025538340819029 0 0 0 0 0 0
0.030022161081433296 -1.8467081785202026 1.2802479267120361 -0.5955097997422469 -0.44535306925438023 -0.6686020655940663 0 -0.6686020655940663 0.44535306925438023 0 0 0 0 0 0
0.43375542759895325 -1.6493613719940186 1.2588813304901123 -0.649909243062999 -0.4302894221498007 -0.6264734543197105 0 -0.6264734543197105 0.4302894221498007 0 0 0 0 0 0
0.34194985032081604 -1.3537521362304688 1.571982979774475 -0.606751734848768 -0.45943775764243194 -0.6486673100368974 0 -0.6486673100368974 0.45943775764243194 0 0 0 0 0 0
0.14988598227500916 -1.6476004123687744 1.8516261577606201 -0.577214388823272 -0.4115207529595944 -0.7053185232353855 0 -0.7053185232353855 0.4115207529595944 0 0 0 0 0 0
0.48940229415893555 -1.929239273071289 1.808893084526062 -0.6154223133033824 -0.3642580805642239 -0.6989788459116492 0 -0.6989788459116492 0.3642580805642239 0 0 0 0 0 0
0.8560376763343811 -1.6714322566986084 1.790226697921753 -0.6490636836416834 -0.38739522765661544 -0.6547070124615804 0 -0.6547070124615804 0.38739522765661544 0 0 0 0 0 0
0.7926424741744995 -1.4007114171981812 2.136199951171875 -0.6189931009834015 -0.40128848603196204 -0.675140794140843 0 -0.675140794140843 0.40128848603196204 0 0 0 0 0 0
-2.626164674758911 -3.2470602989196777 1.166934847831726 0.8328861869789002 -0.544384774912453 -0.09972871393568877 -0.5441696497207335 -0.8384771163977418 0.028905321311859092 0 0 0 0 0 0
-2.1409406661987305 -3.0808210372924805 1.3062286376953125 0.5670434488126358 -0.5255753035095397 -0.6342178864550627 -0.6250703135206069 -0.7760666461927046 0.08371179022370312 0 0 0 0 0 0
-1.574191927909851 -3.015991687774658 1.2137646675109863 0.19620447860327386 -0.4338627945184472 -0.8793559450578935 -0.6005941360138342 -0.7625184929500395 0.24052490867890752 0 0 0 0 0 0
-1.2082593441009521 -2.871244430541992 0.8944498896598816 -0.5853582319058576 0.056145199734238524 -0.8088284471300763 -0.5357290990033928 -0.7757180144920541 0.33355043767550097 0 0 0 0 0 0
-1.013948917388916 -2.6649112701416016 0.468448281288147 -0.8926139358695386 0.42377715454967474 -0.15379624434059688 -0.444478871399 -0.7812305329570611 0.4383119748027621 0 0 0 0 0 0
-0.10088298469781876 -2.3825793266296387 0.4143345057964325 0.956406521412637 0.06664633639206588 0.28433225572364224 -0.08642138876233926 -0.8648381174489318 0.49455674514839665 0 0 0 0 0 0
-0.8968279361724854 -1.8972002267837524 -0.008104059845209122 -0.9352015393791758 0.08814989525886784 -0.3429689150763817 -0.2905496150588586 -0.7459374386207007 0.5992981385363524 0 0 0 0 0 0
-0.6678956151008606 -2.5687780380249023 -0.3958871364593506 -0.9334717612300532 -0.34991323653107803 -0.07868416541089225 0.16563575349343057 -0.6216167517642356 0.7656091764671739 0 0 0 0 0 0
-0.8458876609802246 -2.667872905731201 -0.9105032682418823 -0.9118647536064477 0.14543117931222108 0.3838651367526219 0.23012636928992997 -0.5973257451343481 0.7682732641170918 0 0 0 0 0 0
-1.2747340202331543 -2.4539644718170166 -1.1569745540618896 -0.6231573807996226 0.39760533720718483 0.6734871005292642 0.24529114011470654 -0.718695083868938 0.6506224965399273 0 0 0 0 0 0
-1.7222964763641357 -2.191472291946411 -1.3545607328414917 -0.3836140310740306 0.5012369514102696 0.7756299334760566 0.30162324907904936 -0.7273373083138207 0.6164445275528073 0 0 0 0 0 0
-2.085207223892212 -1.7636404037475586 -1.3321583271026611 0.4369020300697512 0.5702399996942036 0.6956600885990836 0.27039522247667946 -0.8191695680593644 0.5058138416722316 0 0 0 0 0 0
-2.131824254989624 -1.2999070882797241 -1.5208791494369507 0.42823809379005073 -0.6970360804397807 -0.5751111523803127 -0.057443705413603836 -0.656070948872438 0.7525098874792104 0 0 0 0 0 0
-2.4626564979553223 -0.2998395264148712 -1.2044689655303955 -0.16787827334680505 0.9831299447515237 0.07261127371807796 -0.33039082690857113 0.011729631660662241 -0.9437713267713613 0 0 0 0 0 0
-1.7824444770812988 -1.0929887294769287 -0.8546269536018372 0.936882233564984 -0.3388881812512552 -0.08606091469711032 0.2041141102030971 0.7324816124898653 -0.6494675645328599 0 0 0 0 0 0
-2.147780418395996 -1.4282643795013428 -0.4677793085575104 0.5518414782294048 -0.5692385814391192 -0.6094574803107797 -0.1443628911331378 0.6562571229963141 -0.7405983690100069 0 0 0 0 0 0
-2.416262149810791 -1.5970016717910767 0.2775946855545044 -0.2776569063186465 -0.9280910871223225 0.24809993224034574 -0.8152603210586844 0.36406865756526785 0.45033834112355425 0 0 0 0 0 0
-1.5868372917175293 -2.097412586212158 0.1365094929933548 0.895280410427859 0.0726962226328374 0.4395318485832867 0.18674526951502496 0.8344188744107471 -0.5185280574287786 0 0 0 0 0 0
-2.1992921829223633 -2.2329726219177246 -0.2905844748020172 0.6568051322272014 -0.30298833404576425 -0.6905107440961225 -0.21948367445574568 0.7981770185011265 -0.5610172580091066 0 0 0 0 0 0
-2.0663208961486816 -2.804274559020996 -0.5305528044700623 0.9564932623047855 -0.09167193831887306 -0.27697814875980714 -0.09244138039690471 0.8049397149128681 -0.5861114625617769 0 0 0 0 0 0
-1.7332130670547485 -3.279533863067627 -0.5837320685386658 0.8991430760654566 0.41194922877258505 0.14778214261953598 -0.2507224231043721 0.7649585425860804 -0.5932762380858112 0 0 0 0 0 0
-1.3021514415740967 -3.508707284927368 -0.28709614276885986 0.27346284564111323 0.826304596236193 0.49238073306416735 -0.19630721137701218 0.5480273432735966 -0.813098708513219 0 0 0 0 0 0
-1.206547498703003 -3.816119909286499 0.2747301459312439 -0.2967662345472454 0.5094845349738247 0.8076851556486321 0.5566407877323674 0.778941049148821 -0.2887938285068151 0 0 0 0 0 0
-1.3703066110610962 -3.992698907852173 0.8255636692047119 -0.5712233353919717 0.6688542766666333 0.475749784748691 0.6396056606143676 0.7258999802374211 -0.2529304600109881 0 0 0 0 0 0
-1.7751022577285767 -4.085203170776367 1.2567975521087646 -0.7257022304752004 0.687668810688849 -0.021630522164359484 0.6807636387547313 0.7135645294023274 -0.1654887625437236 0 0 0 0 0 0
