t = 0
b = 10 10 10
E = 0 0 0
-0.42564094066619873 2.0893261432647705 -0.3986665606498718 -0.7722465504082493 0.4145270484096229 0.4814588160158305 0.451253305020565 0.8913302397162659 -0.043598835711066264 0 0 0 0 0 0
-0.6847363114356995 1.7126408815383911 -0.07284033298492432 -0.8256529729324956 0.5563083599457865 -0.09390514864564732 0.5558474429971366 0.8306146011691026 0.033361721152205766 0 0 0 0 0 0
-1.0382012128829956 1.3744994401931763 0.011015795171260834 -0.7049353766805573 0.6456969870171342 -0.29349874899432865 0.5653246030406586 0.7613301316524752 0.31746578372313833 0 0 0 0 0 0
-1.6799471378326416 1.1703048944473267 -0.059374041855335236 -0.23662445899373938 0.45731182943468246 -0.8572483631159784 0.5183430264459218 0.8056728189464414 0.2867260290691744 0 0 0 0 0 0
-1.9205621480941772 0.8869534134864807 -0.4821949303150177 0.5389130111112788 0.17657607779403584 -0.8236465596394181 0.28720329239304243 0.8806458167800782 0.37679863883292525 0 0 0 0 0 0
-2.2255895137786865 0.6423102617263794 -0.9753637313842773 0.6523675836204338 -0.02626985758374915 -0.757447311978705 0.15142773451799424 0.9837735964340983 0.09622448845209576 0 0 0 0 0 0
-2.1709446907043457 0.25306394696235657 -1.317578673362732 0.9411053283372235 -0.033572470225504074 -0.3364426403092281 0.09283452879138612 0.9824483081488501 0.16179330047793455 0 0 0 0 0 0
-1.80972421169281 -0.41342777013778687 -1.4030684232711792 0.9625963169327737 0.20027549724064092 0.1824775488449833 -0.13807665951467793 0.9421986068555817 -0.3052812168094672 0 0 0 0 0 0
-2.685797929763794 -0.9470541477203369 -1.3043383359909058 -0.7169897123552019 -0.4829955612537735 -0.5026341016942217 -0.6922320630996869 0.5789254811585924 0.43088288209447745 0 0 0 0 0 0
-1.7663581371307373 -0.9606364369392395 -1.0970550775527954 0.997770617126398 0.06672456127912339 0.0012761353045225518 0.05745255121079694 -0.8698685503571033 0.48992643270087216 0 0 0 0 0 0
-1.3748356103897095 -1.3614449501037598 -1.0603132247924805 0.6750348071416405 0.592700230798778 0.4393568544569704 -0.18158548117801734 0.7107357796535807 -0.6796185434091427 0 0 0 0 0 0
-0.8267720937728882 -1.7503690719604492 -0.7022017240524292 0.12583881592917676 0.4648068538504179 0.8764240874252711 0.11895563477488892 0.8700672047954573 -0.4783645221948665 0 0 0 0 0 0
-0.36841654777526855 -2.092409372329712 -0.42243441939353943 0.20885609515991885 0.730906441802982 0.6497344879606245 -0.19045018937624555 0.6820663352711918 -0.7060554083471624 0 0 0 0 0 0
0.19011904299259186 -2.2631442546844482 -0.00673684710636735 -0.21389587132866453 0.7206475202122192 0.6594813930965228 -0.12778704913336336 0.6487029872691318 -0.7502365656124022 0 0 0 0 0 0
0.5697371959686279 -2.451531171798706 0.4129388630390167 -0.08419711680748519 0.9439413558723416 0.31919517884077164 -0.08956866957303496 0.3118539862651001 -0.9458988025584361 0 0 0 0 0 0
1.0076640844345093 -2.407288074493408 1.0193824768066406 -0.60063302703092 0.5314856784126804 0.5972963590060523 0.42091797273831233 0.8453263786238991 -0.32901576531904014 0 0 0 0 0 0
1.1448978185653687 -2.4553701877593994 1.72110116481781 -0.6581623973975893 0.7027900348940153 0.270015602337211 0.45120849723351464 0.655288411528114 -0.6058118435135075 0 0 0 0 0 0
0.9581977128982544 -2.7155749797821045 2.161687135696411 -0.6742923624475102 0.7175069167001626 0.17468152287057034 0.6614163461362892 0.6920218782396476 -0.2891956726878719 0 0 0 0 0 0
0.5000619888305664 -2.9756479263305664 2.1836094856262207 -0.2807772470702814 0.5648366225269469 -0.7759663184571772 0.8827486282824252 0.4693134073212071 0.02235587113166156 0 0 0 0 0 0
-0.2509915828704834 -3.2902257442474365 2.5851850509643555 -0.7317732292176387 0.0077199920378939494 0.6815044700684831 0.42555283303839886 -0.7759500391077616 0.4656246590352103 0 0 0 0 0 0
-0.3049039840698242 -2.8231489658355713 2.4845008850097656 0.6588648545128558 0.15387118529431512 0.7363564095082459 -0.09511150708523136 -0.9539558672319277 0.2844679324524237 0 0 0 0 0 0
-0.21366047859191895 -2.262066125869751 2.3851747512817383 0.9605797522159906 -0.18796384612330255 0.2048319608440089 -0.24225606053635873 -0.9274563960505325 0.2848449307225982 0 0 0 0 0 0
0.05967513471841812 -1.8101747035980225 2.330662727355957 0.6184691423492704 -0.6518298043921248 -0.4388779170428629 -0.5467791493497786 -0.7581209159921565 0.3553663441739327 0 0 0 0 0 0
0.46928200125694275 -1.5052580833435059 2.167750358581543 0.6033422975282066 -0.6913559124638564 -0.39749852114775647 -0.43956813914851683 -0.7042145416495197 0.5575497559634178 0 0 0 0 0 0
1.1889809370040894 -1.455297589302063 1.934476375579834 -0.024178920551424628 -0.5731689544765834 -0.8190804169464608 -0.30979765168705636 -0.7747367891328277 0.5511881008996309 0 0 0 0 0 0
1.6584755182266235 -1.2822612524032593 1.6633973121643066 -0.19170911185384837 -0.7365575842100484 -0.6486374500249474 -0.33574284873970167 -0.5718272766897171 0.7485254205127381 0 0 0 0 0 0
1.98147714138031 -1.2318521738052368 1.078416109085083 -0.7248246862258894 -0.26916743039649305 -0.6341751088234937 -0.19635018144534008 -0.8016204816671596 0.5646691151622277 0 0 0 0 0 0
2.101433515548706 -1.1302669048309326 0.5071659684181213 -0.9461501459687172 -0.17310554697634697 -0.2735587156158528 -0.02318556619951161 -0.8066228771043806 0.5906115166942305 0 0 0 0 0 0
2.1149442195892334 -0.9596072435379028 -0.05823919177055359 -0.9101890414398849 -0.41368896715258974 -0.02042907973862316 0.31771870484171943 -0.7290708708845729 0.6062264344461653 0 0 0 0 0 0
1.7879084348678589 -0.7000265121459961 -0.550771951675415 -0.8783865065078957 0.07099017573697877 0.4726494897211749 0.16150172220072825 -0.8866145848961355 0.4333956293914973 0 0 0 0 0 0
1.4084161520004272 -0.3695427477359772 -0.7658529877662659 -0.6170833318648734 0.3664337967074852 0.6963723387420584 0.011569307167593013 0.889199066561281 -0.4573742134819239 0 0 0 0 0 0
0.7591265439987183 0.1001213788986206 -0.8909728527069092 -0.2693217944320825 0.35640555723935324 0.8946735995952878 -0.22319734266844518 -0.9267793880852035 0.30209752075473995 0 0 0 0 0 0
0.5460529923439026 0.5847486257553101 -0.873221755027771 -0.0078970194394951 0.24337262079171287 0.9699007189052627 -0.04245637828904052 -0.969178747849382 0.24267264093770835 0 0 0 0 0 0
0.3581283986568451 1.0811736583709717 -0.6554589867591858 0.5083372341049467 0.06143152589465429 0.8589641576042547 -0.19253916373986085 -0.9641582446375979 0.18255834608064608 0 0 0 0 0 0
0.6408330202102661 1.479344129562378 -0.7069616913795471 0.7551184941937009 -0.6541024906804663 -0.04411339266309093 -0.4766277454771255 -0.5938056059101401 0.6482444713463308 0 0 0 0 0 0
0.8984052538871765 1.976707935333252 -0.16932658851146698 0.9847080152726926 -0.15629978472401596 -0.07694479808889657 -0.10967333813723414 -0.8995861227272739 0.42274882223176663 0 0 0 0 0 0
0.7443838119506836 2.7895395755767822 0.4339812099933624 -0.16993919500850596 0.8958277200632878 -0.410625578801507 -0.4471945391360446 -0.441376441045719 -0.7779485082296358 0 0 0 0 0 0
1.7738772630691528 2.9396893978118896 0.13099099695682526 -0.007122155682953914 0.8973832714058159 -0.44119444590727086 -0.898384149554018 0.18816083970561306 0.39686448345925646 0 0 0 0 0 0
1.8562958240509033 1.9394574165344238 0.12528197467327118 0.38848162182494805 -0.7855352857453102 0.481680749411155 0.7202126808672373 0.584882108957857 0.3731040242868418 0 0 0 0 0 0
1.5294681787490845 2.0105507373809814 -0.6356937289237976 -0.16684052767914 0.4530643721503801 0.8757265058291476 -0.1506108827207602 -0.8894610606168725 0.43148045570150917 0 0 0 0 0 0
2.322458267211914 1.7170301675796509 -0.9887872934341431 0.9991775368236363 0.03914119531058093 0.010593240142189493 0.030556635248273605 -0.5549329701245689 -0.8313336819298424 0 0 0 0 0 0
1.5979937314987183 1.428450345993042 -0.5957502722740173 -0.725995827526046 0.33308413360355943 -0.601651907963681 0.38368316451278495 0.9222349857905897 0.0476430504196154 0 0 0 0 0 0
1.272625207901001 1.4596567153930664 0.12022068351507187 -0.9440608946737014 -0.1379111500360081 -0.2995488972499088 -0.004601652120286593 0.9137923390321722 -0.4061556178657087 0 0 0 0 0 0
0.9560278654098511 1.1382654905319214 0.41746047139167786 -0.4183380627481802 -0.21817358025859163 -0.8816992424479265 0.06175555985541138 0.9616288565538318 -0.26731291227682036 0 0 0 0 0 0
0.5416838526725769 0.7408303022384644 0.37448227405548096 0.039924682922503126 -0.23598612380837555 -0.9709359242830784 0.12405247668011038 0.9653507070182802 -0.22958439731139685 0 0 0 0 0 0
0.33917421102523804 0.3189888596534729 0.23198239505290985 0.4077054584723199 -0.1945989963203758 -0.8921364748529106 0.08604375536548586 0.9808692161516209 -0.17461973819906204 0 0 0 0 0 0
-0.018597612157464027 -0.1744443029165268 -0.12200789898633957 0.6893415035332008 0.0807937956079918 -0.7199171161306281 -0.07240718080743186 0.9964696578624048 0.04249024743516636 0 0 0 0 0 0
-0.513075590133667 -0.8505056500434875 -0.4276529848575592 -0.7604989241424646 -0.09177788889292927 -0.6428205079868805 -0.14570843092344463 -0.9406620323213124 0.3064702173245649 0 0 0 0 0 0
-0.534752368927002 -0.6124863624572754 -0.9471909403800964 -0.9988451970118631 -0.04113227526816891 0.024827572124470038 0.04778719370558146 -0.8893308635033539 0.45476037573443473 0 0 0 0 0 0
-0.5584051012992859 -0.19910188019275665 -1.3076831102371216 -0.9615053576746239 -0.2741519086223434 -0.018659532730491597 0.25999252037407283 -0.9295317082153907 0.261485549833476 0 0 0 0 0 0
-1.027308464050293 0.2647347152233124 -1.7571247816085815 -0.8587435698316217 0.16068631436942749 0.4865587216844564 -0.21796239766623854 -0.9739269472677171 -0.06291815786694673 0 0 0 0 0 0
-1.18844473361969 0.7477489709854126 -1.7629607915878296 -0.6679862844662271 -0.003892183366183005 0.7441634058952704 -0.12835793206915766 -0.9844027863519205 -0.12031373777547158 0 0 0 0 0 0
-1.3865981101989746 1.2460541725158691 -1.5686674118041992 -0.4140195686410373 -0.22406610225360155 0.8822597002034991 -0.4429797260116193 -0.7971992267758315 -0.4101735671282185 0 0 0 0 0 0
-1.4444124698638916 2.0027313232421875 -1.2874988317489624 0.3407918993058892 -0.21782932020524973 0.9145552299486365 -0.3585353594546508 -0.9293873289089096 -0.08770170399876286 0 0 0 0 0 0
-2.041836738586426 1.9353193044662476 -0.994202733039856 0.31527941501093676 -0.5578432379285004 0.76773029923783 -0.45800329785414745 -0.7979389730627818 -0.3918244178484009 0 0 0 0 0 0
-1.921484112739563 2.177203893661499 -0.3587090075016022 0.8297575994339921 -0.5201213607909552 0.20242553255581103 -0.4441913586716901 -0.8350254346757103 -0.3246945646696895 0 0 0 0 0 0
-1.6746560335159302 2.4793968200683594 0.0015254559693858027 0.8279055604274912 -0.5600166488077857 -0.030882617624465893 -0.5600792459738176 -0.8221041521604792 -0.10225459026322152 0 0 0 0 0 0
-1.2211512327194214 2.7633216381073 0.24451184272766113 0.6447359909783487 -0.5427557221775674 -0.5382673387645533 -0.5636432162658397 -0.8132023452768709 0.14494230022218071 0 0 0 0 0 0
