1.120000000000000000e+03 3.561504407771318486e-07
1.130000000000000000e+03 2.827521357330134799e-06
1.140000000000000000e+03 1.111120769641300182e-05
1.150000000000000000e+03 2.924285075156716115e-05
1.160000000000000000e+03 5.847971150049109272e-05
1.170000000000000000e+03 9.781953812752713733e-05
1.180000000000000000e+03 1.402921645355055590e-04
1.190000000000000000e+03 1.742820657545543310e-04
1.200000000000000000e+03 2.072412425787515907e-04
1.210000000000000000e+03 2.363969455572484304e-04
1.216000000000000000e+03 2.508474137557737348e-04
1.220000000000000000e+03 2.623340379238444297e-04
1.230000000000000000e+03 2.861543135134822632e-04
1.240000000000000000e+03 3.057802313108780204e-04
1.250000000000000000e+03 3.218614619148500657e-04
1.260000000000000000e+03 3.352470909520209770e-04
1.270000000000000000e+03 3.463070633837300846e-04
1.280000000000000000e+03 3.553203253461670059e-04
1.290000000000000000e+03 3.626764116838094741e-04
1.300000000000000000e+03 5.519282727169306678e-04
1.310000000000000000e+03 7.425734985301773788e-04
1.320000000000000000e+03 9.337274490880900389e-04
1.330000000000000000e+03 1.003624995689520903e-03
1.340000000000000000e+03 1.072351406703144286e-03
1.350000000000000000e+03 1.140041048178016105e-03
1.354000000000000000e+03 1.136921024412828468e-03
1.360000000000000000e+03 1.131041544443075206e-03
1.370000000000000000e+03 1.120702026989016170e-03
1.380000000000000000e+03 1.110127845315671009e-03
1.390000000000000000e+03 1.099557931904437871e-03
1.400000000000000000e+03 1.089328125600280044e-03
1.410000000000000000e+03 1.079611592878669405e-03
1.420000000000000000e+03 1.063170709852101362e-03
1.430000000000000000e+03 1.046442724330528791e-03
1.440000000000000000e+03 1.029099543130980628e-03
1.450000000000000000e+03 1.010744845693121704e-03
1.460000000000000000e+03 9.909132350840797569e-04
1.470000000000000000e+03 9.693586067667256476e-04
1.480000000000000000e+03 9.402774736285842653e-04
1.487000000000000000e+03 9.183606798382410504e-04
1.490000000000000000e+03 9.123203366363287232e-04
1.500000000000000000e+03 8.890669443892682726e-04
1.510000000000000000e+03 8.609109426001504894e-04
1.520000000000000000e+03 8.303391074881785478e-04
1.530000000000000000e+03 7.983081339276328330e-04
1.540000000000000000e+03 7.631950768308901067e-04
1.545000000000000000e+03 7.457476388732153447e-04
1.550000000000000000e+03 7.230508578030906417e-04
1.560000000000000000e+03 6.795432409986506238e-04
1.570000000000000000e+03 6.365815499824117136e-04
1.580000000000000000e+03 5.968236776628758075e-04
1.590000000000000000e+03 5.605715054933167437e-04
1.600000000000000000e+03 5.278285279534008752e-04
1.610000000000000000e+03 4.987379624645241682e-04
1.620000000000000000e+03 4.731263957901941128e-04
1.630000000000000000e+03 4.471940650074165383e-04
1.640000000000000000e+03 4.243380870099666300e-04
1.648000000000000000e+03 4.083008995740236200e-04
1.650000000000000000e+03 4.046809510582287882e-04
1.660000000000000000e+03 3.907507749298853275e-04
1.670000000000000000e+03 3.787348838717039456e-04
1.680000000000000000e+03 3.681669502630033884e-04
1.690000000000000000e+03 3.586728957481854618e-04
1.700000000000000000e+03 3.498190078759875880e-04
1.710000000000000000e+03 3.412718810175979387e-04
1.720000000000000000e+03 3.347942124974837138e-04
1.730000000000000000e+03 3.281702500843875219e-04
1.740000000000000000e+03 3.211913410947275175e-04
1.750000000000000000e+03 3.136450535774578286e-04
1.760000000000000000e+03 3.026464388907824975e-04
1.770000000000000000e+03 2.909854087720018228e-04
1.780000000000000000e+03 2.786103791078854827e-04
1.790000000000000000e+03 2.654585300036180250e-04
1.800000000000000000e+03 2.514917576640579664e-04
1.810000000000000000e+03 2.344619157090804113e-04
1.820000000000000000e+03 2.163912453942257142e-04
1.830000000000000000e+03 1.972156519633267921e-04
1.840000000000000000e+03 1.768793016044688151e-04
1.850000000000000000e+03 1.553186153699123815e-04
1.860000000000000000e+03 1.324766371590280635e-04
1.870000000000000000e+03 1.271379320030866444e-04
1.879000000000000000e+03 1.224273646150333278e-04
1.880000000000000000e+03 1.218327096115284953e-04
1.890000000000000000e+03 1.160439202359436127e-04
1.900000000000000000e+03 1.105727437557971009e-04
1.910000000000000000e+03 1.054566032347918587e-04
1.920000000000000000e+03 9.987371454056915318e-05
1.930000000000000000e+03 9.440560564378996304e-05
1.940000000000000000e+03 8.960883667194255680e-05
1.950000000000000000e+03 8.525947924508487860e-05
1.960000000000000000e+03 8.131181881566801404e-05
1.970000000000000000e+03 7.741146670240111206e-05
1.980000000000000000e+03 7.367487250568850699e-05
1.990000000000000000e+03 7.021511781355829784e-05
2.000000000000000000e+03 6.685676371606011738e-05
2.010000000000000000e+03 6.407738295557155418e-05
2.020000000000000000e+03 6.131119627025534771e-05
2.030000000000000000e+03 5.866986503496210117e-05
2.040000000000000000e+03 5.628683320114618942e-05
2.050000000000000000e+03 5.395850347535332810e-05
2.060000000000000000e+03 5.193036753458329930e-05
2.070000000000000000e+03 4.998861059048677113e-05
2.080000000000000000e+03 4.802688178398844144e-05
2.090000000000000000e+03 4.617384669220648581e-05
2.100000000000000000e+03 4.457110157225394157e-05
2.110000000000000000e+03 4.298117737386286506e-05
2.120000000000000000e+03 4.140991989947644672e-05
2.130000000000000000e+03 3.986186236414729876e-05
2.138000000000000000e+03 3.876472600968705113e-05
2.140000000000000000e+03 3.849592071471309897e-05
2.150000000000000000e+03 3.721680106243512574e-05
2.160000000000000000e+03 3.598348282032076315e-05
2.170000000000000000e+03 3.466005645215029031e-05
2.180000000000000000e+03 3.353811855764952037e-05
2.190000000000000000e+03 3.248495763672216156e-05
2.200000000000000000e+03 3.120625387996259090e-05
2.210000000000000000e+03 3.104824015710599874e-05
2.220000000000000000e+03 3.093458561980426950e-05
2.230000000000000000e+03 3.071448247816181779e-05
2.240000000000000000e+03 3.038768730221180601e-05
2.250000000000000000e+03 2.995545581057275115e-05
2.260000000000000000e+03 2.960232120121974452e-05
2.270000000000000000e+03 2.934875360994751802e-05
2.280000000000000000e+03 2.901612380342160382e-05
2.290000000000000000e+03 2.860991527746426609e-05
2.296000000000000000e+03 2.845262967314505405e-05
2.300000000000000000e+03 2.835649522324497425e-05
2.310000000000000000e+03 2.785962061416583769e-05
2.320000000000000000e+03 2.750861902538358333e-05
2.330000000000000000e+03 2.732093079772989700e-05
2.340000000000000000e+03 2.708342177328833071e-05
2.350000000000000000e+03 2.679657468997613114e-05
2.360000000000000000e+03 2.645921982175320931e-05
2.370000000000000000e+03 2.607121613000313085e-05
2.380000000000000000e+03 2.588387477591122632e-05
2.390000000000000000e+03 2.540074449481023657e-05
2.400000000000000000e+03 2.512889015426844903e-05
2.410000000000000000e+03 2.481732523843880440e-05
2.420000000000000000e+03 2.446814622823399960e-05
2.430000000000000000e+03 2.435886597969903107e-05
2.440000000000000000e+03 2.394224949436045597e-05
2.450000000000000000e+03 2.377892356778220351e-05
2.460000000000000000e+03 2.330131370322107670e-05
2.470000000000000000e+03 2.308849686450292724e-05
2.480000000000000000e+03 2.255451927420139822e-05
2.490000000000000000e+03 2.229726804197738408e-05
2.500000000000000000e+03 2.202258744906439606e-05
2.510000000000000000e+03 2.173019206536071685e-05
2.520000000000000000e+03 2.142174527935778317e-05
2.530000000000000000e+03 2.109617707597282124e-05
2.537000000000000000e+03 2.108895985458418028e-05
2.540000000000000000e+03 2.103349767724626320e-05
2.550000000000000000e+03 2.051461488919674645e-05
2.560000000000000000e+03 1.998675485654909201e-05
2.570000000000000000e+03 1.978506830539807182e-05
2.580000000000000000e+03 1.924221270904447306e-05
2.590000000000000000e+03 1.903154395682252873e-05
2.600000000000000000e+03 1.847536348597666092e-05
2.610000000000000000e+03 1.825592982538301059e-05
2.620000000000000000e+03 1.803375459092721039e-05
2.630000000000000000e+03 1.745882543090068799e-05
2.640000000000000000e+03 1.722732840928438902e-05
2.650000000000000000e+03 1.699110917432281132e-05
2.660000000000000000e+03 1.675097164261992271e-05
2.670000000000000000e+03 1.650617205490884104e-05
2.680000000000000000e+03 1.625593552220493663e-05
2.690000000000000000e+03 1.600108652759066311e-05
2.700000000000000000e+03 1.574043349223994923e-05
2.710000000000000000e+03 1.557393986043191761e-05
2.720000000000000000e+03 1.539907198196008853e-05
2.730000000000000000e+03 1.521607271595923698e-05
2.740000000000000000e+03 1.540933209488581918e-05
2.750000000000000000e+03 1.521350193746417897e-05
2.760000000000000000e+03 1.486759426499280066e-05
2.770000000000000000e+03 1.451867551864957340e-05
2.780000000000000000e+03 1.416712660366493643e-05
2.790000000000000000e+03 1.420691771935347181e-05
2.800000000000000000e+03 1.384976262705656486e-05
2.810000000000000000e+03 1.348955620157137987e-05
2.820000000000000000e+03 1.352378460777510521e-05
2.830000000000000000e+03 1.315805376244370217e-05
2.840000000000000000e+03 1.318937875650180932e-05
2.850000000000000000e+03 1.281865470889509127e-05
2.860000000000000000e+03 1.244558812779249983e-05
2.870000000000000000e+03 1.247225593730266916e-05
2.880000000000000000e+03 1.209460077439518222e-05
2.890000000000000000e+03 1.211894923037725343e-05
2.900000000000000000e+03 1.173753250109916205e-05
2.910000000000000000e+03 1.167802696237109108e-05
2.920000000000000000e+03 1.121674707604293080e-05
2.930000000000000000e+03 1.115741962996743365e-05
2.940000000000000000e+03 1.109706724192207677e-05
2.950000000000000000e+03 1.064233045380714107e-05
2.960000000000000000e+03 1.058270995078100780e-05
2.970000000000000000e+03 1.013321200228317491e-05
2.980000000000000000e+03 1.007497524408008154e-05
2.990000000000000000e+03 9.630847827606940753e-06
3.000000000000000000e+03 9.573950306831163033e-06
