1.760000000000000000e+03 1.816032825656609288e-05
1.770000000000000000e+03 3.724929449578562914e-05
1.780000000000000000e+03 5.731900167450779999e-05
1.790000000000000000e+03 7.841902474346436683e-05
1.800000000000000000e+03 1.006052474096354795e-04
1.810000000000000000e+03 1.239210330239935416e-04
1.820000000000000000e+03 1.484254616798019624e-04
1.830000000000000000e+03 1.741686607855915986e-04
1.840000000000000000e+03 2.012068131678303509e-04
1.850000000000000000e+03 2.295897351397134403e-04
1.852000000000000000e+03 2.830632027529390144e-04
1.854000000000000000e+03 2.379854919421178392e-04
1.856000000000000000e+03 2.493200323684987012e-04
1.858000000000000000e+03 2.749472373497560554e-04
1.860000000000000000e+03 2.832890735252429053e-04
1.862000000000000000e+03 2.999632210570523164e-04
1.864000000000000000e+03 2.903835869522209453e-04
1.866000000000000000e+03 3.084684765579715263e-04
1.868000000000000000e+03 3.000153526299498643e-04
1.870000000000000000e+03 3.048708471342361317e-04
1.872000000000000000e+03 3.382460125125928501e-04
1.874000000000000000e+03 3.542372048437080530e-04
1.876000000000000000e+03 3.573621090674612916e-04
1.878000000000000000e+03 3.932101653355361262e-04
1.879000000000000000e+03 3.984725784960371818e-04
1.880000000000000000e+03 4.035924799589317912e-04
1.882000000000000000e+03 4.130791160805504523e-04
1.884000000000000000e+03 4.291600941911955240e-04
1.886000000000000000e+03 4.465037947826846023e-04
1.888000000000000000e+03 4.401967530212895410e-04
1.890000000000000000e+03 4.608170863905537034e-04
1.892000000000000000e+03 4.760889295572043756e-04
1.894000000000000000e+03 5.148064339503028060e-04
1.896000000000000000e+03 5.269536000229628828e-04
1.898000000000000000e+03 5.460478662188238000e-04
1.900000000000000000e+03 5.685990977720141535e-04
1.902000000000000000e+03 5.785335947327464477e-04
1.904000000000000000e+03 5.899037193149248102e-04
1.906000000000000000e+03 6.178692922308900428e-04
1.908000000000000000e+03 6.348516193112810476e-04
1.910000000000000000e+03 6.639413151001476122e-04
1.912000000000000000e+03 6.781094178741238487e-04
1.914000000000000000e+03 6.977097952931176272e-04
1.916000000000000000e+03 7.184331991790468292e-04
1.918000000000000000e+03 7.400754962111294553e-04
1.920000000000000000e+03 7.682423388941874874e-04
1.922000000000000000e+03 7.885355224163697512e-04
1.924000000000000000e+03 8.015315439435272311e-04
1.926000000000000000e+03 8.337563519446238936e-04
1.928000000000000000e+03 8.589940790966035843e-04
1.930000000000000000e+03 8.904897013346010221e-04
1.932000000000000000e+03 9.077898189612561156e-04
1.934000000000000000e+03 9.247702256707127999e-04
1.936000000000000000e+03 9.676741972882545997e-04
1.938000000000000000e+03 9.877070944395523102e-04
1.940000000000000000e+03 1.022950236302546008e-03
1.942000000000000000e+03 1.048392433349126752e-03
1.944000000000000000e+03 1.067367699845524903e-03
1.946000000000000000e+03 1.088816929286943883e-03
1.948000000000000000e+03 1.111382997930571680e-03
1.950000000000000000e+03 1.149483585085652858e-03
1.952000000000000000e+03 1.181249150776538274e-03
1.954000000000000000e+03 1.210153667928865698e-03
1.956000000000000000e+03 1.226183848363935356e-03
1.958000000000000000e+03 1.247523760381188083e-03
1.960000000000000000e+03 1.287700427374347412e-03
1.962000000000000000e+03 1.314750225354031389e-03
1.964000000000000000e+03 1.339312621963582037e-03
1.966000000000000000e+03 1.374605015220958489e-03
1.968000000000000000e+03 1.412069590686844444e-03
1.970000000000000000e+03 1.439077286389338654e-03
1.972000000000000000e+03 1.454150726257444348e-03
1.974000000000000000e+03 1.486327012855701490e-03
1.976000000000000000e+03 1.530692785160157323e-03
1.978000000000000000e+03 1.540406151568741088e-03
1.980000000000000000e+03 1.576618227379691147e-03
1.982000000000000000e+03 1.602166463561823396e-03
1.984000000000000000e+03 1.616533010368417572e-03
1.986000000000000000e+03 1.657641365691390426e-03
1.988000000000000000e+03 1.680523994089475190e-03
1.990000000000000000e+03 1.704697202161564208e-03
1.992000000000000000e+03 1.738449427086760255e-03
1.994000000000000000e+03 1.770935430917765620e-03
1.996000000000000000e+03 1.778656749355207430e-03
1.998000000000000000e+03 1.818441912776079614e-03
2.000000000000000000e+03 1.835705657880194524e-03
2.002000000000000000e+03 1.850809866953915476e-03
2.004000000000000000e+03 1.897761625007507750e-03
2.006000000000000000e+03 1.913259837441668148e-03
2.008000000000000000e+03 1.934571086960196586e-03
2.010000000000000000e+03 1.961752325565965880e-03
2.012000000000000000e+03 1.996031950425625028e-03
2.014000000000000000e+03 2.018115004113754489e-03
2.016000000000000000e+03 2.027203627761242286e-03
2.018000000000000000e+03 2.052240395291153856e-03
2.020000000000000000e+03 2.071691342329345063e-03
2.022000000000000000e+03 2.097115304882885521e-03
2.024000000000000000e+03 2.113905232542929481e-03
2.026000000000000000e+03 2.150193309331677790e-03
2.028000000000000000e+03 2.171209000371395956e-03
2.030000000000000000e+03 2.184008802791497211e-03
2.032000000000000000e+03 2.210665558324789292e-03
2.034000000000000000e+03 2.219657479911432956e-03
2.036000000000000000e+03 2.245725203338636792e-03
2.038000000000000000e+03 2.267456787881425625e-03
2.040000000000000000e+03 2.273763154589079644e-03
2.042000000000000000e+03 2.300387802781050928e-03
2.044000000000000000e+03 2.321367057611911297e-03
2.046000000000000000e+03 2.328473335320997272e-03
2.048000000000000000e+03 2.351800333454167734e-03
2.050000000000000000e+03 2.378721527347009250e-03
2.052000000000000000e+03 2.384545110194848539e-03
2.054000000000000000e+03 2.404736366428783783e-03
2.056000000000000000e+03 2.426536640526041032e-03
2.058000000000000000e+03 2.449222320048661215e-03
2.060000000000000000e+03 2.454919459418425463e-03
2.062000000000000000e+03 2.466559586176320703e-03
2.064000000000000000e+03 2.476999144605385086e-03
2.066000000000000000e+03 2.500616281854737243e-03
2.068000000000000000e+03 2.511426377099070049e-03
2.070000000000000000e+03 2.519298427264404523e-03
2.072000000000000000e+03 2.526691701471727239e-03
2.074000000000000000e+03 2.549277006936039383e-03
2.076000000000000000e+03 2.560053082246344786e-03
2.078000000000000000e+03 2.567268673826785322e-03
2.080000000000000000e+03 2.578925345279274930e-03
2.082000000000000000e+03 2.596336652435405918e-03
2.084000000000000000e+03 2.609587599655433399e-03
2.086000000000000000e+03 2.617869058006236198e-03
2.088000000000000000e+03 2.627379879515192879e-03
2.090000000000000000e+03 2.641505875016903274e-03
2.092000000000000000e+03 2.655058148227243051e-03
2.094000000000000000e+03 2.649522256129380800e-03
2.096000000000000000e+03 2.668647785810759464e-03
2.098000000000000000e+03 2.682628852605231911e-03
2.100000000000000000e+03 2.686710600035764271e-03
2.102000000000000000e+03 2.699685457868161633e-03
2.104000000000000000e+03 2.712794563087120043e-03
2.106000000000000000e+03 2.717994436860998817e-03
2.108000000000000000e+03 2.729699806240428513e-03
2.110000000000000000e+03 2.729207261469726066e-03
2.112000000000000000e+03 2.749155761224688840e-03
2.114000000000000000e+03 2.743296915596394811e-03
2.116000000000000000e+03 2.763287042661690708e-03
2.118000000000000000e+03 2.767796923016353772e-03
2.120000000000000000e+03 2.769069949219354898e-03
2.122000000000000000e+03 2.784230213522386355e-03
2.124000000000000000e+03 2.786719420253862527e-03
2.126000000000000000e+03 2.794175025730005670e-03
2.128000000000000000e+03 2.800948501038955270e-03
2.130000000000000000e+03 2.811339230758173359e-03
2.132000000000000000e+03 2.801663045441978115e-03
2.134000000000000000e+03 2.826481801421938406e-03
2.136000000000000000e+03 2.815920087802562064e-03
2.138000000000000000e+03 2.819888593761494828e-03
2.140000000000000000e+03 2.829776382019823754e-03
2.142000000000000000e+03 2.829567648778176861e-03
2.144000000000000000e+03 2.842682924631209293e-03
2.146000000000000000e+03 2.832547879466157381e-03
2.148000000000000000e+03 2.840551295581752837e-03
2.150000000000000000e+03 2.842460486740495777e-03
2.152000000000000000e+03 2.853823876784634603e-03
2.154000000000000000e+03 2.859262833963667656e-03
2.156000000000000000e+03 2.863455904870488861e-03
2.158000000000000000e+03 2.860586327631555598e-03
2.160000000000000000e+03 2.864652392761587226e-03
2.162000000000000000e+03 2.861318517681976994e-03
2.164000000000000000e+03 2.858836122362298695e-03
2.166000000000000000e+03 2.860768674471018611e-03
2.168000000000000000e+03 2.861602678593768833e-03
2.170000000000000000e+03 2.850939553775300606e-03
2.172000000000000000e+03 2.860959435260177017e-03
2.174000000000000000e+03 2.869524144436442440e-03
2.176000000000000000e+03 2.867040392218671990e-03
2.178000000000000000e+03 2.860952621884494795e-03
2.180000000000000000e+03 2.857194965146139191e-03
2.182000000000000000e+03 2.860674930541152929e-03
2.184000000000000000e+03 2.855304559281081865e-03
2.186000000000000000e+03 2.848600213843711145e-03
2.188000000000000000e+03 2.855213380297761273e-03
2.190000000000000000e+03 2.845302246547853822e-03
2.192000000000000000e+03 2.841563181510598727e-03
2.194000000000000000e+03 2.840114026672768081e-03
2.196000000000000000e+03 2.834968462474521996e-03
2.198000000000000000e+03 2.829364011315905689e-03
2.200000000000000000e+03 2.820158714161340435e-03
2.202000000000000000e+03 2.832201311762273018e-03
2.204000000000000000e+03 2.845068593801900955e-03
2.206000000000000000e+03 2.849567219258073835e-03
2.208000000000000000e+03 2.860917770919814244e-03
2.210000000000000000e+03 2.870760414492667598e-03
2.212000000000000000e+03 2.877619537853384323e-03
2.214000000000000000e+03 2.883178517126929515e-03
2.216000000000000000e+03 2.892119652655363200e-03
2.218000000000000000e+03 2.903912065461036144e-03
2.220000000000000000e+03 2.909355473581946849e-03
2.222000000000000000e+03 2.916484462098380397e-03
2.224000000000000000e+03 2.919212743987578598e-03
2.226000000000000000e+03 2.925290554711110040e-03
2.228000000000000000e+03 2.934226549338167251e-03
2.230000000000000000e+03 2.940856251472510289e-03
2.232000000000000000e+03 2.945626981679750744e-03
2.234000000000000000e+03 2.943171402773463521e-03
2.236000000000000000e+03 2.945252826517964079e-03
2.238000000000000000e+03 2.951881641371796768e-03
2.240000000000000000e+03 2.937390229774324794e-03
2.242000000000000000e+03 2.957082337452575631e-03
2.244000000000000000e+03 2.953499252574732451e-03
2.246000000000000000e+03 2.950271048525026415e-03
2.248000000000000000e+03 2.952463596775021983e-03
2.250000000000000000e+03 2.950762676923653419e-03
2.252000000000000000e+03 2.950712660996939341e-03
2.254000000000000000e+03 2.947223887545689404e-03
2.256000000000000000e+03 2.944811189849557819e-03
2.258000000000000000e+03 2.941225607287291637e-03
2.260000000000000000e+03 2.941393743048314330e-03
2.262000000000000000e+03 2.930118194663381987e-03
2.264000000000000000e+03 2.928787579122176399e-03
2.266000000000000000e+03 2.915853035737765546e-03
2.268000000000000000e+03 2.908535960780414716e-03
2.270000000000000000e+03 2.911200773392137731e-03
2.272000000000000000e+03 2.907719747981690923e-03
2.274000000000000000e+03 2.897752824369011389e-03
2.276000000000000000e+03 2.895127500093634849e-03
2.278000000000000000e+03 2.874693815609534985e-03
2.280000000000000000e+03 2.874523942728629024e-03
2.282000000000000000e+03 2.866410865591069099e-03
2.284000000000000000e+03 2.849807422698749908e-03
2.286000000000000000e+03 2.848686994045110561e-03
2.288000000000000000e+03 2.834891899820799008e-03
2.290000000000000000e+03 2.819453877244103290e-03
2.292000000000000000e+03 2.804405920796169613e-03
2.294000000000000000e+03 2.802953388656294603e-03
2.296000000000000000e+03 2.783477627093070093e-03
2.298000000000000000e+03 2.765743911181614296e-03
2.300000000000000000e+03 2.761730701708322092e-03
2.302000000000000000e+03 2.741660447568637464e-03
2.304000000000000000e+03 2.723140747596794562e-03
2.306000000000000000e+03 2.710687525586556301e-03
2.308000000000000000e+03 2.697561030554265511e-03
2.310000000000000000e+03 2.688263944181554319e-03
2.312000000000000000e+03 2.678339660585438414e-03
2.314000000000000000e+03 2.643059744699217777e-03
2.316000000000000000e+03 2.634793921270829880e-03
2.318000000000000000e+03 2.619124064027369362e-03
2.320000000000000000e+03 2.599196150444715511e-03
2.322000000000000000e+03 2.572352349504419735e-03
2.324000000000000000e+03 2.551141500500492439e-03
2.326000000000000000e+03 2.539728019482832225e-03
2.328000000000000000e+03 2.519388794899823057e-03
2.330000000000000000e+03 2.504462600534324793e-03
2.332000000000000000e+03 2.474044045452363557e-03
2.334000000000000000e+03 2.457940021678118540e-03
2.336000000000000000e+03 2.427577190804712515e-03
2.338000000000000000e+03 2.414680541635288048e-03
2.340000000000000000e+03 2.389782381925924931e-03
2.342000000000000000e+03 2.366600920728337710e-03
2.344000000000000000e+03 2.346190255807051057e-03
2.346000000000000000e+03 2.312257437321448873e-03
2.348000000000000000e+03 2.298260778966169666e-03
2.350000000000000000e+03 2.267193899584018200e-03
2.352000000000000000e+03 2.243463058612521314e-03
2.354000000000000000e+03 2.212697247904998193e-03
2.356000000000000000e+03 2.197557229712372110e-03
2.358000000000000000e+03 2.169295787902167458e-03
2.360000000000000000e+03 2.147265255934596630e-03
2.362000000000000000e+03 2.115080363059574677e-03
2.364000000000000000e+03 2.092603762439143675e-03
2.366000000000000000e+03 2.061359513112325653e-03
2.368000000000000000e+03 2.036873612375365069e-03
2.370000000000000000e+03 2.011631271386786143e-03
2.372000000000000000e+03 1.988190671347571641e-03
2.374000000000000000e+03 1.960537670481210092e-03
2.376000000000000000e+03 1.930660636349889074e-03
2.378000000000000000e+03 1.902344679312249504e-03
2.380000000000000000e+03 1.877431659280661032e-03
2.382000000000000000e+03 1.848737114194704077e-03
2.384000000000000000e+03 1.820830314001093851e-03
2.386000000000000000e+03 1.792271722235336219e-03
2.388000000000000000e+03 1.769039081402150890e-03
2.390000000000000000e+03 1.737794125432572719e-03
2.392000000000000000e+03 1.713223862918766870e-03
2.394000000000000000e+03 1.683974684699800087e-03
2.396000000000000000e+03 1.656320993800580645e-03
2.398000000000000000e+03 1.628721470025058229e-03
2.400000000000000000e+03 1.604692185741261141e-03
2.402000000000000000e+03 1.582662274471210171e-03
2.404000000000000000e+03 1.548894203279328578e-03
2.406000000000000000e+03 1.528938959526491550e-03
2.408000000000000000e+03 1.494037977440025545e-03
2.410000000000000000e+03 1.470691012045955695e-03
2.412000000000000000e+03 1.446609109517485101e-03
2.414000000000000000e+03 1.420442520220771034e-03
2.416000000000000000e+03 1.394250617812182362e-03
2.418000000000000000e+03 1.369608078206844019e-03
2.420000000000000000e+03 1.339599116614640598e-03
2.422000000000000000e+03 1.319523669656924277e-03
2.424000000000000000e+03 1.294971233446225471e-03
2.426000000000000000e+03 1.275469553628431939e-03
2.428000000000000000e+03 1.249969704171507209e-03
2.430000000000000000e+03 1.226313268405724872e-03
2.432000000000000000e+03 1.203624271709739053e-03
2.434000000000000000e+03 1.180325595408726527e-03
2.436000000000000000e+03 1.152444735020544944e-03
2.438000000000000000e+03 1.136421031425290410e-03
2.440000000000000000e+03 1.113237000498005494e-03
2.442000000000000000e+03 1.087367109225269128e-03
2.444000000000000000e+03 1.070448971207199401e-03
2.446000000000000000e+03 1.046595161946906180e-03
2.448000000000000000e+03 1.027341254270147013e-03
2.450000000000000000e+03 1.005127083730235826e-03
2.452000000000000000e+03 9.901124156796994522e-04
2.454000000000000000e+03 9.620491204724135976e-04
2.456000000000000000e+03 9.453483910788836216e-04
2.458000000000000000e+03 9.290439440169204633e-04
2.460000000000000000e+03 9.107011796810655794e-04
2.462000000000000000e+03 8.899074426088457359e-04
2.464000000000000000e+03 8.721153292990591792e-04
2.466000000000000000e+03 8.613581630483129175e-04
2.468000000000000000e+03 8.382426941388796239e-04
2.470000000000000000e+03 8.133285931745244625e-04
2.480000000000000000e+03 7.408840740343597278e-04
2.490000000000000000e+03 6.637400698400059687e-04
2.500000000000000000e+03 6.040584298569562187e-04
2.510000000000000000e+03 5.407421775434511670e-04
2.520000000000000000e+03 4.921000763565410796e-04
2.530000000000000000e+03 4.412073586191426209e-04
2.537000000000000000e+03 4.135378130339973941e-04
2.540000000000000000e+03 4.005037805457352753e-04
2.550000000000000000e+03 3.562345398490420747e-04
2.560000000000000000e+03 3.225230186139445483e-04
2.570000000000000000e+03 2.876218699379820055e-04
2.580000000000000000e+03 2.604654318190237155e-04
2.590000000000000000e+03 2.330359816919805077e-04
2.600000000000000000e+03 2.120688917464048711e-04
2.610000000000000000e+03 1.903240438965236934e-04
2.620000000000000000e+03 1.736988547949382448e-04
2.630000000000000000e+03 1.564417065164611141e-04
2.640000000000000000e+03 1.430944840139261294e-04
2.650000000000000000e+03 1.296855985648992678e-04
2.660000000000000000e+03 1.191406570532617891e-04
2.670000000000000000e+03 1.082707421364365383e-04
2.680000000000000000e+03 9.981821958823574995e-05
2.690000000000000000e+03 9.093272086950570613e-05
2.700000000000000000e+03 8.411022942124557066e-05
2.710000000000000000e+03 7.747239849786422981e-05
2.720000000000000000e+03 7.235766213743183718e-05
2.730000000000000000e+03 6.676776476316464016e-05
2.740000000000000000e+03 6.251893188516163412e-05
2.750000000000000000e+03 5.796032325177939595e-05
2.760000000000000000e+03 5.392485261721173084e-05
2.770000000000000000e+03 4.971262028693928582e-05
2.780000000000000000e+03 4.626041792808568070e-05
2.790000000000000000e+03 4.282186085620319835e-05
2.800000000000000000e+03 4.007552642900805644e-05
2.810000000000000000e+03 3.716012605341419036e-05
2.820000000000000000e+03 3.483136624078214628e-05
2.830000000000000000e+03 3.233557866905199476e-05
2.840000000000000000e+03 3.028215600748196653e-05
2.850000000000000000e+03 2.832987469948748549e-05
2.860000000000000000e+03 2.667303684231291924e-05
2.870000000000000000e+03 2.489201409258072468e-05
2.880000000000000000e+03 2.348469862929115467e-05
2.890000000000000000e+03 2.199394069761097435e-05
2.900000000000000000e+03 2.084200177341110751e-05
2.910000000000000000e+03 1.939480119735184500e-05
2.920000000000000000e+03 1.830262824341702139e-05
2.930000000000000000e+03 1.706795699502447318e-05
2.940000000000000000e+03 1.607026774978270663e-05
2.950000000000000000e+03 1.504460224565311271e-05
2.960000000000000000e+03 1.421416822061792464e-05
2.970000000000000000e+03 1.335486882556301234e-05
2.980000000000000000e+03 1.265109438722434934e-05
2.990000000000000000e+03 1.191711740614016155e-05
3.000000000000000000e+03 1.122703740981697842e-05
3.010000000000000000e+03 1.057995923562990872e-05
3.020000000000000000e+03 1.004770120541355493e-05
3.030000000000000000e+03 9.484835113882077257e-06
3.040000000000000000e+03 9.034392753338781550e-06
3.050000000000000000e+03 8.517968401991680397e-06
3.060000000000000000e+03 8.077200722113879567e-06
3.070000000000000000e+03 7.676116591983120455e-06
3.080000000000000000e+03 7.244761284639013755e-06
3.090000000000000000e+03 6.955772579281656368e-06
3.100000000000000000e+03 6.567241636504170356e-06
3.110000000000000000e+03 6.361513592535456284e-06
3.120000000000000000e+03 6.049613694929523347e-06
3.130000000000000000e+03 5.838400772812326325e-06
3.140000000000000000e+03 5.624537499782078939e-06
3.150000000000000000e+03 5.443491154430221956e-06
3.160000000000000000e+03 5.295447495082494411e-06
3.170000000000000000e+03 5.074680409280856079e-06
3.180000000000000000e+03 4.886916868275840887e-06
3.190000000000000000e+03 4.733036478547207654e-06
3.200000000000000000e+03 4.577235430955639481e-06
3.210000000000000000e+03 4.419646626763800469e-06
3.220000000000000000e+03 4.260416783307519871e-06
3.230000000000000000e+03 4.172450382331103564e-06
3.240000000000000000e+03 4.009859156613307755e-06
3.250000000000000000e+03 3.919540830560650688e-06
3.260000000000000000e+03 3.753696777403733818e-06
3.270000000000000000e+03 3.623387962984989694e-06
3.280000000000000000e+03 3.529288732005481176e-06
3.290000000000000000e+03 3.433997817202399040e-06
3.300000000000000000e+03 3.299795741939288656e-06
3.310000000000000000e+03 3.202235978099225974e-06
3.320000000000000000e+03 3.141897334998474187e-06
3.330000000000000000e+03 3.042330994657705478e-06
3.340000000000000000e+03 2.941750001587955789e-06
3.350000000000000000e+03 2.878952946669957825e-06
3.360000000000000000e+03 2.737217329232626899e-06
3.370000000000000000e+03 2.711857859411151435e-06
3.380000000000000000e+03 2.607233158943622657e-06
3.390000000000000000e+03 2.580874933719504675e-06
3.400000000000000000e+03 2.434515561706897867e-06
3.410000000000000000e+03 2.366807610814527437e-06
3.420000000000000000e+03 2.298333879714354821e-06
3.430000000000000000e+03 2.229162245999171422e-06
3.440000000000000000e+03 2.159275322695759924e-06
3.450000000000000000e+03 2.088602220003117301e-06
3.460000000000000000e+03 2.058364939721882174e-06
3.470000000000000000e+03 1.986367952948493043e-06
3.480000000000000000e+03 1.913626416168110509e-06
3.490000000000000000e+03 1.881944282807607002e-06
3.500000000000000000e+03 1.849877006319751851e-06
3.510000000000000000e+03 1.775210822251806209e-06
3.520000000000000000e+03 1.742245401796046507e-06
3.530000000000000000e+03 1.708875487684025666e-06
3.540000000000000000e+03 1.675203820095018415e-06
3.550000000000000000e+03 1.597878329438603439e-06
3.560000000000000000e+03 1.563135290946543457e-06
3.570000000000000000e+03 1.528015057863682554e-06
3.580000000000000000e+03 1.492458423281805064e-06
3.590000000000000000e+03 1.456514038588323721e-06
3.600000000000000000e+03 1.420124927176374355e-06
3.610000000000000000e+03 1.383328447663082714e-06
3.620000000000000000e+03 1.346038632649739349e-06
3.630000000000000000e+03 1.308373648880352001e-06
3.640000000000000000e+03 1.270205187609744503e-06
3.650000000000000000e+03 1.231568455570652042e-06
3.660000000000000000e+03 1.238366249352426629e-06
3.670000000000000000e+03 1.152954809001038765e-06
3.680000000000000000e+03 1.159303536782032460e-06
3.690000000000000000e+03 1.119049090951513177e-06
3.700000000000000000e+03 1.078310473948403621e-06
3.710000000000000000e+03 1.037081058751091953e-06
3.720000000000000000e+03 1.042757499547433035e-06
3.730000000000000000e+03 1.000798256286032056e-06
3.740000000000000000e+03 1.006256047222089199e-06
3.750000000000000000e+03 9.635564303836837969e-07
3.760000000000000000e+03 9.687916173115843759e-07
3.770000000000000000e+03 9.253144826905405113e-07
3.780000000000000000e+03 8.813566257623998884e-07
3.790000000000000000e+03 8.860871143776491386e-07
3.800000000000000000e+03 8.413159938042485608e-07
3.810000000000000000e+03 8.458114635437651764e-07
3.820000000000000000e+03 8.002759404185244382e-07
3.830000000000000000e+03 8.044798296935955524e-07
3.840000000000000000e+03 7.581527346198998587e-07
3.850000000000000000e+03 7.621137965124058503e-07
3.860000000000000000e+03 7.660610407273183722e-07
3.870000000000000000e+03 7.186605884899626812e-07
3.880000000000000000e+03 7.223380476639551446e-07
3.890000000000000000e+03 6.741446370118176574e-07
3.900000000000000000e+03 6.775508465845519164e-07
3.910000000000000000e+03 6.809426764769116580e-07
3.920000000000000000e+03 6.316786322696280735e-07
3.930000000000000000e+03 6.347787000707752867e-07
3.940000000000000000e+03 6.378821783468777840e-07
3.950000000000000000e+03 5.875371348305997787e-07
3.960000000000000000e+03 5.903504658090677476e-07
3.970000000000000000e+03 5.931290910838485883e-07
3.980000000000000000e+03 5.417352944180920294e-07
3.990000000000000000e+03 5.442450625393282186e-07
4.000000000000000000e+03 5.467223210482420899e-07
4.010000000000000000e+03 5.464705870402580012e-07
4.020000000000000000e+03 4.915739275309103566e-07
4.030000000000000000e+03 4.913003796903562675e-07
4.040000000000000000e+03 4.910044119232080521e-07
4.050000000000000000e+03 4.906856047063054079e-07
4.060000000000000000e+03 4.358612403944958392e-07
4.070000000000000000e+03 4.355383245705888717e-07
4.080000000000000000e+03 4.351950228962559118e-07
4.090000000000000000e+03 4.348330147310751538e-07
4.100000000000000000e+03 4.344654033604396762e-07
4.110000000000000000e+03 3.798069557136987148e-07
4.120000000000000000e+03 3.794522572377582915e-07
4.130000000000000000e+03 3.790699578612156356e-07
4.140000000000000000e+03 3.786826603698076639e-07
4.150000000000000000e+03 3.782913414292656852e-07
4.160000000000000000e+03 3.238904262640123683e-07
4.170000000000000000e+03 3.235282990531528093e-07
4.180000000000000000e+03 3.231521407141552483e-07
4.190000000000000000e+03 3.227732354268654367e-07
4.200000000000000000e+03 3.223814259632975232e-07
4.210000000000000000e+03 3.231517104512559963e-07
4.220000000000000000e+03 3.239210153842596008e-07
