4.340000000000000000e+03 1.534055476400985178e-05
4.350000000000000000e+03 3.637774759415952544e-05
4.360000000000000000e+03 1.023262168465145360e-04
4.370000000000000000e+03 2.417704037804391899e-04
4.380000000000000000e+03 5.989291774141892403e-04
4.390000000000000000e+03 1.161581967593266216e-03
4.400000000000000000e+03 2.579406284797910748e-03
4.410000000000000000e+03 4.702171870984235905e-03
4.420000000000000000e+03 7.519087080986426586e-03
4.430000000000000000e+03 1.146070416051190623e-02
4.440000000000000000e+03 1.565437589551286687e-02
4.450000000000000000e+03 2.046446967255687727e-02
4.460000000000000000e+03 2.487023777172861841e-02
4.470000000000000000e+03 2.937631690778138779e-02
4.480000000000000000e+03 3.315310801904196997e-02
4.490000000000000000e+03 3.669891022295629357e-02
4.500000000000000000e+03 3.945476013206595384e-02
4.510000000000000000e+03 4.241397703409520437e-02
4.520000000000000000e+03 4.470129038170416597e-02
4.530000000000000000e+03 4.685982511812002149e-02
4.540000000000000000e+03 4.863913099800516032e-02
4.550000000000000000e+03 5.028036912882235393e-02
4.560000000000000000e+03 5.168518000909129440e-02
4.570000000000000000e+03 5.297791202776881009e-02
4.580000000000000000e+03 5.415639017421687573e-02
4.590000000000000000e+03 5.523672921387517282e-02
4.600000000000000000e+03 5.621586131487615878e-02
4.610000000000000000e+03 5.714396363243543636e-02
4.620000000000000000e+03 5.804628945698663695e-02
4.630000000000000000e+03 5.892687300401183020e-02
4.640000000000000000e+03 5.974762395456612030e-02
4.650000000000000000e+03 6.055318284194045886e-02
4.660000000000000000e+03 6.130123507464762395e-02
4.670000000000000000e+03 6.206558254322082357e-02
4.680000000000000000e+03 6.280778955551864773e-02
4.690000000000000000e+03 6.356092763594056727e-02
4.700000000000000000e+03 6.430167692562142878e-02
4.710000000000000000e+03 6.504077527570714667e-02
4.720000000000000000e+03 6.574503609171523932e-02
4.730000000000000000e+03 6.646886086754473510e-02
4.740000000000000000e+03 6.714200347931474633e-02
4.750000000000000000e+03 6.785692744513530106e-02
4.760000000000000000e+03 6.857273706874916774e-02
4.770000000000000000e+03 6.927074228572031867e-02
4.780000000000000000e+03 6.997148231680376529e-02
4.790000000000000000e+03 7.067269528615946483e-02
4.800000000000000000e+03 7.133969410609776463e-02
4.810000000000000000e+03 7.206361535875450974e-02
4.820000000000000000e+03 7.274083978430380404e-02
4.830000000000000000e+03 7.345423868075612317e-02
4.840000000000000000e+03 7.415416923849720010e-02
4.850000000000000000e+03 7.486469055366234970e-02
4.860000000000000000e+03 7.553453436475454641e-02
4.870000000000000000e+03 7.621695356321118997e-02
4.880000000000000000e+03 7.689299332797572273e-02
4.890000000000000000e+03 7.756270449286885305e-02
4.900000000000000000e+03 7.825090228969516781e-02
4.910000000000000000e+03 7.892663151673148803e-02
4.920000000000000000e+03 7.959330272393133621e-02
4.930000000000000000e+03 8.027021436504055973e-02
4.940000000000000000e+03 8.094884971319639411e-02
4.950000000000000000e+03 8.158836689293556821e-02
4.960000000000000000e+03 8.228157289969754984e-02
4.970000000000000000e+03 8.294775095402669163e-02
4.980000000000000000e+03 8.360032436986450377e-02
4.990000000000000000e+03 8.423632290888019569e-02
5.000000000000000000e+03 8.490034731199394558e-02
5.010000000000000000e+03 8.564708418630836984e-02
5.020000000000000000e+03 8.639506493211883409e-02
5.030000000000000000e+03 8.717449748188739467e-02
5.040000000000000000e+03 8.790657717831183715e-02
5.050000000000000000e+03 8.865151700616273611e-02
5.060000000000000000e+03 8.941368717075817707e-02
5.070000000000000000e+03 9.019901154481560490e-02
5.080000000000000000e+03 9.093804815051778623e-02
5.090000000000000000e+03 9.162688644873086263e-02
5.100000000000000000e+03 9.237715220127394600e-02
5.110000000000000000e+03 9.309901400728892717e-02
5.120000000000000000e+03 9.379197845469436357e-02
5.130000000000000000e+03 9.449497145684575272e-02
5.140000000000000000e+03 9.518554150148855753e-02
5.150000000000000000e+03 9.591949199943634874e-02
5.160000000000000000e+03 9.660341796572012585e-02
5.170000000000000000e+03 9.728729805689800836e-02
5.180000000000000000e+03 9.794033766111411021e-02
5.190000000000000000e+03 9.858994682735983117e-02
5.200000000000000000e+03 9.923151715370960579e-02
5.210000000000000000e+03 9.988030656985619204e-02
5.220000000000000000e+03 1.005314634691272663e-01
5.230000000000000000e+03 1.011686796823018930e-01
5.240000000000000000e+03 1.017944635102281947e-01
5.250000000000000000e+03 1.024085355573324113e-01
5.260000000000000000e+03 1.029812519657579140e-01
5.270000000000000000e+03 1.035241636960250594e-01
5.280000000000000000e+03 1.041348882452541175e-01
5.290000000000000000e+03 1.046667745888648221e-01
5.300000000000000000e+03 1.052158795756449744e-01
5.310000000000000000e+03 1.057295391592554396e-01
5.320000000000000000e+03 1.062442189520447638e-01
5.330000000000000000e+03 1.067503403187006483e-01
5.340000000000000000e+03 1.072114272853947892e-01
5.350000000000000000e+03 1.076930406552049913e-01
5.360000000000000000e+03 1.080989195583800105e-01
5.370000000000000000e+03 1.085836072895380311e-01
5.380000000000000000e+03 1.089683280421020473e-01
5.390000000000000000e+03 1.093527215668396863e-01
5.400000000000000000e+03 1.097301878705385925e-01
5.410000000000000000e+03 1.101162251586237234e-01
5.420000000000000000e+03 1.104263106334415490e-01
5.430000000000000000e+03 1.107774101819867102e-01
5.440000000000000000e+03 1.110635960225891256e-01
5.450000000000000000e+03 1.113329446032075842e-01
5.460000000000000000e+03 1.116066243859222540e-01
5.470000000000000000e+03 1.118636336176306312e-01
5.480000000000000000e+03 1.120495942430857622e-01
5.490000000000000000e+03 1.122682006370741697e-01
5.500000000000000000e+03 1.124184869767954342e-01
5.510000000000000000e+03 1.125298005341650864e-01
5.520000000000000000e+03 1.125712891649970487e-01
5.530000000000000000e+03 1.126453006530850620e-01
5.540000000000000000e+03 1.126192027111105332e-01
5.550000000000000000e+03 1.126741763202520619e-01
5.560000000000000000e+03 1.126218606795741373e-01
5.570000000000000000e+03 1.125591646541857505e-01
5.580000000000000000e+03 1.124103618129121407e-01
5.590000000000000000e+03 1.123566239814961371e-01
5.600000000000000000e+03 1.121628490561463187e-01
5.610000000000000000e+03 1.117957679229525103e-01
5.620000000000000000e+03 1.112903582613974790e-01
5.630000000000000000e+03 1.108978458610135887e-01
5.640000000000000000e+03 1.103658226780318552e-01
5.650000000000000000e+03 1.098830297006746226e-01
5.660000000000000000e+03 1.093140638761782302e-01
5.670000000000000000e+03 1.088079206663132431e-01
5.680000000000000000e+03 1.081572119640931279e-01
5.690000000000000000e+03 1.077063698688060234e-01
5.700000000000000000e+03 1.071823659428723513e-01
5.710000000000000000e+03 1.065712478887489156e-01
5.720000000000000000e+03 1.058722039714022345e-01
5.730000000000000000e+03 1.051812319958399938e-01
5.740000000000000000e+03 1.044155583129335457e-01
5.750000000000000000e+03 1.036269794868506372e-01
5.760000000000000000e+03 1.029329851005170993e-01
5.770000000000000000e+03 1.021080280204575141e-01
5.780000000000000000e+03 1.012878194541008553e-01
5.790000000000000000e+03 1.003804816026896835e-01
5.800000000000000000e+03 9.957634366601458842e-02
5.810000000000000000e+03 9.858603190964621010e-02
5.820000000000000000e+03 9.771323276713177186e-02
5.830000000000000000e+03 9.670974812523874808e-02
5.840000000000000000e+03 9.582460494281598573e-02
5.850000000000000000e+03 9.475118708741947504e-02
5.860000000000000000e+03 9.378193421775533889e-02
5.870000000000000000e+03 9.273777799801968813e-02
5.880000000000000000e+03 9.171542275907054731e-02
5.890000000000000000e+03 9.060019988109725697e-02
5.900000000000000000e+03 8.956460874765867497e-02
5.910000000000000000e+03 8.846456654171722112e-02
5.920000000000000000e+03 8.736033037458897088e-02
5.930000000000000000e+03 8.623205098283985570e-02
5.940000000000000000e+03 8.515767064332625813e-02
5.950000000000000000e+03 8.390150760147295494e-02
5.960000000000000000e+03 8.282809062436402581e-02
5.970000000000000000e+03 8.157461547697963944e-02
5.980000000000000000e+03 8.048768076077965350e-02
5.990000000000000000e+03 7.919033173293398009e-02
6.000000000000000000e+03 7.806261062936556416e-02
6.010000000000000000e+03 7.662570690637536541e-02
6.020000000000000000e+03 7.532275748328942644e-02
6.030000000000000000e+03 7.385599843377872731e-02
6.040000000000000000e+03 7.255053862028711109e-02
6.050000000000000000e+03 7.105145758177736082e-02
6.060000000000000000e+03 6.977524816071142832e-02
6.070000000000000000e+03 6.830319182105758224e-02
6.080000000000000000e+03 6.703939022085836363e-02
6.090000000000000000e+03 6.555200373269910730e-02
6.100000000000000000e+03 6.428578218448818826e-02
6.110000000000000000e+03 6.281071220629971807e-02
6.120000000000000000e+03 6.154206276615514781e-02
6.130000000000000000e+03 6.012398235214819892e-02
6.140000000000000000e+03 5.888278289806267440e-02
6.150000000000000000e+03 5.743445306756252144e-02
6.160000000000000000e+03 5.620592838507516148e-02
6.170000000000000000e+03 5.481297998737089811e-02
6.180000000000000000e+03 5.361219860855673952e-02
6.190000000000000000e+03 5.221707134064640377e-02
6.200000000000000000e+03 5.102916021892473647e-02
6.210000000000000000e+03 4.966177656738184759e-02
6.220000000000000000e+03 4.847054071701960981e-02
6.230000000000000000e+03 4.716079785046243394e-02
6.240000000000000000e+03 4.599760044004402859e-02
6.250000000000000000e+03 4.471584274685559690e-02
6.260000000000000000e+03 4.359579054189497566e-02
6.270000000000000000e+03 4.232461513365990552e-02
6.280000000000000000e+03 4.124775493451684344e-02
6.290000000000000000e+03 4.001993448540779735e-02
6.300000000000000000e+03 3.897039069560634394e-02
6.310000000000000000e+03 3.778593604590066435e-02
6.320000000000000000e+03 3.676394327781269677e-02
6.330000000000000000e+03 3.560706565143566260e-02
6.340000000000000000e+03 3.462882509382052276e-02
6.350000000000000000e+03 3.349970903117470422e-02
6.360000000000000000e+03 3.254943541056996154e-02
6.370000000000000000e+03 3.146332476565606717e-02
6.380000000000000000e+03 3.052631726765400039e-02
6.390000000000000000e+03 2.949931080520504234e-02
6.400000000000000000e+03 2.859066850680561794e-02
6.410000000000000000e+03 2.756136907348966797e-02
6.420000000000000000e+03 2.671127838031307419e-02
6.430000000000000000e+03 2.575558547165796019e-02
6.440000000000000000e+03 2.493429999727759389e-02
6.450000000000000000e+03 2.402250544409334151e-02
6.460000000000000000e+03 2.324522030196209815e-02
6.470000000000000000e+03 2.239180790014223127e-02
6.480000000000000000e+03 2.164306017786496450e-02
6.490000000000000000e+03 2.081961564272716975e-02
6.500000000000000000e+03 2.011463930402239420e-02
6.510000000000000000e+03 1.931718943096092864e-02
6.520000000000000000e+03 1.856770458504071811e-02
6.530000000000000000e+03 1.782137850708724949e-02
6.540000000000000000e+03 1.713747015337435675e-02
6.550000000000000000e+03 1.639805650289804378e-02
6.560000000000000000e+03 1.576493107054997150e-02
6.570000000000000000e+03 1.507642502536140662e-02
6.580000000000000000e+03 1.447545481421120411e-02
6.590000000000000000e+03 1.382266780852785433e-02
6.600000000000000000e+03 1.326604401096449608e-02
6.610000000000000000e+03 1.265977947507428668e-02
6.620000000000000000e+03 1.214319421138477725e-02
6.630000000000000000e+03 1.157789620441760162e-02
6.640000000000000000e+03 1.109838540856601316e-02
6.650000000000000000e+03 1.057312703659850535e-02
6.660000000000000000e+03 1.013019457035160657e-02
6.670000000000000000e+03 9.647302728045800690e-03
6.680000000000000000e+03 9.235036894200118751e-03
6.690000000000000000e+03 8.768434892038670658e-03
6.700000000000000000e+03 8.391800089535664947e-03
6.710000000000000000e+03 7.969444547198920731e-03
6.720000000000000000e+03 7.611293072669430247e-03
6.730000000000000000e+03 7.218824474507902142e-03
6.740000000000000000e+03 6.895380728565592837e-03
6.750000000000000000e+03 6.548790402651953092e-03
6.760000000000000000e+03 6.229191694141369626e-03
6.770000000000000000e+03 5.905751031141607404e-03
6.780000000000000000e+03 5.622993259840972265e-03
6.790000000000000000e+03 5.336234023156923023e-03
6.800000000000000000e+03 5.062144642160461283e-03
6.810000000000000000e+03 4.806074078459282063e-03
6.820000000000000000e+03 4.559694035492130489e-03
6.830000000000000000e+03 4.322935888099814147e-03
6.840000000000000000e+03 4.087591247357609016e-03
6.850000000000000000e+03 3.875233296277037255e-03
6.860000000000000000e+03 3.758911746230018079e-03
6.870000000000000000e+03 3.643158140338357762e-03
6.880000000000000000e+03 3.528200045594952726e-03
6.890000000000000000e+03 3.413912314402956210e-03
6.900000000000000000e+03 3.300293555003908433e-03
6.910000000000000000e+03 3.187248443840997539e-03
6.920000000000000000e+03 3.026832019785403050e-03
6.930000000000000000e+03 2.852926118632669646e-03
6.940000000000000000e+03 2.706374075398604567e-03
6.950000000000000000e+03 2.551478992298903022e-03
6.960000000000000000e+03 2.418363607349387993e-03
6.970000000000000000e+03 2.278342150220540041e-03
6.980000000000000000e+03 2.161171916801031719e-03
6.990000000000000000e+03 2.031809694500312166e-03
7.000000000000000000e+03 1.925093322948705221e-03
7.010000000000000000e+03 1.808466153791099323e-03
7.020000000000000000e+03 1.709398285781211840e-03
7.030000000000000000e+03 1.602399311452390798e-03
7.040000000000000000e+03 1.515343191797583833e-03
7.050000000000000000e+03 1.421486695037398312e-03
7.060000000000000000e+03 1.342271617819321443e-03
7.070000000000000000e+03 1.258790330296906011e-03
7.080000000000000000e+03 1.189557458551127348e-03
7.090000000000000000e+03 1.114663440254720379e-03
7.100000000000000000e+03 1.052129393753726194e-03
7.110000000000000000e+03 9.856401093048883580e-04
7.120000000000000000e+03 9.299532534906689582e-04
7.130000000000000000e+03 8.705376118574405849e-04
7.140000000000000000e+03 8.208272637081293283e-04
7.150000000000000000e+03 7.683061933479763683e-04
7.160000000000000000e+03 7.245072713963393151e-04
7.170000000000000000e+03 6.776616744926385830e-04
7.180000000000000000e+03 6.386968173381608145e-04
7.190000000000000000e+03 5.965369183123261877e-04
7.200000000000000000e+03 5.622615244617767310e-04
7.210000000000000000e+03 5.254994620238607030e-04
7.220000000000000000e+03 4.952096308827581795e-04
7.230000000000000000e+03 4.629009122335818894e-04
7.240000000000000000e+03 4.359175101628319222e-04
7.250000000000000000e+03 4.072491801250995047e-04
7.260000000000000000e+03 3.832719354268371965e-04
7.270000000000000000e+03 3.586053095844330264e-04
7.280000000000000000e+03 3.378881371427609076e-04
7.290000000000000000e+03 3.152170203042385568e-04
7.300000000000000000e+03 2.968873214622615598e-04
7.310000000000000000e+03 2.773898896298143246e-04
7.320000000000000000e+03 2.610601373217096379e-04
7.330000000000000000e+03 2.437685825383551202e-04
7.340000000000000000e+03 2.293768975597010903e-04
7.350000000000000000e+03 2.140250977883386362e-04
7.360000000000000000e+03 2.015217901736073155e-04
7.370000000000000000e+03 1.882737506523268420e-04
7.380000000000000000e+03 1.773942494229549082e-04
7.390000000000000000e+03 1.653355439562342378e-04
7.400000000000000000e+03 1.557258710352894728e-04
7.410000000000000000e+03 1.452539309584086156e-04
7.420000000000000000e+03 1.366633920321242953e-04
7.430000000000000000e+03 1.276296833859847713e-04
7.440000000000000000e+03 1.199336494823419772e-04
7.450000000000000000e+03 1.120949172019387630e-04
7.460000000000000000e+03 1.055710470715459436e-04
7.470000000000000000e+03 9.845689500968347939e-05
7.480000000000000000e+03 9.272823328477806178e-05
7.490000000000000000e+03 8.653089997608028614e-05
7.500000000000000000e+03 8.136607845525368002e-05
7.510000000000000000e+03 7.611750020018981074e-05
7.520000000000000000e+03 7.172989651266780417e-05
7.530000000000000000e+03 6.702089609365238386e-05
7.540000000000000000e+03 6.316060950404770856e-05
7.550000000000000000e+03 5.889840389275840133e-05
7.560000000000000000e+03 5.540446657231360783e-05
7.570000000000000000e+03 5.231466766493310708e-05
7.580000000000000000e+03 4.911569021037250516e-05
7.590000000000000000e+03 4.612054566721466583e-05
7.600000000000000000e+03 4.302651662618329158e-05
7.610000000000000000e+03 4.054800941953771933e-05
7.620000000000000000e+03 3.799595452910905190e-05
7.630000000000000000e+03 3.589635358297576107e-05
7.640000000000000000e+03 3.353089912497872715e-05
7.650000000000000000e+03 3.164995771352203447e-05
7.660000000000000000e+03 2.960743467338139813e-05
7.670000000000000000e+03 2.792046392818381311e-05
7.680000000000000000e+03 2.622089336790436875e-05
7.690000000000000000e+03 2.470368787115972506e-05
7.700000000000000000e+03 2.305284913384008389e-05
7.710000000000000000e+03 2.188525281172598892e-05
7.720000000000000000e+03 2.051826914308401223e-05
7.730000000000000000e+03 1.937292154533818485e-05
7.740000000000000000e+03 1.820191703340957390e-05
7.750000000000000000e+03 1.725776004498033272e-05
7.760000000000000000e+03 1.609840951242600134e-05
7.770000000000000000e+03 1.529739426849105065e-05
7.780000000000000000e+03 1.435302382668318488e-05
7.790000000000000000e+03 1.354099984272225620e-05
7.800000000000000000e+03 1.275408294510406124e-05
7.810000000000000000e+03 1.201820574512978446e-05
7.820000000000000000e+03 1.132396588516243142e-05
