5.270000000000000000e+03 1.485770279731059761e-05
5.272000000000000000e+03 1.572322147015009237e-05
5.274000000000000000e+03 1.668997758921038710e-05
5.276000000000000000e+03 1.780240598111008167e-05
5.278000000000000000e+03 1.906108802818756921e-05
5.280000000000000000e+03 2.052179532082275501e-05
5.282000000000000000e+03 2.218532912761283374e-05
5.284000000000000000e+03 2.401928138047328511e-05
5.286000000000000000e+03 2.614624689123615746e-05
5.288000000000000000e+03 2.865615788125550173e-05
5.290000000000000000e+03 3.148386363077819607e-05
5.292000000000000000e+03 3.467488868387773489e-05
5.294000000000000000e+03 3.834226739542931193e-05
5.296000000000000000e+03 4.248785706603245166e-05
5.298000000000000000e+03 4.721407443111973412e-05
5.300000000000000000e+03 5.259029523477709909e-05
5.302000000000000000e+03 5.870865757769281256e-05
5.304000000000000000e+03 6.574030055867957905e-05
5.306000000000000000e+03 7.387970029412514034e-05
5.308000000000000000e+03 8.319862291697493117e-05
5.310000000000000000e+03 9.379173018531890358e-05
5.312000000000000000e+03 1.058336869200212998e-04
5.314000000000000000e+03 1.195667302612666725e-04
5.316000000000000000e+03 1.352122069258660420e-04
5.318000000000000000e+03 1.530491911362720297e-04
5.320000000000000000e+03 1.734262103279545050e-04
5.322000000000000000e+03 1.966911391696121725e-04
5.324000000000000000e+03 2.233114835153717469e-04
5.326000000000000000e+03 2.535275897242560551e-04
5.328000000000000000e+03 2.880368231084304590e-04
5.330000000000000000e+03 3.268554909789430762e-04
5.332000000000000000e+03 3.704590099391715679e-04
5.334000000000000000e+03 4.190926531959711940e-04
5.336000000000000000e+03 4.726609474496129776e-04
5.338000000000000000e+03 5.319853652228532723e-04
5.340000000000000000e+03 5.986950683866716508e-04
5.342000000000000000e+03 6.727031389184117945e-04
5.344000000000000000e+03 7.482809809514386068e-04
5.346000000000000000e+03 8.057232499456844265e-04
5.350000000000000000e+03 9.462565198896443841e-04
5.360000000000000000e+03 1.300651576882335845e-03
5.368000000000000000e+03 1.587343768929735379e-03
5.370000000000000000e+03 1.757874557664362803e-03
5.372000000000000000e+03 1.935848691951493712e-03
5.374000000000000000e+03 2.128342207644674539e-03
5.376000000000000000e+03 2.335408022042380696e-03
5.378000000000000000e+03 2.557098509192386009e-03
5.380000000000000000e+03 2.802887977819517196e-03
5.382000000000000000e+03 3.061090751886581893e-03
5.384000000000000000e+03 3.341181515740589917e-03
5.386000000000000000e+03 3.640875339419372397e-03
5.388000000000000000e+03 3.960243007062911463e-03
5.390000000000000000e+03 4.301725747906008125e-03
5.392000000000000000e+03 4.655881375503792725e-03
5.394000000000000000e+03 5.034659093487354499e-03
5.396000000000000000e+03 5.438146049228832421e-03
5.398000000000000000e+03 5.864049689202820333e-03
5.400000000000000000e+03 6.319602554361652622e-03
5.402000000000000000e+03 6.790584799024006364e-03
5.404000000000000000e+03 7.289002129609243631e-03
5.406000000000000000e+03 7.812557768125642441e-03
5.408000000000000000e+03 8.361340268650166441e-03
5.410000000000000000e+03 8.928238243280137154e-03
5.412000000000000000e+03 9.522924230296068993e-03
5.414000000000000000e+03 1.014549502307798313e-02
5.416000000000000000e+03 1.079845409853423012e-02
5.418000000000000000e+03 1.147467520746555357e-02
5.420000000000000000e+03 1.216700143825713044e-02
5.422000000000000000e+03 1.289472127101342486e-02
5.424000000000000000e+03 1.363627248001485562e-02
5.426000000000000000e+03 1.441592318932518983e-02
5.428000000000000000e+03 1.520953884843910357e-02
5.430000000000000000e+03 1.601716611391259051e-02
5.432000000000000000e+03 1.686315519400128152e-02
5.434000000000000000e+03 1.773549340007805897e-02
5.436000000000000000e+03 1.862205061009939919e-02
5.438000000000000000e+03 1.953509050979017336e-02
5.440000000000000000e+03 2.048691696667102533e-02
5.442000000000000000e+03 2.144094482115029357e-02
5.444000000000000000e+03 2.240944914554954606e-02
5.446000000000000000e+03 2.340471728889036845e-02
5.448000000000000000e+03 2.442684988277054811e-02
5.450000000000000000e+03 2.548822012767748904e-02
5.452000000000000000e+03 2.656416514145042151e-02
5.454000000000000000e+03 2.764259329346569621e-02
5.456000000000000000e+03 2.874815343407133988e-02
5.458000000000000000e+03 2.988094209991154840e-02
5.460000000000000000e+03 3.102866453945368058e-02
5.462000000000000000e+03 3.219141076162726489e-02
5.464000000000000000e+03 3.338156592212835477e-02
5.466000000000000000e+03 3.457444020058055706e-02
5.468000000000000000e+03 3.578243501527062637e-02
5.470000000000000000e+03 3.699315231329729226e-02
5.472000000000000000e+03 3.821881235123176374e-02
5.474000000000000000e+03 3.944719644341148496e-02
5.476000000000000000e+03 4.069082720154930388e-02
5.478000000000000000e+03 4.193722232407203626e-02
5.480000000000000000e+03 4.318639313512553229e-02
5.482000000000000000e+03 4.445086049271487760e-02
5.484000000000000000e+03 4.573067586474148516e-02
5.486000000000000000e+03 4.700077910150540078e-02
5.488000000000000000e+03 4.826111567986950818e-02
5.490000000000000000e+03 4.951164987545714213e-02
5.492000000000000000e+03 5.076493202658476783e-02
5.494000000000000000e+03 5.199574629626307204e-02
5.496000000000000000e+03 5.322924292507136973e-02
5.498000000000000000e+03 5.444016004619471605e-02
5.500000000000000000e+03 5.566635681440666727e-02
5.502000000000000000e+03 5.687789805942720933e-02
5.504000000000000000e+03 5.809185695984811493e-02
5.506000000000000000e+03 5.928286165625912263e-02
5.508000000000000000e+03 6.048896067456924208e-02
5.510000000000000000e+03 6.169746034534073081e-02
5.512000000000000000e+03 6.288287169922662789e-02
5.514000000000000000e+03 6.403240859603724633e-02
5.516000000000000000e+03 6.518420978845927694e-02
5.518000000000000000e+03 6.629996332144026672e-02
5.520000000000000000e+03 6.740511847327973483e-02
5.522000000000000000e+03 6.849962314447112510e-02
5.524000000000000000e+03 6.958345592898387832e-02
5.526000000000000000e+03 7.066939386184720173e-02
5.528000000000000000e+03 7.174461317161795471e-02
5.530000000000000000e+03 7.279619038233685335e-02
5.532000000000000000e+03 7.382359460666025608e-02
5.534000000000000000e+03 7.481431133002380829e-02
5.536000000000000000e+03 7.580691182852999921e-02
5.538000000000000000e+03 7.678846718508020031e-02
5.540000000000000000e+03 7.773312311376882888e-02
5.542000000000000000e+03 7.866613759288035301e-02
5.544000000000000000e+03 7.958794499104163145e-02
5.546000000000000000e+03 8.047258108017626976e-02
5.548000000000000000e+03 8.133289020464881669e-02
5.550000000000000000e+03 8.218179288482649336e-02
5.552000000000000000e+03 8.301970809668479667e-02
5.554000000000000000e+03 8.382011611966568021e-02
5.556000000000000000e+03 8.459591378178754617e-02
5.558000000000000000e+03 8.537310432021336104e-02
5.560000000000000000e+03 8.613865208508304783e-02
5.562000000000000000e+03 8.689193332761904753e-02
5.564000000000000000e+03 8.762040489469985483e-02
5.566000000000000000e+03 8.835013703715081934e-02
5.568000000000000000e+03 8.906804926322410554e-02
5.570000000000000000e+03 8.976096916625565802e-02
5.572000000000000000e+03 9.044197452806854165e-02
5.574000000000000000e+03 9.109785528781949582e-02
5.576000000000000000e+03 9.174169636160005303e-02
5.578000000000000000e+03 9.238663538065698677e-02
5.580000000000000000e+03 9.303264046969379752e-02
5.582000000000000000e+03 9.367915750163077759e-02
5.584000000000000000e+03 9.428711302619476042e-02
5.586000000000000000e+03 9.489607853819971572e-02
5.588000000000000000e+03 9.547957590624633895e-02
5.590000000000000000e+03 9.606401457595631355e-02
5.592000000000000000e+03 9.664941015311302730e-02
5.594000000000000000e+03 9.723576238991193943e-02
5.596000000000000000e+03 9.779645678384336904e-02
5.598000000000000000e+03 9.835807099028003042e-02
5.600000000000000000e+03 9.889395423741935420e-02
5.602000000000000000e+03 9.938922956217539906e-02
5.604000000000000000e+03 9.987164411041070389e-02
5.606000000000000000e+03 1.003278714131470295e-01
5.608000000000000000e+03 1.007845289955593554e-01
5.610000000000000000e+03 1.012282659314664296e-01
5.612000000000000000e+03 1.016724635906975371e-01
5.614000000000000000e+03 1.021170521802473585e-01
5.616000000000000000e+03 1.025486903486263895e-01
5.618000000000000000e+03 1.029673795823560639e-01
5.620000000000000000e+03 1.033864373968640948e-01
5.622000000000000000e+03 1.038052679072510032e-01
5.624000000000000000e+03 1.042245017453136274e-01
5.626000000000000000e+03 1.046306962519886197e-01
5.628000000000000000e+03 1.050506727197055845e-01
5.630000000000000000e+03 1.054576269644125347e-01
5.632000000000000000e+03 1.058380026988275935e-01
5.634000000000000000e+03 1.062321682090889841e-01
5.636000000000000000e+03 1.066266982027264942e-01
5.638000000000000000e+03 1.070215764413046666e-01
5.640000000000000000e+03 1.074168189341901947e-01
5.642000000000000000e+03 1.078123933907550180e-01
5.644000000000000000e+03 1.082353097584368568e-01
5.646000000000000000e+03 1.086451110817627796e-01
5.648000000000000000e+03 1.090417912722459332e-01
5.650000000000000000e+03 1.094388351373026813e-01
5.652000000000000000e+03 1.098361824040314516e-01
5.654000000000000000e+03 1.102474227662709333e-01
5.656000000000000000e+03 1.106455037416831516e-01
5.658000000000000000e+03 1.110304193379197668e-01
5.660000000000000000e+03 1.114156587782459823e-01
5.662000000000000000e+03 1.118012232786106119e-01
5.664000000000000000e+03 1.121871111637789686e-01
5.666000000000000000e+03 1.125597970094003308e-01
5.668000000000000000e+03 1.129463564419231902e-01
5.670000000000000000e+03 1.133196989325482157e-01
5.672000000000000000e+03 1.136926260460123239e-01
5.674000000000000000e+03 1.140794596250683107e-01
5.676000000000000000e+03 1.144258524528502241e-01
5.678000000000000000e+03 1.147997059044627427e-01
5.680000000000000000e+03 1.151739192408297169e-01
5.682000000000000000e+03 1.155212097476303879e-01
5.684000000000000000e+03 1.158824134521169447e-01
5.686000000000000000e+03 1.162575601550323579e-01
5.688000000000000000e+03 1.166057419249642013e-01
5.690000000000000000e+03 1.169678582983388476e-01
5.692000000000000000e+03 1.173438347149213523e-01
5.694000000000000000e+03 1.177474806399191609e-01
5.696000000000000000e+03 1.181241399288644883e-01
5.698000000000000000e+03 1.184053750245612907e-01
5.700000000000000000e+03 1.190836117911813347e-01
5.702000000000000000e+03 1.193654999220565976e-01
5.704000000000000000e+03 1.197297858343104315e-01
5.706000000000000000e+03 1.200806717068711310e-01
5.708000000000000000e+03 1.204318622152183715e-01
5.710000000000000000e+03 1.208107423764874511e-01
5.712000000000000000e+03 1.211761873224860009e-01
5.714000000000000000e+03 1.215144875209774183e-01
5.716000000000000000e+03 1.218805303217178754e-01
5.718000000000000000e+03 1.222331289245389696e-01
5.720000000000000000e+03 1.225585165931273174e-01
5.722000000000000000e+03 1.228840759675786515e-01
5.724000000000000000e+03 1.232099097877798061e-01
5.726000000000000000e+03 1.235084352783976797e-01
5.728000000000000000e+03 1.238209635170329503e-01
5.730000000000000000e+03 1.241613382457384535e-01
5.732000000000000000e+03 1.244743725438358373e-01
5.734000000000000000e+03 1.247738711652660176e-01
5.736000000000000000e+03 1.250735818745751238e-01
5.738000000000000000e+03 1.253873142180510214e-01
5.740000000000000000e+03 1.256736722592896593e-01
5.742000000000000000e+03 1.259594369897489574e-01
5.744000000000000000e+03 1.262315725904438746e-01
5.746000000000000000e+03 1.265038958006931835e-01
5.748000000000000000e+03 1.268041300712713093e-01
5.750000000000000000e+03 1.270768756293199353e-01
5.752000000000000000e+03 1.273366086012323040e-01
5.754000000000000000e+03 1.275965591813015276e-01
5.756000000000000000e+03 1.278566774136506712e-01
5.758000000000000000e+03 1.281447581732346741e-01
5.760000000000000000e+03 1.284330766557847670e-01
5.762000000000000000e+03 1.286937616484115643e-01
5.764000000000000000e+03 1.289407533737394196e-01
5.766000000000000000e+03 1.291739803170751932e-01
5.768000000000000000e+03 1.294073708906696707e-01
5.770000000000000000e+03 1.296269846682935878e-01
5.772000000000000000e+03 1.298598070579200237e-01
5.774000000000000000e+03 1.300788519383696273e-01
5.776000000000000000e+03 1.302980429349128999e-01
5.778000000000000000e+03 1.304894344927946259e-01
5.780000000000000000e+03 1.306949027559817789e-01
5.782000000000000000e+03 1.308872768526254948e-01
5.784000000000000000e+03 1.310937273339971565e-01
5.786000000000000000e+03 1.312863150750206431e-01
5.788000000000000000e+03 1.314930100774388821e-01
5.790000000000000000e+03 1.316718252158038949e-01
5.792000000000000000e+03 1.318498939057548280e-01
5.794000000000000000e+03 1.320140573810396345e-01
5.796000000000000000e+03 1.321642693558099657e-01
5.798000000000000000e+03 1.323145564297446564e-01
5.800000000000000000e+03 1.324929859215887296e-01
5.802000000000000000e+03 1.326582356353406544e-01
5.804000000000000000e+03 1.327954554523789743e-01
5.806000000000000000e+03 1.329467802338396287e-01
5.808000000000000000e+03 1.330981902671520001e-01
5.810000000000000000e+03 1.332496433609793585e-01
5.812000000000000000e+03 1.333862274761616618e-01
5.814000000000000000e+03 1.334946807498999521e-01
5.816000000000000000e+03 1.336172271568111802e-01
5.818000000000000000e+03 1.337539298611796768e-01
5.820000000000000000e+03 1.338765764192199059e-01
5.822000000000000000e+03 1.339859328321785781e-01
5.824000000000000000e+03 1.340670700656240444e-01
5.826000000000000000e+03 1.341481961177836968e-01
5.828000000000000000e+03 1.342293194468170414e-01
5.830000000000000000e+03 1.343245920509405500e-01
5.832000000000000000e+03 1.344189778172979188e-01
5.834000000000000000e+03 1.345134075190765055e-01
5.836000000000000000e+03 1.346220116293324609e-01
5.838000000000000000e+03 1.347306396482245983e-01
5.840000000000000000e+03 1.348109179410567626e-01
5.842000000000000000e+03 1.349061795535785591e-01
5.844000000000000000e+03 1.349872514886537866e-01
5.846000000000000000e+03 1.350683460900453936e-01
5.848000000000000000e+03 1.351636187279386669e-01
5.850000000000000000e+03 1.352447061168381148e-01
5.852000000000000000e+03 1.353106042898983008e-01
5.854000000000000000e+03 1.353764844191900074e-01
5.856000000000000000e+03 1.354423465058894049e-01
5.858000000000000000e+03 1.355081905511725249e-01
5.860000000000000000e+03 1.356025127070201453e-01
5.862000000000000000e+03 1.356976750998758474e-01
5.864000000000000000e+03 1.357785692190447702e-01
5.866000000000000000e+03 1.358594687742539220e-01
5.868000000000000000e+03 1.359260891407318428e-01
5.870000000000000000e+03 1.359784093285116291e-01
5.872000000000000000e+03 1.360305969905969137e-01
5.874000000000000000e+03 1.361113303853937473e-01
5.876000000000000000e+03 1.361777650614802437e-01
5.878000000000000000e+03 1.362584934902083544e-01
5.880000000000000000e+03 1.363392186358310665e-01
5.882000000000000000e+03 1.364198880379479117e-01
5.884000000000000000e+03 1.365005798572593021e-01
5.886000000000000000e+03 1.365812425483626802e-01
5.888000000000000000e+03 1.366619104717838318e-01
5.890000000000000000e+03 1.367282222472803732e-01
5.892000000000000000e+03 1.367801136907502713e-01
5.894000000000000000e+03 1.368463405849681680e-01
5.896000000000000000e+03 1.368981851227530355e-01
5.898000000000000000e+03 1.369643704095392656e-01
5.900000000000000000e+03 1.370449172813238414e-01
5.902000000000000000e+03 1.371253874679844720e-01
5.904000000000000000e+03 1.371914526894016662e-01
5.906000000000000000e+03 1.372430921414618532e-01
5.908000000000000000e+03 1.372947089482888239e-01
5.910000000000000000e+03 1.373895438034942462e-01
5.912000000000000000e+03 1.374707293049616808e-01
5.914000000000000000e+03 1.375519035838521087e-01
5.916000000000000000e+03 1.376186320628624005e-01
5.918000000000000000e+03 1.376853439542941315e-01
5.920000000000000000e+03 1.377809450331766161e-01
5.922000000000000000e+03 1.378611940050693818e-01
5.924000000000000000e+03 1.379559015001793898e-01
5.926000000000000000e+03 1.380361323546967223e-01
5.928000000000000000e+03 1.381018832252302042e-01
5.930000000000000000e+03 1.381821081710629118e-01
5.932000000000000000e+03 1.383065739335811728e-01
5.934000000000000000e+03 1.384020760451213083e-01
5.936000000000000000e+03 1.384830679108156326e-01
5.938000000000000000e+03 1.385640569010773149e-01
5.940000000000000000e+03 1.386450343026531529e-01
5.942000000000000000e+03 1.387404879983591133e-01
5.944000000000000000e+03 1.388214034396900998e-01
5.946000000000000000e+03 1.389023158804446045e-01
5.948000000000000000e+03 1.389977883995086594e-01
5.950000000000000000e+03 1.390932718130218348e-01
5.952000000000000000e+03 1.391740831131052791e-01
5.954000000000000000e+03 1.392548999908264085e-01
5.956000000000000000e+03 1.393503133064035171e-01
5.958000000000000000e+03 1.394457285938878743e-01
5.960000000000000000e+03 1.395557505523339070e-01
5.962000000000000000e+03 1.396665739004707696e-01
5.964000000000000000e+03 1.397628131330077017e-01
5.966000000000000000e+03 1.398882719011697306e-01
5.968000000000000000e+03 1.399845488093690027e-01
5.970000000000000000e+03 1.400954509922485158e-01
5.972000000000000000e+03 1.401908159682564992e-01
5.974000000000000000e+03 1.402715377233468008e-01
5.976000000000000000e+03 1.403522560185976875e-01
5.978000000000000000e+03 1.404476382254879196e-01
5.980000000000000000e+03 1.405283476935915155e-01
5.982000000000000000e+03 1.406391876655321282e-01
5.984000000000000000e+03 1.407647148883521548e-01
5.986000000000000000e+03 1.408609262655441396e-01
5.988000000000000000e+03 1.409424381236215884e-01
5.990000000000000000e+03 1.410386654391823369e-01
5.992000000000000000e+03 1.411200609184161681e-01
5.994000000000000000e+03 1.412161591270356398e-01
5.996000000000000000e+03 1.412975738423999095e-01
5.998000000000000000e+03 1.413642401064733323e-01
6.000000000000000000e+03 1.414456160219600411e-01
6.002000000000000000e+03 1.414698336475952722e-01
6.004000000000000000e+03 1.414940486037749301e-01
6.006000000000000000e+03 1.415182697250587096e-01
6.008000000000000000e+03 1.415424705030169650e-01
6.010000000000000000e+03 1.415666774437043807e-01
6.012000000000000000e+03 1.415768755341540730e-01
6.014000000000000000e+03 1.416018201407237831e-01
6.016000000000000000e+03 1.416267535877155093e-01
6.018000000000000000e+03 1.416516847115439626e-01
6.020000000000000000e+03 1.416913676544719614e-01
6.022000000000000000e+03 1.417162463120313354e-01
6.024000000000000000e+03 1.417558788646100798e-01
6.026000000000000000e+03 1.417660142303101278e-01
6.028000000000000000e+03 1.417908858059545585e-01
6.030000000000000000e+03 1.418010132860743622e-01
6.032000000000000000e+03 1.418257808475631987e-01
6.034000000000000000e+03 1.418652720993173466e-01
6.036000000000000000e+03 1.418605107558409961e-01
6.038000000000000000e+03 1.418409792427060834e-01
6.040000000000000000e+03 1.418362125262539186e-01
6.042000000000000000e+03 1.418460900442204409e-01
6.044000000000000000e+03 1.418264473644137436e-01
6.046000000000000000e+03 1.418215637323973766e-01
6.048000000000000000e+03 1.418314245339219459e-01
6.050000000000000000e+03 1.418560328459053110e-01
6.052000000000000000e+03 1.418371393132916436e-01
6.054000000000000000e+03 1.418034916273896440e-01
6.056000000000000000e+03 1.417993437430666304e-01
6.058000000000000000e+03 1.417804417139137407e-01
6.060000000000000000e+03 1.417762796887710175e-01
6.062000000000000000e+03 1.417564014158323449e-01
6.064000000000000000e+03 1.417217460742504487e-01
6.066000000000000000e+03 1.417018495547121282e-01
6.068000000000000000e+03 1.416819355642215672e-01
6.070000000000000000e+03 1.416620306714481414e-01
6.072000000000000000e+03 1.416281398218204035e-01
6.074000000000000000e+03 1.416090294317255971e-01
6.076000000000000000e+03 1.415751178955707290e-01
6.078000000000000000e+03 1.415412043362693495e-01
6.080000000000000000e+03 1.415072887600722362e-01
6.082000000000000000e+03 1.414732258979238544e-01
6.084000000000000000e+03 1.414391522046237193e-01
6.086000000000000000e+03 1.414198655209139288e-01
6.088000000000000000e+03 1.414005701614952371e-01
6.090000000000000000e+03 1.413664661465965089e-01
6.092000000000000000e+03 1.413175343749981383e-01
6.094000000000000000e+03 1.412537875514928432e-01
6.096000000000000000e+03 1.412048465796922059e-01
6.098000000000000000e+03 1.411558660942996979e-01
6.100000000000000000e+03 1.411364478662847088e-01
6.102000000000000000e+03 1.410873738128770871e-01
6.104000000000000000e+03 1.410530500089704764e-01
6.106000000000000000e+03 1.410187154680130617e-01
6.108000000000000000e+03 1.409843879303511460e-01
6.110000000000000000e+03 1.409352479439681949e-01
6.112000000000000000e+03 1.408564224011673305e-01
6.114000000000000000e+03 1.408071786502172740e-01
6.116000000000000000e+03 1.407579132491563190e-01
6.118000000000000000e+03 1.407086616863817141e-01
6.120000000000000000e+03 1.406445638012963906e-01
6.122000000000000000e+03 1.405952277533345784e-01
6.124000000000000000e+03 1.405310788145179846e-01
6.126000000000000000e+03 1.404520961338429352e-01
6.128000000000000000e+03 1.403879342857445311e-01
6.130000000000000000e+03 1.403237310166590146e-01
6.132000000000000000e+03 1.402446219590064158e-01
6.134000000000000000e+03 1.401654872695525800e-01
6.136000000000000000e+03 1.400863447085178570e-01
6.138000000000000000e+03 1.400071854091093360e-01
6.140000000000000000e+03 1.399280005020781259e-01
6.142000000000000000e+03 1.398644431279546518e-01
6.144000000000000000e+03 1.398008704593593776e-01
6.146000000000000000e+03 1.397372825031407417e-01
6.148000000000000000e+03 1.396736792661466553e-01
6.150000000000000000e+03 1.396100518739781804e-01
6.152000000000000000e+03 1.395454821375170240e-01
6.154000000000000000e+03 1.394808800955406047e-01
6.156000000000000000e+03 1.394458973992126483e-01
6.158000000000000000e+03 1.393961129033866320e-01
6.160000000000000000e+03 1.393462892478091464e-01
6.162000000000000000e+03 1.392816095634508700e-01
6.164000000000000000e+03 1.392169065172023379e-01
6.166000000000000000e+03 1.391818506858534810e-01
6.168000000000000000e+03 1.391467666220700394e-01
6.170000000000000000e+03 1.390968570317321906e-01
6.172000000000000000e+03 1.390913614308325053e-01
6.174000000000000000e+03 1.390858504801991413e-01
6.176000000000000000e+03 1.390358522543391484e-01
6.178000000000000000e+03 1.390006962122239120e-01
6.180000000000000000e+03 1.389506741541184642e-01
6.182000000000000000e+03 1.389153922895160209e-01
6.184000000000000000e+03 1.388652602654655288e-01
6.186000000000000000e+03 1.388447974252403350e-01
6.188000000000000000e+03 1.388094755420063164e-01
6.190000000000000000e+03 1.387889771231506086e-01
6.192000000000000000e+03 1.387536125429707778e-01
6.194000000000000000e+03 1.387182287378242174e-01
6.196000000000000000e+03 1.386828435003584215e-01
6.198000000000000000e+03 1.386474479413264127e-01
6.200000000000000000e+03 1.386120064808221419e-01
6.202000000000000000e+03 1.385913943131883708e-01
6.204000000000000000e+03 1.385559242509182554e-01
6.206000000000000000e+03 1.385055933891106983e-01
6.208000000000000000e+03 1.384404166226022859e-01
6.210000000000000000e+03 1.384197474594250354e-01
6.212000000000000000e+03 1.383833514671093667e-01
6.214000000000000000e+03 1.383469366117002775e-01
6.216000000000000000e+03 1.383253579608797468e-01
6.218000000000000000e+03 1.383186092287405078e-01
6.220000000000000000e+03 1.382970239234981025e-01
6.222000000000000000e+03 1.382910813205804335e-01
6.224000000000000000e+03 1.382851323209913219e-01
6.226000000000000000e+03 1.382940276971559024e-01
6.228000000000000000e+03 1.383029185894827096e-01
6.230000000000000000e+03 1.382969612228902023e-01
6.232000000000000000e+03 1.382900449446371749e-01
6.234000000000000000e+03 1.382831489036745742e-01
6.236000000000000000e+03 1.382910927235977139e-01
6.238000000000000000e+03 1.382841756813872891e-01
6.240000000000000000e+03 1.383069660596153161e-01
6.242000000000000000e+03 1.383157366669895139e-01
6.244000000000000000e+03 1.383245027801713600e-01
6.246000000000000000e+03 1.383481152620366361e-01
6.248000000000000000e+03 1.383866036610936767e-01
6.250000000000000000e+03 1.384399351606759032e-01
6.252000000000000000e+03 1.384924046816076448e-01
6.254000000000000000e+03 1.385299933662267891e-01
6.256000000000000000e+03 1.385527432315770691e-01
6.258000000000000000e+03 1.386051933670292280e-01
6.260000000000000000e+03 1.386576527289857808e-01
6.262000000000000000e+03 1.386943580822631583e-01
6.264000000000000000e+03 1.387161851553607717e-01
6.266000000000000000e+03 1.387677538685263556e-01
6.268000000000000000e+03 1.388193042366873964e-01
6.270000000000000000e+03 1.388560023106533425e-01
6.272000000000000000e+03 1.389083201422967595e-01
6.274000000000000000e+03 1.389755361784912047e-01
6.276000000000000000e+03 1.390427451528961078e-01
6.278000000000000000e+03 1.390950919852569634e-01
6.280000000000000000e+03 1.391622859899672437e-01
6.282000000000000000e+03 1.392287050414059701e-01
6.284000000000000000e+03 1.392951160799580090e-01
6.286000000000000000e+03 1.393466342365649591e-01
6.288000000000000000e+03 1.393832929692639944e-01
6.290000000000000000e+03 1.394496955565082685e-01
6.292000000000000000e+03 1.395011493294364135e-01
6.294000000000000000e+03 1.395525756858231881e-01
6.296000000000000000e+03 1.396337784068513999e-01
6.298000000000000000e+03 1.397001119647307832e-01
6.300000000000000000e+03 1.397664373794177128e-01
6.302000000000000000e+03 1.398178467959581284e-01
6.304000000000000000e+03 1.398841112179063928e-01
6.306000000000000000e+03 1.399355199305253594e-01
6.308000000000000000e+03 1.399869279254633281e-01
6.310000000000000000e+03 1.400383262745789892e-01
6.312000000000000000e+03 1.401186503612571743e-01
6.314000000000000000e+03 1.402287383145464639e-01
6.316000000000000000e+03 1.403388476292791176e-01
6.318000000000000000e+03 1.404191772456326592e-01
6.320000000000000000e+03 1.404697412542926516e-01
6.322000000000000000e+03 1.405500213746915528e-01
6.324000000000000000e+03 1.406303202703742261e-01
6.326000000000000000e+03 1.406956947588705042e-01
6.328000000000000000e+03 1.407759948604551115e-01
6.330000000000000000e+03 1.408413693028081892e-01
6.332000000000000000e+03 1.409216351068209028e-01
6.334000000000000000e+03 1.410018660495481746e-01
6.336000000000000000e+03 1.411119099890157380e-01
6.338000000000000000e+03 1.412070728378430617e-01
6.340000000000000000e+03 1.412873259681851068e-01
6.342000000000000000e+03 1.413517823311752630e-01
6.344000000000000000e+03 1.414162372806816170e-01
6.346000000000000000e+03 1.414955683971178546e-01
6.348000000000000000e+03 1.415600388726735159e-01
6.350000000000000000e+03 1.416543008591347463e-01
6.352000000000000000e+03 1.417336394484614570e-01
6.354000000000000000e+03 1.417980980167402316e-01
6.356000000000000000e+03 1.418476660924722077e-01
6.358000000000000000e+03 1.418972317238640091e-01
6.360000000000000000e+03 1.419467859738455517e-01
6.362000000000000000e+03 1.420103246899626082e-01
6.364000000000000000e+03 1.421036606811384995e-01
6.366000000000000000e+03 1.422118872156751812e-01
6.368000000000000000e+03 1.423052398941605512e-01
6.370000000000000000e+03 1.423836728053610445e-01
6.372000000000000000e+03 1.424472087942344201e-01
6.374000000000000000e+03 1.425405372367483103e-01
6.376000000000000000e+03 1.426338916794969158e-01
6.378000000000000000e+03 1.427123247106853454e-01
6.380000000000000000e+03 1.427609408864451424e-01
6.382000000000000000e+03 1.428244473874143161e-01
6.384000000000000000e+03 1.429028374839693694e-01
6.386000000000000000e+03 1.429663036743220594e-01
6.388000000000000000e+03 1.430297941734691158e-01
6.390000000000000000e+03 1.430932732331283708e-01
6.392000000000000000e+03 1.431558370035110328e-01
6.394000000000000000e+03 1.431885946762817274e-01
6.396000000000000000e+03 1.432213297522887674e-01
6.398000000000000000e+03 1.432689843524991014e-01
6.400000000000000000e+03 1.432868125286245187e-01
6.402000000000000000e+03 1.433037429217736691e-01
6.404000000000000000e+03 1.433206943855383497e-01
6.406000000000000000e+03 1.433227149185944127e-01
6.408000000000000000e+03 1.433247292894306302e-01
6.410000000000000000e+03 1.433267374986150478e-01
6.412000000000000000e+03 1.433138248131926584e-01
6.414000000000000000e+03 1.433009324043038324e-01
6.416000000000000000e+03 1.433178323053784231e-01
6.418000000000000000e+03 1.433049272468155944e-01
6.420000000000000000e+03 1.433069154943094892e-01
6.422000000000000000e+03 1.432781713876709606e-01
6.424000000000000000e+03 1.432494115766530518e-01
6.426000000000000000e+03 1.432355719875919586e-01
6.428000000000000000e+03 1.432664535113550575e-01
6.430000000000000000e+03 1.432973112778459790e-01
6.432000000000000000e+03 1.433132158392088629e-01
6.434000000000000000e+03 1.432992952422347810e-01
6.436000000000000000e+03 1.432853681411523084e-01
6.438000000000000000e+03 1.432714434772695000e-01
6.440000000000000000e+03 1.432574854983804380e-01
6.442000000000000000e+03 1.432277762892280593e-01
6.444000000000000000e+03 1.432129614753540336e-01
6.446000000000000000e+03 1.431981312225218128e-01
6.448000000000000000e+03 1.431684024745927819e-01
6.450000000000000000e+03 1.431535592216728048e-01
6.452000000000000000e+03 1.431238070867755230e-01
6.454000000000000000e+03 1.430791385933746496e-01
6.456000000000000000e+03 1.430344725700512520e-01
6.458000000000000000e+03 1.430046921143841854e-01
6.460000000000000000e+03 1.429600131782568506e-01
6.462000000000000000e+03 1.428986571383772664e-01
6.464000000000000000e+03 1.428522142113242410e-01
6.466000000000000000e+03 1.428206659904463216e-01
6.468000000000000000e+03 1.427592932967114980e-01
6.470000000000000000e+03 1.427128421387676149e-01
6.472000000000000000e+03 1.426663449964818697e-01
6.474000000000000000e+03 1.426049246336118792e-01
6.476000000000000000e+03 1.425286084306181533e-01
6.478000000000000000e+03 1.424671777452776456e-01
6.480000000000000000e+03 1.424206588393792106e-01
6.482000000000000000e+03 1.423442760221637904e-01
6.484000000000000000e+03 1.422678884512450226e-01
6.486000000000000000e+03 1.421914961379925624e-01
6.488000000000000000e+03 1.421150990937742886e-01
6.490000000000000000e+03 1.420237902199917024e-01
6.492000000000000000e+03 1.419456954422608497e-01
6.494000000000000000e+03 1.418676063114538144e-01
6.496000000000000000e+03 1.417895139024770990e-01
6.498000000000000000e+03 1.417412383919187946e-01
6.500000000000000000e+03 1.416929402516281244e-01
6.502000000000000000e+03 1.415896124353160090e-01
6.504000000000000000e+03 1.414565478973282830e-01
6.506000000000000000e+03 1.413533122482911464e-01
6.508000000000000000e+03 1.412352361754759533e-01
6.510000000000000000e+03 1.411469425871026973e-01
6.512000000000000000e+03 1.410281320175739428e-01
6.514000000000000000e+03 1.409093983784064918e-01
6.516000000000000000e+03 1.407906704348510507e-01
6.518000000000000000e+03 1.406423488061377958e-01
6.520000000000000000e+03 1.404347987106772389e-01
6.522000000000000000e+03 1.401821240485066344e-01
6.524000000000000000e+03 1.399000104208316664e-01
6.526000000000000000e+03 1.396625152501201339e-01
6.528000000000000000e+03 1.394992035382089657e-01
6.530000000000000000e+03 1.394099035185453472e-01
6.532000000000000000e+03 1.394085414684373692e-01
6.534000000000000000e+03 1.394514282840572106e-01
6.536000000000000000e+03 1.395089463610978686e-01
6.538000000000000000e+03 1.394925443669945975e-01
6.540000000000000000e+03 1.394023508825819047e-01
6.542000000000000000e+03 1.392385357774575116e-01
6.544000000000000000e+03 1.390453737770241394e-01
6.546000000000000000e+03 1.388670497977907980e-01
6.548000000000000000e+03 1.386888414177960271e-01
6.550000000000000000e+03 1.385401826618764265e-01
6.552000000000000000e+03 1.383761172026801156e-01
6.554000000000000000e+03 1.382121701463058239e-01
6.556000000000000000e+03 1.380189205558870480e-01
6.558000000000000000e+03 1.378111719689993075e-01
6.560000000000000000e+03 1.376035372510197030e-01
6.562000000000000000e+03 1.374254794003174074e-01
6.564000000000000000e+03 1.372475208819212977e-01
6.566000000000000000e+03 1.370696880535274831e-01
6.568000000000000000e+03 1.368773363471826598e-01
6.570000000000000000e+03 1.366851263745449963e-01
6.572000000000000000e+03 1.364914288412181487e-01
6.574000000000000000e+03 1.362686622554331317e-01
6.576000000000000000e+03 1.360606588664033945e-01
6.578000000000000000e+03 1.358382217680305093e-01
6.580000000000000000e+03 1.356305314300688680e-01
6.582000000000000000e+03 1.354238614116856920e-01
6.584000000000000000e+03 1.351882188432622645e-01
6.586000000000000000e+03 1.349818667931033944e-01
6.588000000000000000e+03 1.347611113731034260e-01
6.590000000000000000e+03 1.345114482386025601e-01
6.592000000000000000e+03 1.342612726502232234e-01
6.594000000000000000e+03 1.340258283368239989e-01
6.596000000000000000e+03 1.337905604639676171e-01
6.598000000000000000e+03 1.335409730667339312e-01
6.600000000000000000e+03 1.332770993652120928e-01
6.602000000000000000e+03 1.329836573264532029e-01
6.604000000000000000e+03 1.327049659922409919e-01
6.606000000000000000e+03 1.324265114637379059e-01
6.608000000000000000e+03 1.321338216117109721e-01
6.610000000000000000e+03 1.318269038706519347e-01
6.612000000000000000e+03 1.315050825600853623e-01
6.614000000000000000e+03 1.311835418165520351e-01
6.616000000000000000e+03 1.308478514825728856e-01
6.618000000000000000e+03 1.304980279131418563e-01
6.620000000000000000e+03 1.301485441740608262e-01
6.622000000000000000e+03 1.298002599120202938e-01
6.624000000000000000e+03 1.294523115836879179e-01
6.626000000000000000e+03 1.291046818632476945e-01
6.628000000000000000e+03 1.287285665715845462e-01
6.630000000000000000e+03 1.283384564170374498e-01
6.632000000000000000e+03 1.279471999550380601e-01
6.634000000000000000e+03 1.275706830587705898e-01
6.636000000000000000e+03 1.271801691373875831e-01
6.638000000000000000e+03 1.267756747761750180e-01
6.640000000000000000e+03 1.263715898091397893e-01
6.642000000000000000e+03 1.259544253774714517e-01
6.644000000000000000e+03 1.255233258783305383e-01
6.646000000000000000e+03 1.250783248027910466e-01
6.648000000000000000e+03 1.246194813477542601e-01
6.650000000000000000e+03 1.241467860544575447e-01
6.652000000000000000e+03 1.236731182603630214e-01
6.654000000000000000e+03 1.231856673890175807e-01
6.656000000000000000e+03 1.226844330978306419e-01
6.658000000000000000e+03 1.221694493060142550e-01
6.660000000000000000e+03 1.216264778625628373e-01
6.662000000000000000e+03 1.210563980741681672e-01
6.664000000000000000e+03 1.204584677283052213e-01
6.666000000000000000e+03 1.198753581916348898e-01
6.668000000000000000e+03 1.192644225529280594e-01
6.670000000000000000e+03 1.186257109350101341e-01
6.672000000000000000e+03 1.179728253308219288e-01
6.674000000000000000e+03 1.172922370610338938e-01
6.676000000000000000e+03 1.165839967191583532e-01
6.678000000000000000e+03 1.158907098766031596e-01
6.680000000000000000e+03 1.151839923344922800e-01
6.682000000000000000e+03 1.144639704566002975e-01
6.684000000000000000e+03 1.137588670809416974e-01
6.686000000000000000e+03 1.130262624794190623e-01
6.688000000000000000e+03 1.123227048820822777e-01
6.690000000000000000e+03 1.115916626173202864e-01
6.692000000000000000e+03 1.108749298291440699e-01
6.694000000000000000e+03 1.101872170584589639e-01
6.696000000000000000e+03 1.095002667347464709e-01
6.698000000000000000e+03 1.088281565622731678e-01
6.700000000000000000e+03 1.081708609549843769e-01
6.702000000000000000e+03 1.075284627908169172e-01
6.704000000000000000e+03 1.069289572888906248e-01
6.706000000000000000e+03 1.063301026239464459e-01
6.708000000000000000e+03 1.057740554565469032e-01
6.710000000000000000e+03 1.052186164472526525e-01
6.712000000000000000e+03 1.046778792891776277e-01
6.714000000000000000e+03 1.041517677024973443e-01
6.716000000000000000e+03 1.036822607045007338e-01
6.718000000000000000e+03 1.032272942161330809e-01
6.720000000000000000e+03 1.028147950717971798e-01
6.722000000000000000e+03 1.024308345638897388e-01
6.724000000000000000e+03 1.020612446862571021e-01
6.726000000000000000e+03 1.017199844036380391e-01
6.728000000000000000e+03 1.014070029211401047e-01
6.730000000000000000e+03 1.011362169032469227e-01
6.732000000000000000e+03 1.008930167375566567e-01
6.734000000000000000e+03 1.006500272833868032e-01
6.736000000000000000e+03 1.004212154328430751e-01
6.738000000000000000e+03 1.002065471775504674e-01
6.740000000000000000e+03 1.000059635046533085e-01
6.742000000000000000e+03 9.981958304739582677e-02
6.744000000000000000e+03 9.964725246241956658e-02
6.746000000000000000e+03 9.947507199231403474e-02
6.748000000000000000e+03 9.933079797063763816e-02
6.750000000000000000e+03 9.917274948417308111e-02
6.752000000000000000e+03 9.901489898185911187e-02
6.754000000000000000e+03 9.887104652223022150e-02
6.756000000000000000e+03 9.869960498289581663e-02
6.758000000000000000e+03 9.852827181004522594e-02
6.760000000000000000e+03 9.837094470433070670e-02
6.762000000000000000e+03 9.822703198778380551e-02
6.764000000000000000e+03 9.809701709042881190e-02
6.766000000000000000e+03 9.798091570947511930e-02
6.768000000000000000e+03 9.789248256921914693e-02
6.770000000000000000e+03 9.781788604354199612e-02
6.772000000000000000e+03 9.779909344783245528e-02
6.774000000000000000e+03 9.779403536960587506e-02
6.776000000000000000e+03 9.784397547600408307e-02
6.778000000000000000e+03 9.792127823217902649e-02
6.780000000000000000e+03 9.805342623555739212e-02
6.782000000000000000e+03 9.822600352511910715e-02
6.784000000000000000e+03 9.843952421921341178e-02
6.786000000000000000e+03 9.873500695103556990e-02
6.788000000000000000e+03 9.909861079993149968e-02
6.790000000000000000e+03 9.950280917845349959e-02
6.792000000000000000e+03 9.994760312319063422e-02
6.794000000000000000e+03 1.004739063557018308e-01
6.796000000000000000e+03 1.010541934972705447e-01
6.798000000000000000e+03 1.017020398230079614e-01
6.800000000000000000e+03 1.024446308769427216e-01
6.802000000000000000e+03 1.031999598853847316e-01
6.804000000000000000e+03 1.040224758877119765e-01
6.806000000000000000e+03 1.049257274972466153e-01
6.808000000000000000e+03 1.058822674096078637e-01
6.810000000000000000e+03 1.068920345509020153e-01
6.812000000000000000e+03 1.079277306432648853e-01
6.814000000000000000e+03 1.090028845028623156e-01
6.816000000000000000e+03 1.101173790643636269e-01
6.818000000000000000e+03 1.111896491514258040e-01
6.820000000000000000e+03 1.123419691067563814e-01
6.822000000000000000e+03 1.135200421259724285e-01
6.824000000000000000e+03 1.147236633092510449e-01
6.826000000000000000e+03 1.159257058647081978e-01
6.828000000000000000e+03 1.170855364698203116e-01
6.830000000000000000e+03 1.182032235077137700e-01
6.832000000000000000e+03 1.192383746613260853e-01
6.834000000000000000e+03 1.201775137655652081e-01
6.836000000000000000e+03 1.210208430596751705e-01
6.838000000000000000e+03 1.217415090771579306e-01
6.840000000000000000e+03 1.223128069683002833e-01
6.842000000000000000e+03 1.227215793353899354e-01
6.844000000000000000e+03 1.229545951843978163e-01
6.846000000000000000e+03 1.229986780325932616e-01
6.848000000000000000e+03 1.228138595245221037e-01
6.850000000000000000e+03 1.223871055267156116e-01
6.852000000000000000e+03 1.216786346895931265e-01
6.854000000000000000e+03 1.207023097110003634e-01
6.856000000000000000e+03 1.194452371674943891e-01
6.858000000000000000e+03 1.179213390380798032e-01
6.860000000000000000e+03 1.161177224623704957e-01
6.862000000000000000e+03 1.140209484419032471e-01
6.864000000000000000e+03 1.116723212559020406e-01
6.866000000000000000e+03 1.090857301063609813e-01
6.868000000000000000e+03 1.062616413998302978e-01
6.870000000000000000e+03 1.032004893854800709e-01
6.872000000000000000e+03 9.991683751737925889e-02
6.874000000000000000e+03 9.645036021325269215e-02
6.876000000000000000e+03 9.284144231544046166e-02
6.878000000000000000e+03 8.910370674011214298e-02
6.880000000000000000e+03 8.529066126245926638e-02
6.882000000000000000e+03 8.165548672934531960e-02
6.884000000000000000e+03 7.773211655216037685e-02
6.886000000000000000e+03 7.384019940770068791e-02
6.888000000000000000e+03 6.997973214339295311e-02
6.890000000000000000e+03 6.617719634729708755e-02
6.892000000000000000e+03 6.247237398955081400e-02
6.894000000000000000e+03 5.886499942279767306e-02
6.896000000000000000e+03 5.540795660390207544e-02
6.898000000000000000e+03 5.207445138237002530e-02
6.900000000000000000e+03 4.882454997996411167e-02
6.902000000000000000e+03 4.571078850999661658e-02
6.904000000000000000e+03 4.275960962167341117e-02
6.906000000000000000e+03 3.995752388258475007e-02
6.908000000000000000e+03 3.730423275457754595e-02
6.910000000000000000e+03 3.479945362672781650e-02
6.912000000000000000e+03 3.244314905442381020e-02
6.914000000000000000e+03 3.026113568120426464e-02
6.916000000000000000e+03 2.821357034773674249e-02
6.918000000000000000e+03 2.641868279268964892e-02
6.920000000000000000e+03 2.461288221626741976e-02
6.922000000000000000e+03 2.295400462348162404e-02
6.924000000000000000e+03 2.141543940209676353e-02
6.926000000000000000e+03 1.998384588981860083e-02
6.928000000000000000e+03 1.864589309143722604e-02
6.930000000000000000e+03 1.742765381461425234e-02
6.932000000000000000e+03 1.627658546070120602e-02
6.934000000000000000e+03 1.523172571229449053e-02
6.936000000000000000e+03 1.426669158884328985e-02
6.938000000000000000e+03 1.336825780811710766e-02
6.940000000000000000e+03 1.253630487668440374e-02
6.942000000000000000e+03 1.175627909396542020e-02
6.944000000000000000e+03 1.102423401313207957e-02
6.946000000000000000e+03 1.035704006459473372e-02
6.948000000000000000e+03 9.727196257507533111e-03
6.950000000000000000e+03 9.146356853247519098e-03
6.952000000000000000e+03 8.606627559876364394e-03
6.954000000000000000e+03 8.096206364439332767e-03
6.956000000000000000e+03 7.622844559367044151e-03
6.958000000000000000e+03 7.183873409044879907e-03
6.960000000000000000e+03 6.770134758020519318e-03
6.962000000000000000e+03 6.381627860000782353e-03
6.964000000000000000e+03 6.016956454990092865e-03
6.966000000000000000e+03 5.676077329122670816e-03
6.968000000000000000e+03 5.361537310209464439e-03
6.970000000000000000e+03 5.070696498303014707e-03
6.972000000000000000e+03 4.790577921424120887e-03
6.974000000000000000e+03 4.536672541080579921e-03
6.976000000000000000e+03 4.293423055587868714e-03
6.980000000000000000e+03 4.084063692646766087e-03
6.990000000000000000e+03 3.562940710734871248e-03
6.998000000000000000e+03 3.148368015564253358e-03
7.000000000000000000e+03 2.995022235474948964e-03
7.002000000000000000e+03 2.848659945933255683e-03
7.004000000000000000e+03 2.710253146513657251e-03
7.006000000000000000e+03 2.578500441148177513e-03
7.008000000000000000e+03 2.453383180114219932e-03
7.010000000000000000e+03 2.333606320254491117e-03
7.012000000000000000e+03 2.221694901072356239e-03
7.014000000000000000e+03 2.115091133273892289e-03
7.016000000000000000e+03 2.015052753798471808e-03
7.018000000000000000e+03 1.917746371505955677e-03
7.020000000000000000e+03 1.826975862531089951e-03
7.022000000000000000e+03 1.738927337853337675e-03
7.024000000000000000e+03 1.656116318986123985e-03
7.026000000000000000e+03 1.578527965649872272e-03
7.028000000000000000e+03 1.503616344936617834e-03
7.030000000000000000e+03 1.432638879202931346e-03
7.032000000000000000e+03 1.364331248972804056e-03
7.034000000000000000e+03 1.301199136791148132e-03
7.036000000000000000e+03 1.240454422930695882e-03
7.038000000000000000e+03 1.183224063627164816e-03
7.040000000000000000e+03 1.128617463759103330e-03
7.042000000000000000e+03 1.076747461311075137e-03
7.044000000000000000e+03 1.027863894089837927e-03
7.046000000000000000e+03 9.815820305229337305e-04
7.048000000000000000e+03 9.371421377413321954e-04
7.050000000000000000e+03 8.949150946970232598e-04
7.052000000000000000e+03 8.551511069806991055e-04
7.054000000000000000e+03 8.295878839858201017e-04
7.056000000000000000e+03 7.934559770015297935e-04
7.058000000000000000e+03 7.592631494421754699e-04
7.060000000000000000e+03 7.271287317864911668e-04
7.062000000000000000e+03 6.966738433795981221e-04
7.064000000000000000e+03 6.676444430318729129e-04
7.066000000000000000e+03 6.400365886882879727e-04
7.068000000000000000e+03 6.139705215933297577e-04
7.070000000000000000e+03 5.898141955215928682e-04
7.072000000000000000e+03 5.670670263659093307e-04
7.074000000000000000e+03 5.456005671827542482e-04
7.076000000000000000e+03 5.256587859356319243e-04
7.078000000000000000e+03 5.063722261449094897e-04
7.080000000000000000e+03 4.877389798632845172e-04
7.082000000000000000e+03 4.701279794288258911e-04
7.084000000000000000e+03 4.539055166582778452e-04
7.086000000000000000e+03 4.384520350728950372e-04
7.088000000000000000e+03 4.235194236750820730e-04
7.090000000000000000e+03 4.091062544530780836e-04
7.092000000000000000e+03 3.954594741575395895e-04
7.094000000000000000e+03 3.826965643918731584e-04
7.096000000000000000e+03 3.699573048674741700e-04
7.098000000000000000e+03 3.577313921579480089e-04
7.100000000000000000e+03 3.462620555089150230e-04
7.102000000000000000e+03 3.351808823995371459e-04
7.104000000000000000e+03 3.247306520969711098e-04
7.106000000000000000e+03 3.144217812815312276e-04
7.108000000000000000e+03 3.042538513138592395e-04
7.110000000000000000e+03 2.944700114185612103e-04
7.112000000000000000e+03 2.850693917135524273e-04
7.114000000000000000e+03 2.759292739079259702e-04
7.116000000000000000e+03 2.670488673802552215e-04
7.118000000000000000e+03 2.585487611897878423e-04
7.120000000000000000e+03 2.501856345406968871e-04
7.122000000000000000e+03 2.420805334842591149e-04
7.124000000000000000e+03 2.341113601364079545e-04
7.126000000000000000e+03 2.265194534417135162e-04
7.128000000000000000e+03 2.190623743394626234e-04
7.130000000000000000e+03 2.116191784720333432e-04
7.132000000000000000e+03 2.046730860534786843e-04
7.134000000000000000e+03 1.979805287874993546e-04
7.136000000000000000e+03 1.914206228199965925e-04
7.138000000000000000e+03 1.851131234090719845e-04
7.140000000000000000e+03 1.790573111391996540e-04
7.142000000000000000e+03 1.733715791934891672e-04
7.144000000000000000e+03 1.678162020828651382e-04
7.146000000000000000e+03 1.622711939526799718e-04
7.148000000000000000e+03 1.567365330431528690e-04
7.150000000000000000e+03 1.514510827041026103e-04
7.152000000000000000e+03 1.464152180557762621e-04
7.154000000000000000e+03 1.416271007611964424e-04
7.156000000000000000e+03 1.368478950290737768e-04
7.158000000000000000e+03 1.323155192124834826e-04
7.160000000000000000e+03 1.279104606515727273e-04
7.162000000000000000e+03 1.236324547501362677e-04
7.164000000000000000e+03 1.194810547884533186e-04
7.166000000000000000e+03 1.155388828606911876e-04
7.168000000000000000e+03 1.116632552307357073e-04
7.170000000000000000e+03 1.079013137769169883e-04
7.172000000000000000e+03 1.042771304982937350e-04
7.174000000000000000e+03 1.007895390541651019e-04
7.176000000000000000e+03 9.756795743181377188e-05
7.178000000000000000e+03 9.462342455753798901e-05
7.180000000000000000e+03 9.174319668915836086e-05
7.182000000000000000e+03 8.889135543893765469e-05
7.184000000000000000e+03 8.616234987106303556e-05
7.186000000000000000e+03 8.356758195709124897e-05
7.188000000000000000e+03 8.114186294249930585e-05
7.190000000000000000e+03 7.879097416750135540e-05
7.192000000000000000e+03 7.659722165090791291e-05
7.194000000000000000e+03 7.457128672269949874e-05
7.196000000000000000e+03 7.254907884025748276e-05
7.198000000000000000e+03 7.057730126172643366e-05
7.200000000000000000e+03 6.872580772359139793e-05
7.202000000000000000e+03 6.698265596796613335e-05
7.204000000000000000e+03 6.531257322264236783e-05
7.206000000000000000e+03 6.378512848056565050e-05
7.208000000000000000e+03 6.231860576132401805e-05
7.210000000000000000e+03 6.081994876292411535e-05
7.212000000000000000e+03 5.933572679543211301e-05
7.214000000000000000e+03 5.792376574142776629e-05
7.216000000000000000e+03 5.658384870869273775e-05
7.218000000000000000e+03 5.532736086816595727e-05
7.220000000000000000e+03 5.407318789121541943e-05
7.222000000000000000e+03 5.284478711452130449e-05
7.224000000000000000e+03 5.167630218987133645e-05
7.226000000000000000e+03 5.047538403215340877e-05
7.228000000000000000e+03 4.927666919929575014e-05
7.230000000000000000e+03 4.819514764658120164e-05
7.232000000000000000e+03 4.717278171827836723e-05
7.234000000000000000e+03 4.611786112838853213e-05
7.236000000000000000e+03 4.504195252932378609e-05
7.238000000000000000e+03 4.408259219051683433e-05
7.240000000000000000e+03 4.305632847794272440e-05
7.242000000000000000e+03 4.200940042339421424e-05
7.244000000000000000e+03 4.104436337235979176e-05
7.246000000000000000e+03 4.006968205176142210e-05
7.248000000000000000e+03 3.909679221189761735e-05
7.250000000000000000e+03 3.817125783187294872e-05
7.252000000000000000e+03 3.728159140343242223e-05
7.254000000000000000e+03 3.647314279600048922e-05
7.256000000000000000e+03 3.570025855678814913e-05
7.258000000000000000e+03 3.489474310816982155e-05
7.260000000000000000e+03 3.409070877683396413e-05
7.262000000000000000e+03 3.332216767810281785e-05
7.264000000000000000e+03 3.258898813790099200e-05
7.266000000000000000e+03 3.185715271938214041e-05
7.268000000000000000e+03 3.111537341501807323e-05
7.270000000000000000e+03 3.045394136660957006e-05
7.272000000000000000e+03 2.977140227960281091e-05
7.274000000000000000e+03 2.901127628151776181e-05
7.276000000000000000e+03 2.823004070050422830e-05
7.278000000000000000e+03 2.754017358292466295e-05
7.280000000000000000e+03 2.695264218647062211e-05
7.282000000000000000e+03 2.639970134064747965e-05
7.284000000000000000e+03 2.579173245748865776e-05
7.286000000000000000e+03 2.515128698483371449e-05
7.288000000000000000e+03 2.459034080294656975e-05
7.290000000000000000e+03 2.404160738289361999e-05
7.292000000000000000e+03 2.342705324960759860e-05
7.294000000000000000e+03 2.286941161917664772e-05
7.296000000000000000e+03 2.234622887435052166e-05
7.298000000000000000e+03 2.179060410965029068e-05
7.300000000000000000e+03 2.131386964882790630e-05
7.302000000000000000e+03 2.087136772279865656e-05
7.304000000000000000e+03 2.032974787482483154e-05
7.306000000000000000e+03 1.985568268478930318e-05
7.308000000000000000e+03 1.947114678233874912e-05
7.310000000000000000e+03 1.907624307441236589e-05
7.312000000000000000e+03 1.866008056681894056e-05
7.314000000000000000e+03 1.821152498579127821e-05
7.316000000000000000e+03 1.779691136098235783e-05
7.318000000000000000e+03 1.741614378641641517e-05
7.320000000000000000e+03 1.699199537941624086e-05
7.322000000000000000e+03 1.662357284452508729e-05
7.324000000000000000e+03 1.631082099932394967e-05
7.326000000000000000e+03 1.600962900342129075e-05
7.328000000000000000e+03 1.569801082601755008e-05
7.330000000000000000e+03 1.536502909297940845e-05
7.332000000000000000e+03 1.499989885301124957e-05
7.334000000000000000e+03 1.466827788346595891e-05
7.336000000000000000e+03 1.440288106950084765e-05
