6.540000000000000000e+03 1.032505100270904320e-05
6.550000000000000000e+03 1.148236384099558524e-05
6.560000000000000000e+03 1.291629862964378941e-05
6.570000000000000000e+03 1.455668829004711831e-05
6.580000000000000000e+03 1.634270814898441888e-05
6.590000000000000000e+03 1.809080135141251182e-05
6.600000000000000000e+03 2.075784942398449024e-05
6.610000000000000000e+03 2.294549341765796682e-05
6.620000000000000000e+03 2.583371613675375744e-05
6.630000000000000000e+03 2.922246002784795039e-05
6.640000000000000000e+03 3.328553524141736054e-05
6.650000000000000000e+03 3.747828871513088670e-05
6.660000000000000000e+03 4.239108853693544083e-05
6.670000000000000000e+03 4.800706682939651191e-05
6.680000000000000000e+03 5.479855181849975482e-05
6.690000000000000000e+03 6.171359847679395766e-05
6.700000000000000000e+03 7.153864142058295316e-05
6.710000000000000000e+03 8.119454828889939883e-05
6.720000000000000000e+03 9.461100654508907532e-05
6.730000000000000000e+03 1.083384819018287903e-04
6.740000000000000000e+03 1.269903271518383096e-04
6.750000000000000000e+03 1.464157140759592243e-04
6.760000000000000000e+03 1.725553785574821723e-04
6.770000000000000000e+03 2.016054715466052485e-04
6.780000000000000000e+03 2.402223088444978868e-04
6.790000000000000000e+03 2.829805921760708792e-04
6.800000000000000000e+03 3.396610001047590827e-04
6.810000000000000000e+03 4.029918245531385001e-04
6.820000000000000000e+03 4.895152847061045491e-04
6.830000000000000000e+03 5.821946552504978119e-04
6.840000000000000000e+03 7.177728623044808427e-04
6.850000000000000000e+03 8.574554801342455356e-04
6.860000000000000000e+03 1.060942038436870054e-03
6.870000000000000000e+03 1.275557358965706848e-03
6.880000000000000000e+03 1.583133275580226413e-03
6.890000000000000000e+03 1.888884712463542335e-03
6.900000000000000000e+03 2.071870699493110098e-03
6.910000000000000000e+03 2.554687373826471878e-03
6.920000000000000000e+03 3.172419990633636427e-03
6.930000000000000000e+03 3.890608962476292069e-03
6.940000000000000000e+03 4.782028815927035804e-03
6.950000000000000000e+03 5.820702968433388684e-03
6.960000000000000000e+03 7.094845052385773468e-03
6.970000000000000000e+03 8.547129853838207267e-03
6.980000000000000000e+03 1.030598232703803033e-02
6.990000000000000000e+03 1.226600721244505525e-02
7.000000000000000000e+03 1.458211009622265540e-02
7.010000000000000000e+03 1.709094515944239306e-02
7.020000000000000000e+03 1.995734401219610710e-02
7.030000000000000000e+03 2.301751117474990296e-02
7.040000000000000000e+03 2.639096497874725278e-02
7.050000000000000000e+03 2.990119125018477278e-02
7.060000000000000000e+03 3.366873974217898802e-02
7.070000000000000000e+03 3.741173831643519049e-02
7.080000000000000000e+03 4.154982788991037207e-02
7.090000000000000000e+03 4.540894223286039838e-02
7.100000000000000000e+03 4.957603482087995922e-02
7.110000000000000000e+03 5.335967984321048768e-02
7.120000000000000000e+03 5.740007525961699636e-02
7.130000000000000000e+03 6.100271942808601494e-02
7.140000000000000000e+03 6.467624902632963801e-02
7.150000000000000000e+03 6.789383593802587880e-02
7.160000000000000000e+03 7.125423712993503300e-02
7.170000000000000000e+03 7.408698023340039296e-02
7.180000000000000000e+03 7.698463588944139124e-02
7.190000000000000000e+03 7.933838264334119872e-02
7.200000000000000000e+03 8.174937575980727178e-02
7.210000000000000000e+03 8.368439099959676386e-02
7.220000000000000000e+03 8.567736513324053504e-02
7.230000000000000000e+03 8.727223683376079955e-02
7.240000000000000000e+03 8.886892131302401299e-02
7.250000000000000000e+03 9.004165169950274772e-02
7.260000000000000000e+03 9.136573850840974675e-02
7.270000000000000000e+03 9.238990466290356030e-02
7.280000000000000000e+03 9.337209914728722415e-02
7.290000000000000000e+03 9.404640012228812629e-02
7.300000000000000000e+03 9.477934169294226219e-02
7.310000000000000000e+03 9.530914630631326379e-02
7.320000000000000000e+03 9.585578826496957139e-02
7.330000000000000000e+03 9.623163986504830458e-02
7.340000000000000000e+03 9.659363086405818588e-02
7.350000000000000000e+03 9.677021335110476408e-02
7.360000000000000000e+03 9.703670792332128037e-02
7.370000000000000000e+03 9.717564727523164692e-02
7.380000000000000000e+03 9.721384351408209057e-02
7.390000000000000000e+03 9.720026511257826018e-02
7.400000000000000000e+03 9.723556443474100364e-02
7.410000000000000000e+03 9.706564435943071389e-02
7.420000000000000000e+03 9.698349616589456434e-02
7.430000000000000000e+03 9.686165981685260218e-02
7.440000000000000000e+03 9.658966428612830724e-02
7.450000000000000000e+03 9.632450579763425502e-02
7.460000000000000000e+03 9.611221696807424608e-02
7.470000000000000000e+03 9.580936280783736159e-02
7.480000000000000000e+03 9.539765805228876683e-02
7.490000000000000000e+03 9.507595858592839122e-02
7.500000000000000000e+03 9.474773235396632964e-02
7.510000000000000000e+03 9.437279203225841517e-02
7.520000000000000000e+03 9.400825471636901909e-02
7.530000000000000000e+03 9.348911503168201576e-02
7.540000000000000000e+03 9.306843770455504317e-02
7.550000000000000000e+03 9.268692242903835143e-02
7.560000000000000000e+03 9.224886355468284171e-02
7.570000000000000000e+03 9.172623791916796610e-02
7.580000000000000000e+03 9.121515660629495037e-02
7.590000000000000000e+03 9.071548066873227900e-02
7.600000000000000000e+03 9.018947840891822221e-02
7.610000000000000000e+03 8.978668381727840375e-02
7.620000000000000000e+03 8.934763272702643533e-02
7.630000000000000000e+03 8.878061405420585583e-02
7.640000000000000000e+03 8.828971012907597948e-02
7.650000000000000000e+03 8.791035792064852417e-02
7.660000000000000000e+03 8.741340345892485708e-02
7.670000000000000000e+03 8.688216771904704039e-02
7.680000000000000000e+03 8.642521326556867889e-02
7.690000000000000000e+03 8.601468237007406370e-02
7.700000000000000000e+03 8.556961477012706152e-02
7.710000000000000000e+03 8.514375640857083094e-02
7.720000000000000000e+03 8.471923107512478734e-02
7.730000000000000000e+03 8.433119351850766610e-02
7.740000000000000000e+03 8.393522761894635364e-02
7.750000000000000000e+03 8.350569545448681408e-02
7.760000000000000000e+03 8.314676217919067525e-02
7.770000000000000000e+03 8.282317657131851862e-02
7.780000000000000000e+03 8.247414056201092525e-02
7.790000000000000000e+03 8.209169333855853568e-02
7.800000000000000000e+03 8.175265492475994322e-02
7.810000000000000000e+03 8.139736689958139426e-02
7.820000000000000000e+03 8.115209896203111339e-02
7.830000000000000000e+03 8.078947332882460697e-02
7.840000000000000000e+03 8.049425848779727388e-02
7.850000000000000000e+03 8.020767660548316913e-02
7.860000000000000000e+03 7.999532345084581220e-02
7.870000000000000000e+03 7.964295229064495552e-02
7.880000000000000000e+03 7.934035656579591089e-02
7.890000000000000000e+03 7.912759112847525533e-02
7.900000000000000000e+03 7.880100195666965568e-02
7.910000000000000000e+03 7.850725414137049718e-02
7.920000000000000000e+03 7.823783761147455607e-02
7.930000000000000000e+03 7.795246853179148283e-02
7.940000000000000000e+03 7.762784841923932311e-02
7.950000000000000000e+03 7.742210763940041152e-02
7.960000000000000000e+03 7.716102300580245099e-02
7.970000000000000000e+03 7.682976899029839157e-02
7.980000000000000000e+03 7.651473042980082295e-02
7.990000000000000000e+03 7.626998215795552372e-02
8.000000000000000000e+03 7.596364604162771095e-02
8.010000000000000000e+03 7.548717441077673618e-02
8.020000000000000000e+03 7.503410138599733714e-02
8.030000000000000000e+03 7.452130031432491197e-02
8.040000000000000000e+03 7.402463569250572473e-02
8.050000000000000000e+03 7.344757327898863986e-02
8.060000000000000000e+03 7.301235497670688357e-02
8.070000000000000000e+03 7.240954085008648178e-02
8.080000000000000000e+03 7.196865872278047915e-02
8.090000000000000000e+03 7.136999327284070105e-02
8.100000000000000000e+03 7.088093211756538170e-02
8.110000000000000000e+03 7.026554681984364947e-02
8.120000000000000000e+03 6.970231976338822633e-02
8.130000000000000000e+03 6.915523714107371656e-02
8.140000000000000000e+03 6.854098043787473782e-02
8.150000000000000000e+03 6.801903198855556443e-02
8.160000000000000000e+03 6.740338777487758781e-02
8.170000000000000000e+03 6.687200956047011091e-02
8.180000000000000000e+03 6.624868623225541042e-02
8.190000000000000000e+03 6.557550578670151564e-02
8.200000000000000000e+03 6.509125210869021183e-02
8.210000000000000000e+03 6.449040667916133840e-02
8.220000000000000000e+03 6.393167132514733508e-02
8.230000000000000000e+03 6.334963381404581928e-02
8.240000000000000000e+03 6.273859523857380771e-02
8.250000000000000000e+03 6.219430202021084680e-02
8.260000000000000000e+03 6.163353220040649477e-02
8.270000000000000000e+03 6.108790877048946716e-02
8.280000000000000000e+03 6.058806476014716447e-02
8.290000000000000000e+03 6.000408038814507988e-02
8.300000000000000000e+03 5.958749148355323849e-02
8.310000000000000000e+03 5.907483944239064894e-02
8.320000000000000000e+03 5.865395506413170756e-02
8.330000000000000000e+03 5.810307942725097957e-02
8.340000000000000000e+03 5.764322985332350630e-02
8.350000000000000000e+03 5.715542270951452786e-02
8.360000000000000000e+03 5.702271041747983271e-02
8.370000000000000000e+03 5.681254297530171499e-02
8.380000000000000000e+03 5.672193765338033600e-02
8.390000000000000000e+03 5.653108328951166051e-02
8.400000000000000000e+03 5.646449793030138692e-02
8.410000000000000000e+03 5.628668762359728683e-02
8.420000000000000000e+03 5.609555918364034915e-02
8.430000000000000000e+03 5.603289943108970272e-02
8.440000000000000000e+03 5.580367011684980033e-02
8.450000000000000000e+03 5.566279435859786129e-02
8.460000000000000000e+03 5.544675387030835456e-02
8.470000000000000000e+03 5.517874434755324492e-02
8.480000000000000000e+03 5.499274697069499868e-02
8.490000000000000000e+03 5.468846650255475977e-02
8.500000000000000000e+03 5.440510628514214075e-02
8.510000000000000000e+03 5.405788286132633819e-02
8.520000000000000000e+03 5.367154382524762235e-02
8.530000000000000000e+03 5.324114629678957517e-02
8.540000000000000000e+03 5.271313789724144105e-02
8.550000000000000000e+03 5.222365584326954524e-02
8.560000000000000000e+03 5.161658688780838139e-02
8.570000000000000000e+03 5.101644206894791894e-02
8.580000000000000000e+03 5.039131353127308116e-02
8.590000000000000000e+03 4.964110186264702324e-02
8.600000000000000000e+03 4.888348410905398594e-02
8.610000000000000000e+03 4.817635038963517802e-02
8.620000000000000000e+03 4.734697414980187924e-02
8.630000000000000000e+03 4.653734091301878900e-02
8.640000000000000000e+03 4.566990384102978529e-02
8.650000000000000000e+03 4.479186943735005699e-02
8.660000000000000000e+03 4.395154408578780258e-02
8.670000000000000000e+03 4.304005167475172949e-02
8.680000000000000000e+03 4.212943662498862957e-02
8.690000000000000000e+03 4.129008810179218142e-02
8.700000000000000000e+03 4.044610130519248753e-02
8.710000000000000000e+03 3.948359347330070851e-02
8.720000000000000000e+03 3.878958827001644655e-02
8.730000000000000000e+03 3.795738361850109488e-02
8.740000000000000000e+03 3.729671926221129336e-02
8.750000000000000000e+03 3.661565781448469781e-02
8.760000000000000000e+03 3.598695630497959069e-02
8.770000000000000000e+03 3.545281005645965766e-02
8.780000000000000000e+03 3.490693478562461455e-02
8.790000000000000000e+03 3.448668087836618407e-02
8.800000000000000000e+03 3.410989563409692893e-02
8.810000000000000000e+03 3.378509162894026419e-02
8.820000000000000000e+03 3.357616084364710429e-02
8.830000000000000000e+03 3.342095624876376819e-02
8.840000000000000000e+03 3.330003601131350383e-02
8.850000000000000000e+03 3.334889809327062915e-02
8.860000000000000000e+03 3.332040705598011271e-02
8.870000000000000000e+03 3.343992222933180047e-02
8.880000000000000000e+03 3.353969850307524092e-02
8.890000000000000000e+03 3.375236116795599789e-02
8.900000000000000000e+03 3.390000287283385927e-02
8.910000000000000000e+03 3.409691216970640176e-02
8.920000000000000000e+03 3.414319923121519884e-02
8.930000000000000000e+03 3.425194874940070550e-02
8.940000000000000000e+03 3.406873191913793730e-02
8.950000000000000000e+03 3.381104983411822862e-02
8.960000000000000000e+03 3.321944454435451360e-02
8.970000000000000000e+03 3.227896585597674062e-02
8.980000000000000000e+03 3.109311630983535926e-02
8.990000000000000000e+03 2.943176412589517191e-02
9.000000000000000000e+03 2.756647172836780221e-02
9.010000000000000000e+03 2.528836142201890819e-02
9.020000000000000000e+03 2.304632513246993378e-02
9.030000000000000000e+03 2.054444892392112698e-02
9.040000000000000000e+03 1.822480583583680966e-02
9.050000000000000000e+03 1.583557560932150748e-02
9.060000000000000000e+03 1.376849012807730005e-02
9.070000000000000000e+03 1.173025088527093057e-02
9.080000000000000000e+03 1.005030200019598960e-02
9.090000000000000000e+03 8.469048041041668182e-03
9.100000000000000000e+03 7.163111988252581983e-03
9.110000000000000000e+03 5.963904304673937028e-03
9.120000000000000000e+03 5.015129545623019103e-03
9.130000000000000000e+03 4.129822261727769672e-03
9.140000000000000000e+03 3.447055114999495254e-03
9.150000000000000000e+03 2.816570548897969622e-03
9.160000000000000000e+03 2.328177208307177781e-03
9.170000000000000000e+03 2.180982556517166264e-03
9.180000000000000000e+03 2.036179893745199317e-03
9.190000000000000000e+03 1.893786419713312883e-03
9.200000000000000000e+03 1.753818945834563752e-03
9.210000000000000000e+03 1.616298319525092753e-03
9.220000000000000000e+03 1.481241229298307016e-03
9.230000000000000000e+03 1.348665762951472375e-03
9.240000000000000000e+03 1.218589983489000699e-03
9.250000000000000000e+03 1.091033188553929782e-03
9.260000000000000000e+03 9.658616961145637114e-04
9.270000000000000000e+03 8.432835029004645544e-04
9.280000000000000000e+03 7.233167514704530281e-04
9.290000000000000000e+03 6.351668304142099944e-04
9.300000000000000000e+03 5.669581486534788512e-04
9.310000000000000000e+03 5.005293582868537358e-04
9.320000000000000000e+03 4.490517788204239041e-04
9.330000000000000000e+03 3.981410194886038953e-04
9.340000000000000000e+03 3.578066181879226279e-04
9.350000000000000000e+03 3.186752633410365118e-04
9.360000000000000000e+03 2.871219205714963018e-04
9.370000000000000000e+03 2.565276344447443456e-04
9.380000000000000000e+03 2.313641710487515408e-04
9.390000000000000000e+03 2.073398289321302815e-04
9.400000000000000000e+03 1.882839732993231354e-04
9.410000000000000000e+03 1.687936582683576101e-04
9.420000000000000000e+03 1.532304945428025647e-04
9.430000000000000000e+03 1.386120799631472761e-04
9.440000000000000000e+03 1.259232675721081406e-04
9.450000000000000000e+03 1.144615952011623781e-04
9.460000000000000000e+03 1.041369883748745052e-04
9.470000000000000000e+03 9.479207000001493616e-05
9.480000000000000000e+03 8.652997189849366208e-05
9.490000000000000000e+03 7.869869819455575701e-05
9.500000000000000000e+03 7.166556863994616444e-05
9.510000000000000000e+03 6.590899272516328349e-05
9.520000000000000000e+03 6.057320740959993628e-05
9.530000000000000000e+03 5.528457596492337316e-05
9.540000000000000000e+03 5.123749870168714163e-05
9.550000000000000000e+03 4.677591254888989946e-05
9.560000000000000000e+03 4.319964623040859251e-05
9.570000000000000000e+03 3.965445556085715512e-05
9.580000000000000000e+03 3.690853082212608183e-05
9.590000000000000000e+03 3.374912667062598585e-05
9.600000000000000000e+03 3.145383094285899992e-05
9.610000000000000000e+03 2.878754636233688737e-05
9.620000000000000000e+03 2.683766509951121938e-05
9.630000000000000000e+03 2.477613848119317855e-05
9.640000000000000000e+03 2.319729824418526368e-05
9.650000000000000000e+03 2.138052793099051100e-05
9.660000000000000000e+03 1.973478334112443671e-05
9.670000000000000000e+03 1.835446346323321899e-05
9.680000000000000000e+03 1.721088689396089666e-05
9.690000000000000000e+03 1.592454536709592022e-05
9.700000000000000000e+03 1.494616865596180639e-05
9.710000000000000000e+03 1.385867567784819565e-05
9.720000000000000000e+03 1.305893851100747090e-05
9.730000000000000000e+03 1.222536686376317293e-05
9.740000000000000000e+03 1.134207478215208011e-05
9.750000000000000000e+03 1.057924478946838214e-05
9.760000000000000000e+03 9.973719464522454360e-06
