2.921000000000000000e+03 9.951403968688026354e-06
2.922000000000000000e+03 1.127721708294795875e-05
2.923000000000000000e+03 1.260381601906108729e-05
2.924000000000000000e+03 1.393145933670291985e-05
2.925000000000000000e+03 1.525997464703832617e-05
2.926000000000000000e+03 1.658955327149971720e-05
2.927000000000000000e+03 1.792023048011440577e-05
2.928000000000000000e+03 1.925163162177139447e-05
2.929000000000000000e+03 2.058406400936320708e-05
2.930000000000000000e+03 2.191760440938001817e-05
2.931000000000000000e+03 2.325056920472694770e-05
2.932000000000000000e+03 2.458442186004412760e-05
2.933000000000000000e+03 2.591899634718847068e-05
2.934000000000000000e+03 2.725447038966549913e-05
2.935000000000000000e+03 2.859065994037150068e-05
2.936000000000000000e+03 2.992775279603705459e-05
2.937000000000000000e+03 3.126544525080711666e-05
2.938000000000000000e+03 3.260448563282321576e-05
2.939000000000000000e+03 3.394367821720549022e-05
2.940000000000000000e+03 3.528389066020084575e-05
2.941000000000000000e+03 3.662530795697086693e-05
2.942000000000000000e+03 3.796717790783712103e-05
2.943000000000000000e+03 3.931024852073261317e-05
2.944000000000000000e+03 4.065400594975319628e-05
2.945000000000000000e+03 4.199845688526024969e-05
2.946000000000000000e+03 4.334371487010300227e-05
2.947000000000000000e+03 4.468994922086879566e-05
2.948000000000000000e+03 4.603668598196889887e-05
2.949000000000000000e+03 4.738455629616564592e-05
2.950000000000000000e+03 4.873324662613467815e-05
2.951000000000000000e+03 5.008407482921246434e-05
2.952000000000000000e+03 5.143614335942081086e-05
2.953000000000000000e+03 5.278876157642786059e-05
2.954000000000000000e+03 5.414246468914699550e-05
2.955000000000000000e+03 5.549670131230557708e-05
2.956000000000000000e+03 5.685201259419903687e-05
2.957000000000000000e+03 5.820820268350958602e-05
2.958000000000000000e+03 5.956571656878041675e-05
2.959000000000000000e+03 6.092351307243029819e-05
2.960000000000000000e+03 6.228283087006681034e-05
2.961000000000000000e+03 6.075914250407550105e-05
2.962000000000000000e+03 5.923493480117722351e-05
2.963000000000000000e+03 5.770958938202093647e-05
2.964000000000000000e+03 5.618349707837902841e-05
2.965000000000000000e+03 5.465628307448245374e-05
2.966000000000000000e+03 5.312831186242376050e-05
2.967000000000000000e+03 5.159921862671673826e-05
2.968000000000000000e+03 5.006936844446295250e-05
2.969000000000000000e+03 4.853841647667833469e-05
2.970000000000000000e+03 4.700652756909139656e-05
2.971000000000000000e+03 4.547672215868972328e-05
2.972000000000000000e+03 4.394578563706527804e-05
2.973000000000000000e+03 4.241356961496325185e-05
2.974000000000000000e+03 4.088063416357106360e-05
2.975000000000000000e+03 3.934614675612697096e-05
2.976000000000000000e+03 3.781104422447358510e-05
2.977000000000000000e+03 3.627427968606007701e-05
2.978000000000000000e+03 3.473663024353432970e-05
2.979000000000000000e+03 3.319771388504594062e-05
2.980000000000000000e+03 3.165766321729405683e-05
2.981000000000000000e+03 3.011329304600178611e-05
2.982000000000000000e+03 2.856829790002972592e-05
2.983000000000000000e+03 2.702238188785979168e-05
2.984000000000000000e+03 2.547572956330581073e-05
2.985000000000000000e+03 2.392816625806797702e-05
2.986000000000000000e+03 2.237977601263915436e-05
2.987000000000000000e+03 2.083056595710830179e-05
2.988000000000000000e+03 1.928059486085605394e-05
2.989000000000000000e+03 1.772973378958827488e-05
2.990000000000000000e+03 1.617805248303427250e-05
2.991000000000000000e+03 1.462688317878484067e-05
2.992000000000000000e+03 1.307456704869528704e-05
2.993000000000000000e+03 1.152119159877952456e-05
2.994000000000000000e+03 9.966645169163609766e-06
3.368000000000000000e+03 9.806407238623581456e-06
3.369000000000000000e+03 1.092264440888682527e-05
3.370000000000000000e+03 1.203981682844718931e-05
3.371000000000000000e+03 1.315775355764384036e-05
3.372000000000000000e+03 1.427664009158797097e-05
3.373000000000000000e+03 1.539634886317417474e-05
3.374000000000000000e+03 1.651700612261886554e-05
3.375000000000000000e+03 1.763867306744589341e-05
3.376000000000000000e+03 1.876109549681057538e-05
3.377000000000000000e+03 1.988453232274395760e-05
3.378000000000000000e+03 2.100876316904133525e-05
3.379000000000000000e+03 2.213395494299669731e-05
3.380000000000000000e+03 2.326012077034778075e-05
3.381000000000000000e+03 3.661605668901997716e-05
3.382000000000000000e+03 4.998379619392125757e-05
3.383000000000000000e+03 6.336377858058358657e-05
3.384000000000000000e+03 7.675556836331678490e-05
3.385000000000000000e+03 9.015904214869385237e-05
3.386000000000000000e+03 1.519633449941666388e-04
3.387000000000000000e+03 2.138214322776554551e-04
3.388000000000000000e+03 2.757351174705029856e-04
3.389000000000000000e+03 3.377041045050664160e-04
3.390000000000000000e+03 3.997281881072165086e-04
3.391000000000000000e+03 8.589473951156464601e-04
3.392000000000000000e+03 1.318576477266001799e-03
3.393000000000000000e+03 1.778608140015935793e-03
3.394000000000000000e+03 2.239044444415630095e-03
3.395000000000000000e+03 2.699886100204755817e-03
3.396000000000000000e+03 6.805165297728742874e-03
3.397000000000000000e+03 1.091409568700411198e-02
3.398000000000000000e+03 1.502661865148305353e-02
3.399000000000000000e+03 1.914270041322306201e-02
3.400000000000000000e+03 2.326257145068725760e-02
3.401000000000000000e+03 3.096063748645927829e-02
3.402000000000000000e+03 3.866453750524310312e-02
3.403000000000000000e+03 4.637425929358072324e-02
3.404000000000000000e+03 5.408996372270580277e-02
3.405000000000000000e+03 6.181118763651705095e-02
3.406000000000000000e+03 6.704904028500462132e-02
3.407000000000000000e+03 7.229046044162801277e-02
3.408000000000000000e+03 7.753600390389360497e-02
3.409000000000000000e+03 8.278573385225516945e-02
3.410000000000000000e+03 8.803892900793972021e-02
3.411000000000000000e+03 8.818908333517933018e-02
3.412000000000000000e+03 8.833906120594234301e-02
3.413000000000000000e+03 8.848889148548552686e-02
3.414000000000000000e+03 8.863906006047662933e-02
3.415000000000000000e+03 8.878932791785366929e-02
3.416000000000000000e+03 8.963182809145041341e-02
3.417000000000000000e+03 9.047470918846357846e-02
3.418000000000000000e+03 9.131797946099266816e-02
3.419000000000000000e+03 9.216214511865192249e-02
3.420000000000000000e+03 9.300696986646210529e-02
3.421000000000000000e+03 9.363771049564637017e-02
3.422000000000000000e+03 9.426897336074198386e-02
3.423000000000000000e+03 9.490102221258089887e-02
3.424000000000000000e+03 9.553306605213250646e-02
3.425000000000000000e+03 9.616590409587945365e-02
3.426000000000000000e+03 9.639269753725325518e-02
3.427000000000000000e+03 9.661910500962760107e-02
3.428000000000000000e+03 9.684620570143406826e-02
3.429000000000000000e+03 9.707322807039156509e-02
3.430000000000000000e+03 9.730039947168890591e-02
3.431000000000000000e+03 9.694219048149520235e-02
3.432000000000000000e+03 9.658308063909132324e-02
3.433000000000000000e+03 9.622446502878749530e-02
3.434000000000000000e+03 9.586524038351099120e-02
3.435000000000000000e+03 9.550567420149234932e-02
3.436000000000000000e+03 9.551820997581500494e-02
3.437000000000000000e+03 9.553071663866495589e-02
3.438000000000000000e+03 9.554348211632868182e-02
3.439000000000000000e+03 9.555594648581970663e-02
3.440000000000000000e+03 9.556840572881698803e-02
3.441000000000000000e+03 9.497149997280086853e-02
3.442000000000000000e+03 9.437384651337349384e-02
3.443000000000000000e+03 9.377592785466046243e-02
3.444000000000000000e+03 9.317748208632103957e-02
3.445000000000000000e+03 9.257853252820374967e-02
3.446000000000000000e+03 9.124810996553821274e-02
3.447000000000000000e+03 8.991658613517571064e-02
3.448000000000000000e+03 8.858392336604958839e-02
3.449000000000000000e+03 8.725016626651276030e-02
3.450000000000000000e+03 8.591525648788740643e-02
3.451000000000000000e+03 8.640447039655217709e-02
3.452000000000000000e+03 8.689403684978123932e-02
3.453000000000000000e+03 8.738421754858079205e-02
3.454000000000000000e+03 8.787449743542544156e-02
3.455000000000000000e+03 8.836463725715748563e-02
3.456000000000000000e+03 8.635090268081792308e-02
3.457000000000000000e+03 8.433553946526030354e-02
3.458000000000000000e+03 8.231856913052834623e-02
3.459000000000000000e+03 8.029997114827387705e-02
3.460000000000000000e+03 7.827955160435454141e-02
3.461000000000000000e+03 7.100768935092431622e-02
3.462000000000000000e+03 6.372937142209399164e-02
3.463000000000000000e+03 5.644459038697887537e-02
3.464000000000000000e+03 4.915334123858500909e-02
3.465000000000000000e+03 4.185563526428733028e-02
3.466000000000000000e+03 3.653724078817725124e-02
3.467000000000000000e+03 3.121414059044281750e-02
3.468000000000000000e+03 2.588632277208146454e-02
3.469000000000000000e+03 2.055379440493970700e-02
3.470000000000000000e+03 1.521655096720716561e-02
3.471000000000000000e+03 1.296212388496778035e-02
3.472000000000000000e+03 1.070600810301290499e-02
3.473000000000000000e+03 8.448236507297578538e-03
3.474000000000000000e+03 6.188663515595907612e-03
3.475000000000000000e+03 3.927339164321560876e-03
3.476000000000000000e+03 3.308176064760456458e-03
3.477000000000000000e+03 2.688524400459864350e-03
3.478000000000000000e+03 2.068390389463195447e-03
3.479000000000000000e+03 1.447790525473349093e-03
3.480000000000000000e+03 8.267060455918861378e-04
3.481000000000000000e+03 6.972818645693589293e-04
3.482000000000000000e+03 5.677511004681233152e-04
3.483000000000000000e+03 4.381170553814806717e-04
3.484000000000000000e+03 3.083841575889558623e-04
3.485000000000000000e+03 1.785472175921807203e-04
3.486000000000000000e+03 1.551042833537755942e-04
3.487000000000000000e+03 1.316436089208934711e-04
3.488000000000000000e+03 1.081635974220389237e-04
3.489000000000000000e+03 8.466537811039451960e-05
3.490000000000000000e+03 6.114871671976816118e-05
3.491000000000000000e+03 5.369279424803199475e-05
3.492000000000000000e+03 4.623055151581142324e-05
3.493000000000000000e+03 3.876197643945668525e-05
3.494000000000000000e+03 3.128725143246346621e-05
3.495000000000000000e+03 2.380604976214740099e-05
3.496000000000000000e+03 2.249886377268254438e-05
3.497000000000000000e+03 2.119067945549374561e-05
3.498000000000000000e+03 1.988131790087315528e-05
3.499000000000000000e+03 1.857078781051478488e-05
3.500000000000000000e+03 1.725914346812603277e-05
3.501000000000000000e+03 1.594674891449960154e-05
3.502000000000000000e+03 1.463310407700356007e-05
3.503000000000000000e+03 1.331841188104180917e-05
3.504000000000000000e+03 1.200247409624943078e-05
3.505000000000000000e+03 1.068537197998151076e-05
