3.520000000000000000e+03 1.249632050163728794e-05
3.530000000000000000e+03 2.697302988466973150e-05
3.540000000000000000e+03 5.446546130084069411e-05
3.550000000000000000e+03 1.034650914002249261e-04
3.560000000000000000e+03 1.846673334635405117e-04
3.570000000000000000e+03 3.095058696365385743e-04
3.580000000000000000e+03 4.883994539998982604e-04
3.590000000000000000e+03 7.207102089322119749e-04
3.600000000000000000e+03 9.452156722597350848e-04
3.610000000000000000e+03 1.063307925488052611e-03
3.620000000000000000e+03 1.182633949109496499e-03
3.630000000000000000e+03 1.303310131018228834e-03
3.640000000000000000e+03 1.425235405283995773e-03
3.642000000000000000e+03 1.515689792797066679e-03
3.644000000000000000e+03 1.613911913146081527e-03
3.646000000000000000e+03 1.713162031670775439e-03
3.648000000000000000e+03 1.810801645415312461e-03
3.650000000000000000e+03 1.912883093691771993e-03
3.652000000000000000e+03 2.017174661188334168e-03
3.654000000000000000e+03 2.123186498463881279e-03
3.656000000000000000e+03 2.232900973825379179e-03
3.658000000000000000e+03 2.360866068756481938e-03
3.660000000000000000e+03 2.491429009131160537e-03
3.662000000000000000e+03 2.624794702885753245e-03
3.664000000000000000e+03 2.764117908295012516e-03
3.666000000000000000e+03 2.907768950677507448e-03
3.668000000000000000e+03 3.061685269763989546e-03
3.670000000000000000e+03 3.213843507308378113e-03
3.672000000000000000e+03 3.368965213331256113e-03
3.674000000000000000e+03 3.533678362376975381e-03
3.676000000000000000e+03 3.703771135494405859e-03
3.678000000000000000e+03 3.871985543389098137e-03
3.680000000000000000e+03 4.046280868670440456e-03
3.682000000000000000e+03 4.236026648959285122e-03
3.684000000000000000e+03 4.427651168406202507e-03
3.686000000000000000e+03 4.617432642012437444e-03
3.688000000000000000e+03 4.809979930241883340e-03
3.690000000000000000e+03 5.016848638354237493e-03
3.692000000000000000e+03 5.228498249651347164e-03
3.694000000000000000e+03 5.444055414747369856e-03
3.696000000000000000e+03 5.665991146677750237e-03
3.698000000000000000e+03 5.889386382329861273e-03
3.700000000000000000e+03 6.111288388147134536e-03
3.702000000000000000e+03 6.336641002117317234e-03
3.704000000000000000e+03 6.568417116908597392e-03
3.706000000000000000e+03 6.803660613979164822e-03
3.708000000000000000e+03 7.039407911962026858e-03
3.710000000000000000e+03 7.282122730602139798e-03
3.712000000000000000e+03 7.520883696994499351e-03
3.714000000000000000e+03 7.757168196492796909e-03
3.716000000000000000e+03 7.988968550317797346e-03
3.718000000000000000e+03 8.235233586186878341e-03
3.720000000000000000e+03 8.490522228872282584e-03
3.722000000000000000e+03 8.727847663008492241e-03
3.724000000000000000e+03 8.971188969932337304e-03
3.726000000000000000e+03 9.212537186432724970e-03
3.728000000000000000e+03 9.452890683439279379e-03
3.730000000000000000e+03 9.694757791041766840e-03
3.732000000000000000e+03 9.937141015211410286e-03
3.734000000000000000e+03 1.018204979430209836e-02
3.736000000000000000e+03 1.043452943618826921e-02
3.738000000000000000e+03 1.067694243074602395e-02
3.740000000000000000e+03 1.091027563561875781e-02
3.742000000000000000e+03 1.115067578203327546e-02
3.744000000000000000e+03 1.137942970257705549e-02
3.746000000000000000e+03 1.161271817971704437e-02
3.748000000000000000e+03 1.184091343794599523e-02
3.750000000000000000e+03 1.206399774257439599e-02
3.752000000000000000e+03 1.228907937805107098e-02
3.754000000000000000e+03 1.251055095619599787e-02
3.756000000000000000e+03 1.273605579529444795e-02
3.758000000000000000e+03 1.296406212538529779e-02
3.760000000000000000e+03 1.318131153978987363e-02
3.762000000000000000e+03 1.340046879619703583e-02
3.764000000000000000e+03 1.361751326844836719e-02
3.766000000000000000e+03 1.383192888141644011e-02
3.768000000000000000e+03 1.403550522212425843e-02
3.770000000000000000e+03 1.424257939062392904e-02
3.772000000000000000e+03 1.446095513885232303e-02
3.774000000000000000e+03 1.468749119481126131e-02
3.776000000000000000e+03 1.490316104797126742e-02
3.778000000000000000e+03 1.511412306672254430e-02
3.780000000000000000e+03 1.533480109814484675e-02
3.782000000000000000e+03 1.555170424265246015e-02
3.784000000000000000e+03 1.575352795355763891e-02
3.786000000000000000e+03 1.596922207923512707e-02
3.788000000000000000e+03 1.619468236464437563e-02
3.790000000000000000e+03 1.641436880854087524e-02
3.792000000000000000e+03 1.663544387524877946e-02
3.794000000000000000e+03 1.685591651296772936e-02
3.796000000000000000e+03 1.707787737389645372e-02
3.798000000000000000e+03 1.730131934208096675e-02
3.800000000000000000e+03 1.752833950687127107e-02
3.802000000000000000e+03 1.777002280180432423e-02
3.804000000000000000e+03 1.801324114722336819e-02
3.806000000000000000e+03 1.824281878414804603e-02
3.808000000000000000e+03 1.845870628814845482e-02
3.810000000000000000e+03 1.869915420803152858e-02
3.812000000000000000e+03 1.894048255705143083e-02
3.814000000000000000e+03 1.918229598160259633e-02
3.816000000000000000e+03 1.941880180208018294e-02
3.818000000000000000e+03 1.966367527675251525e-02
3.820000000000000000e+03 1.992432265505293676e-02
3.822000000000000000e+03 2.019169182265782153e-02
3.824000000000000000e+03 2.046328751756862699e-02
3.826000000000000000e+03 2.073542214816147949e-02
3.828000000000000000e+03 2.098902957941106012e-02
3.830000000000000000e+03 2.125215126024879164e-02
3.832000000000000000e+03 2.152905211435355778e-02
3.834000000000000000e+03 2.180437068231331349e-02
3.836000000000000000e+03 2.208183088655121112e-02
3.838000000000000000e+03 2.235398120057505850e-02
3.840000000000000000e+03 2.262240683425441323e-02
3.842000000000000000e+03 2.290200006782561540e-02
3.844000000000000000e+03 2.318748368488369668e-02
3.846000000000000000e+03 2.348207524071521668e-02
3.848000000000000000e+03 2.377135980231116774e-02
3.850000000000000000e+03 2.404942714808731147e-02
3.852000000000000000e+03 2.434878784891346057e-02
3.854000000000000000e+03 2.465087131310994550e-02
3.856000000000000000e+03 2.494494533811306147e-02
3.858000000000000000e+03 2.524604874149694381e-02
3.860000000000000000e+03 2.556172708878201236e-02
3.862000000000000000e+03 2.586113845445632553e-02
3.864000000000000000e+03 2.615519605662935607e-02
3.866000000000000000e+03 2.645412664453364315e-02
3.868000000000000000e+03 2.674174178148819650e-02
3.870000000000000000e+03 2.702017521713418260e-02
3.872000000000000000e+03 2.730885251722953155e-02
3.874000000000000000e+03 2.761760167317580533e-02
3.876000000000000000e+03 2.791934031313146602e-02
3.878000000000000000e+03 2.819721345689047212e-02
3.880000000000000000e+03 2.847940135438152900e-02
3.882000000000000000e+03 2.876194266129723440e-02
3.884000000000000000e+03 2.905591769904174865e-02
3.886000000000000000e+03 2.932752961619830914e-02
3.888000000000000000e+03 2.960073796790003639e-02
3.890000000000000000e+03 2.988921773343610269e-02
3.892000000000000000e+03 3.015302266664812714e-02
3.894000000000000000e+03 3.042661851442789514e-02
3.896000000000000000e+03 3.070511223073782089e-02
3.898000000000000000e+03 3.095229386613622055e-02
3.900000000000000000e+03 3.120102485682814744e-02
3.902000000000000000e+03 3.146373587848948217e-02
3.904000000000000000e+03 3.173022638595622558e-02
3.906000000000000000e+03 3.199225733950783468e-02
3.908000000000000000e+03 3.221228177471698734e-02
3.910000000000000000e+03 3.242884165856211448e-02
3.912000000000000000e+03 3.266543598741642601e-02
3.914000000000000000e+03 3.288862899743909968e-02
3.916000000000000000e+03 3.307899631396011425e-02
3.918000000000000000e+03 3.329629143150211051e-02
3.920000000000000000e+03 3.354004959523336493e-02
3.922000000000000000e+03 3.376509597402423818e-02
3.924000000000000000e+03 3.397163767817760333e-02
3.926000000000000000e+03 3.416629105443749065e-02
3.928000000000000000e+03 3.433454232033503195e-02
3.930000000000000000e+03 3.453653474757148456e-02
3.932000000000000000e+03 3.473993668767843407e-02
3.934000000000000000e+03 3.492245271259477452e-02
3.936000000000000000e+03 3.508403088240515111e-02
3.938000000000000000e+03 3.525763779834331646e-02
3.940000000000000000e+03 3.544328809170217004e-02
3.942000000000000000e+03 3.562595821750243197e-02
3.944000000000000000e+03 3.580332484632893497e-02
3.946000000000000000e+03 3.594669597622561497e-02
3.948000000000000000e+03 3.607567468133789090e-02
3.950000000000000000e+03 3.624652068868342708e-02
3.952000000000000000e+03 3.642884088444356405e-02
3.954000000000000000e+03 3.658720226588362684e-02
3.956000000000000000e+03 3.672098202488435770e-02
3.958000000000000000e+03 3.683631722636674516e-02
3.960000000000000000e+03 3.697783888776276506e-02
3.962000000000000000e+03 3.714963847325943036e-02
3.964000000000000000e+03 3.728883685984346608e-02
3.966000000000000000e+03 3.740726540718608550e-02
3.968000000000000000e+03 3.755993901597069751e-02
3.970000000000000000e+03 3.771794918311766054e-02
3.972000000000000000e+03 3.784656535030161278e-02
3.974000000000000000e+03 3.794633481761317678e-02
3.976000000000000000e+03 3.807873105474218062e-02
3.978000000000000000e+03 3.822786179600009410e-02
3.980000000000000000e+03 3.838236498780947525e-02
3.982000000000000000e+03 3.852190956633122498e-02
3.984000000000000000e+03 3.866395435025916233e-02
3.986000000000000000e+03 3.879475915910885614e-02
3.988000000000000000e+03 3.891544664821426636e-02
3.990000000000000000e+03 3.904491349984496457e-02
3.992000000000000000e+03 3.918147803861082856e-02
3.994000000000000000e+03 3.932916513505566730e-02
3.996000000000000000e+03 3.948340146350743513e-02
3.998000000000000000e+03 3.964246680049661464e-02
4.000000000000000000e+03 3.979601741561397676e-02
4.002000000000000000e+03 3.991221465685893671e-02
4.004000000000000000e+03 4.002262784492219283e-02
4.006000000000000000e+03 4.010882062206726911e-02
4.008000000000000000e+03 4.020995466533559132e-02
4.010000000000000000e+03 4.032373642798411234e-02
4.012000000000000000e+03 4.043254364511475463e-02
4.014000000000000000e+03 4.052404230364640980e-02
4.016000000000000000e+03 4.060975264429168841e-02
4.018000000000000000e+03 4.073459279202303052e-02
4.020000000000000000e+03 4.086860606623846093e-02
4.022000000000000000e+03 4.097575739106199683e-02
4.024000000000000000e+03 4.106789164940377601e-02
4.026000000000000000e+03 4.117842572632113979e-02
4.028000000000000000e+03 4.129468001845789521e-02
4.030000000000000000e+03 4.140398740188314108e-02
4.032000000000000000e+03 4.149451616870934723e-02
4.034000000000000000e+03 4.163219026459166056e-02
4.036000000000000000e+03 4.177671116292505649e-02
4.038000000000000000e+03 4.187058960538742741e-02
4.040000000000000000e+03 4.198513580892988817e-02
4.042000000000000000e+03 4.213206463986499811e-02
4.044000000000000000e+03 4.227146644085181398e-02
4.046000000000000000e+03 4.238726622328463367e-02
4.048000000000000000e+03 4.247830532210985360e-02
4.050000000000000000e+03 4.255552531443137360e-02
4.052000000000000000e+03 4.267199606027785586e-02
4.054000000000000000e+03 4.281715373953404180e-02
4.056000000000000000e+03 4.296858540894120393e-02
4.058000000000000000e+03 4.309354136245328176e-02
4.060000000000000000e+03 4.318054528408520054e-02
4.062000000000000000e+03 4.327350049098960955e-02
4.064000000000000000e+03 4.339512001396410301e-02
4.066000000000000000e+03 4.351726696781918480e-02
4.068000000000000000e+03 4.363592097891914878e-02
4.070000000000000000e+03 4.374649813459135367e-02
4.072000000000000000e+03 4.385837455662985190e-02
4.074000000000000000e+03 4.398398866028018633e-02
4.076000000000000000e+03 4.409750429514434911e-02
4.078000000000000000e+03 4.418229725595950591e-02
4.080000000000000000e+03 4.425329141101008029e-02
4.082000000000000000e+03 4.433709723544398962e-02
4.084000000000000000e+03 4.444149871493303927e-02
4.086000000000000000e+03 4.457393524773245463e-02
4.088000000000000000e+03 4.470976297611149036e-02
4.090000000000000000e+03 4.478823795101593425e-02
4.092000000000000000e+03 4.485858377003848485e-02
4.094000000000000000e+03 4.494951528620603348e-02
4.096000000000000000e+03 4.504669634517263072e-02
4.098000000000000000e+03 4.511235473757586878e-02
4.100000000000000000e+03 4.518542185617958895e-02
4.102000000000000000e+03 4.525951922202708227e-02
4.104000000000000000e+03 4.532213974103228848e-02
4.106000000000000000e+03 4.539959740770866531e-02
4.108000000000000000e+03 4.547816161519747935e-02
4.110000000000000000e+03 4.553153369481094392e-02
4.112000000000000000e+03 4.561681535293661549e-02
4.114000000000000000e+03 4.571348727340588530e-02
4.116000000000000000e+03 4.577010725576721034e-02
4.118000000000000000e+03 4.581526097870005504e-02
4.120000000000000000e+03 4.584325546760781300e-02
4.122000000000000000e+03 4.587630134458212106e-02
4.124000000000000000e+03 4.592189170170635215e-02
4.126000000000000000e+03 4.595717755347141636e-02
4.128000000000000000e+03 4.598558060310585505e-02
4.130000000000000000e+03 4.604593285772476396e-02
4.132000000000000000e+03 4.610273105587483350e-02
4.134000000000000000e+03 4.613496432554947679e-02
4.136000000000000000e+03 4.614550122242262742e-02
4.138000000000000000e+03 4.614632592959177354e-02
4.140000000000000000e+03 4.617792301754668899e-02
4.142000000000000000e+03 4.622483552886221675e-02
4.144000000000000000e+03 4.621814133953664611e-02
4.146000000000000000e+03 4.622681293808528907e-02
4.148000000000000000e+03 4.626738237538972898e-02
4.150000000000000000e+03 4.629938286799419045e-02
4.152000000000000000e+03 4.630507947771473481e-02
4.154000000000000000e+03 4.628343802355395359e-02
4.156000000000000000e+03 4.626122047481446425e-02
4.158000000000000000e+03 4.624298496257305685e-02
4.160000000000000000e+03 4.625263139798138634e-02
4.162000000000000000e+03 4.626050378932603652e-02
4.164000000000000000e+03 4.625470788926980964e-02
4.166000000000000000e+03 4.625687268510136896e-02
4.168000000000000000e+03 4.625902567128129667e-02
4.170000000000000000e+03 4.625206694421211268e-02
4.172000000000000000e+03 4.625154893311986259e-02
4.174000000000000000e+03 4.623170836741571227e-02
4.176000000000000000e+03 4.619824092653006947e-02
4.178000000000000000e+03 4.618123377236418858e-02
4.180000000000000000e+03 4.619772420488893472e-02
4.182000000000000000e+03 4.616249011694567583e-02
4.184000000000000000e+03 4.613351825676502427e-02
4.186000000000000000e+03 4.613630720070651531e-02
4.188000000000000000e+03 4.612717601349512059e-02
4.190000000000000000e+03 4.611690620283863395e-02
4.192000000000000000e+03 4.611705779445189612e-02
4.194000000000000000e+03 4.610359858464638250e-02
4.196000000000000000e+03 4.610599319103100835e-02
4.198000000000000000e+03 4.607666299713758518e-02
4.200000000000000000e+03 4.602354808192477692e-02
4.202000000000000000e+03 4.603192874278424357e-02
4.204000000000000000e+03 4.604257458420585314e-02
4.206000000000000000e+03 4.608724244552693527e-02
4.208000000000000000e+03 4.615236539014670042e-02
4.210000000000000000e+03 4.616416885605967996e-02
4.212000000000000000e+03 4.616683162699636994e-02
4.214000000000000000e+03 4.620584231502876393e-02
4.216000000000000000e+03 4.623918301729220554e-02
4.218000000000000000e+03 4.625662728926700773e-02
4.220000000000000000e+03 4.626268931776477550e-02
4.222000000000000000e+03 4.630139985781042689e-02
4.224000000000000000e+03 4.634811683074402389e-02
4.226000000000000000e+03 4.638288756843512994e-02
4.228000000000000000e+03 4.643990748625775877e-02
4.230000000000000000e+03 4.648498973589412081e-02
4.232000000000000000e+03 4.648726388598430764e-02
4.234000000000000000e+03 4.651291743582188637e-02
4.236000000000000000e+03 4.657000491699633121e-02
4.238000000000000000e+03 4.662369429665690762e-02
4.240000000000000000e+03 4.666484761156647343e-02
4.242000000000000000e+03 4.671825930573145214e-02
4.244000000000000000e+03 4.675455024506050550e-02
4.246000000000000000e+03 4.679714790159363036e-02
4.248000000000000000e+03 4.685580972324253357e-02
4.250000000000000000e+03 4.691107164177647781e-02
4.252000000000000000e+03 4.698180901459286796e-02
4.254000000000000000e+03 4.705832014381501616e-02
4.256000000000000000e+03 4.711366514917636472e-02
4.258000000000000000e+03 4.717534798635098642e-02
4.260000000000000000e+03 4.723248940780196137e-02
4.262000000000000000e+03 4.732837741326940961e-02
4.264000000000000000e+03 4.742088038978534148e-02
4.266000000000000000e+03 4.750426056118537549e-02
4.268000000000000000e+03 4.759517949670979270e-02
4.270000000000000000e+03 4.763492728751071714e-02
4.272000000000000000e+03 4.771210536362657795e-02
4.274000000000000000e+03 4.782102558524851943e-02
4.276000000000000000e+03 4.791504344029020451e-02
4.278000000000000000e+03 4.799874660472420312e-02
4.280000000000000000e+03 4.808020634429688994e-02
4.282000000000000000e+03 4.816078632458885289e-02
4.284000000000000000e+03 4.825701694389383789e-02
4.286000000000000000e+03 4.834060220931049590e-02
4.288000000000000000e+03 4.844794691422567301e-02
4.290000000000000000e+03 4.854785896621012509e-02
4.292000000000000000e+03 4.866628053084947475e-02
4.294000000000000000e+03 4.880447994411120372e-02
4.296000000000000000e+03 4.890052187425580205e-02
4.298000000000000000e+03 4.898099742029484588e-02
4.300000000000000000e+03 4.909744339916945199e-02
4.302000000000000000e+03 4.921828943691770875e-02
4.304000000000000000e+03 4.931138958303654674e-02
4.306000000000000000e+03 4.940861569360252559e-02
4.308000000000000000e+03 4.951984224238017984e-02
4.310000000000000000e+03 4.960907772237391211e-02
4.312000000000000000e+03 4.970820790908986320e-02
4.314000000000000000e+03 4.982833943530991239e-02
4.316000000000000000e+03 4.994157823289666065e-02
4.318000000000000000e+03 5.004093468728395416e-02
4.320000000000000000e+03 5.013804179706721903e-02
4.322000000000000000e+03 5.023982779958299782e-02
4.324000000000000000e+03 5.036032283371742052e-02
4.326000000000000000e+03 5.044245372306200431e-02
4.328000000000000000e+03 5.052696038208556728e-02
4.330000000000000000e+03 5.063720099319511669e-02
4.332000000000000000e+03 5.074979479272943156e-02
4.334000000000000000e+03 5.085546521131133202e-02
4.336000000000000000e+03 5.094953393769331013e-02
4.338000000000000000e+03 5.102730429223912428e-02
4.340000000000000000e+03 5.111506993326379172e-02
4.342000000000000000e+03 5.123878551293512690e-02
4.344000000000000000e+03 5.133510685220329245e-02
4.346000000000000000e+03 5.142680809795951991e-02
4.348000000000000000e+03 5.155720696665876818e-02
4.350000000000000000e+03 5.165139728256436941e-02
4.352000000000000000e+03 5.171483506058884017e-02
4.354000000000000000e+03 5.180761320301978390e-02
4.356000000000000000e+03 5.190163082622219204e-02
4.358000000000000000e+03 5.195816718776984783e-02
4.360000000000000000e+03 5.201532491394016133e-02
4.362000000000000000e+03 5.210507263894786911e-02
4.364000000000000000e+03 5.218312821281036878e-02
4.366000000000000000e+03 5.221363674968492602e-02
4.368000000000000000e+03 5.227414412185537457e-02
4.370000000000000000e+03 5.234115401509979726e-02
4.372000000000000000e+03 5.238608748762987183e-02
4.374000000000000000e+03 5.242751181496684704e-02
4.376000000000000000e+03 5.248190528463841237e-02
4.378000000000000000e+03 5.248567800678883427e-02
4.380000000000000000e+03 5.249238368986724329e-02
4.382000000000000000e+03 5.251378886898998288e-02
4.384000000000000000e+03 5.256351076465411859e-02
4.386000000000000000e+03 5.257607976064646027e-02
4.388000000000000000e+03 5.260458909478223782e-02
4.390000000000000000e+03 5.262896439110085339e-02
4.392000000000000000e+03 5.263053671063466082e-02
4.394000000000000000e+03 5.260431877190256678e-02
4.396000000000000000e+03 5.260525750966690145e-02
4.398000000000000000e+03 5.259317563342383317e-02
4.400000000000000000e+03 5.259113018304730630e-02
4.402000000000000000e+03 5.259231885024079345e-02
4.404000000000000000e+03 5.257572901712932734e-02
4.406000000000000000e+03 5.253125981639068104e-02
4.408000000000000000e+03 5.253238665971363824e-02
4.410000000000000000e+03 5.252045069808938815e-02
4.412000000000000000e+03 5.248322050096317082e-02
4.414000000000000000e+03 5.245426579384419863e-02
4.416000000000000000e+03 5.244782181470286631e-02
4.418000000000000000e+03 5.241523238090477210e-02
4.420000000000000000e+03 5.237309926831270473e-02
4.422000000000000000e+03 5.234279395860504808e-02
4.424000000000000000e+03 5.230412604258639214e-02
4.426000000000000000e+03 5.222378362319371470e-02
4.428000000000000000e+03 5.214573913447715509e-02
4.430000000000000000e+03 5.210988339167380717e-02
4.432000000000000000e+03 5.207421635463675702e-02
4.434000000000000000e+03 5.200455227055260365e-02
4.436000000000000000e+03 5.192111970426946388e-02
4.438000000000000000e+03 5.185250881322259198e-02
4.440000000000000000e+03 5.180112854706050290e-02
4.442000000000000000e+03 5.175295643631821346e-02
4.444000000000000000e+03 5.168742912288354363e-02
4.446000000000000000e+03 5.165526607166047446e-02
4.448000000000000000e+03 5.161828780053360349e-02
4.450000000000000000e+03 5.153585474846445608e-02
4.452000000000000000e+03 5.144463444412451097e-02
4.454000000000000000e+03 5.137844525901123088e-02
4.456000000000000000e+03 5.129425036098200080e-02
4.458000000000000000e+03 5.123868844956435548e-02
4.460000000000000000e+03 5.120582786860606445e-02
4.462000000000000000e+03 5.114176847896785560e-02
4.464000000000000000e+03 5.105009123316195385e-02
4.466000000000000000e+03 5.096971857267954681e-02
4.468000000000000000e+03 5.089465385535602709e-02
4.470000000000000000e+03 5.083992118304279939e-02
4.472000000000000000e+03 5.079470509788953925e-02
4.474000000000000000e+03 5.077285945265396644e-02
4.476000000000000000e+03 5.072035362642920292e-02
4.478000000000000000e+03 5.066058469092572097e-02
4.480000000000000000e+03 5.061998516577543433e-02
4.482000000000000000e+03 5.057091827324389915e-02
4.484000000000000000e+03 5.052179032599075914e-02
4.486000000000000000e+03 5.049909054756993032e-02
4.488000000000000000e+03 5.045349829976369244e-02
4.490000000000000000e+03 5.039279342654082172e-02
4.492000000000000000e+03 5.036753473079075283e-02
4.494000000000000000e+03 5.034526595254786019e-02
4.496000000000000000e+03 5.030065747166583695e-02
4.498000000000000000e+03 5.026565146085867908e-02
4.500000000000000000e+03 5.022759170944676721e-02
4.502000000000000000e+03 5.024765282060777299e-02
4.504000000000000000e+03 5.031224710422001895e-02
4.506000000000000000e+03 5.039188236614689648e-02
4.508000000000000000e+03 5.046963530533977310e-02
4.510000000000000000e+03 5.055462128948936401e-02
4.512000000000000000e+03 5.065268744359700120e-02
4.514000000000000000e+03 5.074587007627958529e-02
4.516000000000000000e+03 5.086600984067936315e-02
4.518000000000000000e+03 5.098992534198338450e-02
4.520000000000000000e+03 5.109549611442726347e-02
4.522000000000000000e+03 5.117423560182368658e-02
4.524000000000000000e+03 5.123931787595611270e-02
4.526000000000000000e+03 5.136245727056181626e-02
4.528000000000000000e+03 5.151794925262130620e-02
4.530000000000000000e+03 5.162396094819433900e-02
4.532000000000000000e+03 5.172970029509833118e-02
4.534000000000000000e+03 5.183048880351017601e-02
4.536000000000000000e+03 5.193628843203218493e-02
4.538000000000000000e+03 5.202899039850810564e-02
4.540000000000000000e+03 5.214488236631835416e-02
4.542000000000000000e+03 5.229349510994293210e-02
4.544000000000000000e+03 5.248009267716892412e-02
4.546000000000000000e+03 5.267144915290152690e-02
4.548000000000000000e+03 5.279363945305302896e-02
4.550000000000000000e+03 5.291655102470011612e-02
4.552000000000000000e+03 5.308554461973144512e-02
4.554000000000000000e+03 5.329359156193555491e-02
4.556000000000000000e+03 5.347339205105986620e-02
4.558000000000000000e+03 5.363181235532095414e-02
4.560000000000000000e+03 5.375785561127698065e-02
4.562000000000000000e+03 5.391121828258111509e-02
4.564000000000000000e+03 5.412062367423717962e-02
4.566000000000000000e+03 5.431437069737540813e-02
4.568000000000000000e+03 5.447304841671133518e-02
4.570000000000000000e+03 5.465970176043973699e-02
4.572000000000000000e+03 5.485182375135146116e-02
4.574000000000000000e+03 5.503652125040888604e-02
4.576000000000000000e+03 5.520206982621077285e-02
4.578000000000000000e+03 5.540427665248894712e-02
4.580000000000000000e+03 5.564007759529578101e-02
4.582000000000000000e+03 5.588876850262967932e-02
4.584000000000000000e+03 5.607656536577054762e-02
4.586000000000000000e+03 5.624306951481521100e-02
4.588000000000000000e+03 5.642098327348973180e-02
4.590000000000000000e+03 5.662810119560700295e-02
4.592000000000000000e+03 5.685929360959310341e-02
4.594000000000000000e+03 5.707579666890912062e-02
4.596000000000000000e+03 5.727552508666340636e-02
4.598000000000000000e+03 5.749085764324846082e-02
4.600000000000000000e+03 5.772517188761651374e-02
4.602000000000000000e+03 5.793735878371877868e-02
4.604000000000000000e+03 5.812732075322728231e-02
4.606000000000000000e+03 5.833360268315197078e-02
4.608000000000000000e+03 5.856833019094481729e-02
4.610000000000000000e+03 5.880621314737292243e-02
4.612000000000000000e+03 5.903517674327545678e-02
4.614000000000000000e+03 5.921085969380653763e-02
4.616000000000000000e+03 5.935988761835209876e-02
4.618000000000000000e+03 5.955492841894659273e-02
4.620000000000000000e+03 5.978001409496509072e-02
4.622000000000000000e+03 6.000108563734103673e-02
4.624000000000000000e+03 6.022121939835352322e-02
4.626000000000000000e+03 6.044448618544498442e-02
4.628000000000000000e+03 6.061104572195318702e-02
4.630000000000000000e+03 6.076420307222324402e-02
4.632000000000000000e+03 6.096907362555025606e-02
4.634000000000000000e+03 6.119003373693863990e-02
4.636000000000000000e+03 6.139085658130489370e-02
4.638000000000000000e+03 6.151585628582906251e-02
4.640000000000000000e+03 6.165948895465096780e-02
4.642000000000000000e+03 6.185350780718019276e-02
4.644000000000000000e+03 6.201196388351962185e-02
4.646000000000000000e+03 6.212155805514818496e-02
4.648000000000000000e+03 6.227061383903673836e-02
4.650000000000000000e+03 6.244202362206266455e-02
4.652000000000000000e+03 6.258792562114091906e-02
4.654000000000000000e+03 6.275901607973814744e-02
4.656000000000000000e+03 6.292684965737076197e-02
4.658000000000000000e+03 6.304393547763580130e-02
4.660000000000000000e+03 6.318483844515018766e-02
4.662000000000000000e+03 6.335491007320531720e-02
4.664000000000000000e+03 6.346485782113227281e-02
4.666000000000000000e+03 6.353051824865593722e-02
4.668000000000000000e+03 6.364112625954436442e-02
4.670000000000000000e+03 6.372988600979072327e-02
4.672000000000000000e+03 6.380905698121548675e-02
4.674000000000000000e+03 6.386690839619166282e-02
4.676000000000000000e+03 6.394728186716222562e-02
4.678000000000000000e+03 6.403326370723452787e-02
4.680000000000000000e+03 6.409285431645729558e-02
4.682000000000000000e+03 6.412163472591266011e-02
4.684000000000000000e+03 6.416869890770407481e-02
4.686000000000000000e+03 6.421487180990881338e-02
4.688000000000000000e+03 6.430595673886435604e-02
4.690000000000000000e+03 6.436400608921404032e-02
4.692000000000000000e+03 6.439775737451189364e-02
4.694000000000000000e+03 6.437730601982750989e-02
4.696000000000000000e+03 6.436724619462924624e-02
4.698000000000000000e+03 6.439941446350301579e-02
4.700000000000000000e+03 6.445015654552488371e-02
4.702000000000000000e+03 6.445616116149756325e-02
4.704000000000000000e+03 6.445313386679538126e-02
4.706000000000000000e+03 6.443957118758117386e-02
4.708000000000000000e+03 6.444018404927373544e-02
4.710000000000000000e+03 6.443170258207520096e-02
4.712000000000000000e+03 6.438155496891498353e-02
4.714000000000000000e+03 6.434406134443255987e-02
4.716000000000000000e+03 6.434277462402468450e-02
4.718000000000000000e+03 6.428386888728111759e-02
4.720000000000000000e+03 6.421708565252114143e-02
4.722000000000000000e+03 6.415524867478206161e-02
4.724000000000000000e+03 6.411428251268370959e-02
4.726000000000000000e+03 6.409353248888652321e-02
4.728000000000000000e+03 6.403834125763276097e-02
4.730000000000000000e+03 6.400339451211417563e-02
4.732000000000000000e+03 6.397357202169229318e-02
4.734000000000000000e+03 6.393290972393023130e-02
4.736000000000000000e+03 6.389179563835215014e-02
4.738000000000000000e+03 6.385021197724720377e-02
4.740000000000000000e+03 6.377827812688129094e-02
4.742000000000000000e+03 6.372637798608818405e-02
4.744000000000000000e+03 6.369796929942234121e-02
4.746000000000000000e+03 6.366389673379083125e-02
4.748000000000000000e+03 6.359329234676464049e-02
4.750000000000000000e+03 6.357488404578187646e-02
4.752000000000000000e+03 6.352324306514350871e-02
4.754000000000000000e+03 6.342651930675503869e-02
4.756000000000000000e+03 6.336400282652093763e-02
4.758000000000000000e+03 6.333891461448644400e-02
4.760000000000000000e+03 6.326707597355342438e-02
4.762000000000000000e+03 6.317757473443259830e-02
4.764000000000000000e+03 6.312406049979600586e-02
4.766000000000000000e+03 6.310059490442000707e-02
4.768000000000000000e+03 6.304005698495043775e-02
4.770000000000000000e+03 6.300658358742015908e-02
4.772000000000000000e+03 6.299034061023812969e-02
4.774000000000000000e+03 6.295454160314632730e-02
4.776000000000000000e+03 6.292602897506410775e-02
4.778000000000000000e+03 6.292948003887678665e-02
4.780000000000000000e+03 6.290177755164844120e-02
4.782000000000000000e+03 6.288179183291750518e-02
4.784000000000000000e+03 6.285757931691637879e-02
4.786000000000000000e+03 6.282910344835633543e-02
4.788000000000000000e+03 6.284917417493635083e-02
4.790000000000000000e+03 6.287367575149456489e-02
4.792000000000000000e+03 6.286873343414114967e-02
4.794000000000000000e+03 6.285723451279832952e-02
4.796000000000000000e+03 6.287353893522272530e-02
4.798000000000000000e+03 6.290525209782631133e-02
4.800000000000000000e+03 6.289914312395662732e-02
4.802000000000000000e+03 6.291155009530538522e-02
4.804000000000000000e+03 6.291742851213090459e-02
4.806000000000000000e+03 6.294191768062143422e-02
4.808000000000000000e+03 6.295832802521329763e-02
4.810000000000000000e+03 6.296500432761772958e-02
4.812000000000000000e+03 6.300821699561275080e-02
4.814000000000000000e+03 6.311466027588434613e-02
4.816000000000000000e+03 6.317750663814225565e-02
4.818000000000000000e+03 6.318781319795606366e-02
4.820000000000000000e+03 6.322492442016469649e-02
4.822000000000000000e+03 6.327498708785890547e-02
4.824000000000000000e+03 6.334566951895867493e-02
4.826000000000000000e+03 6.343868122771259555e-02
4.828000000000000000e+03 6.351086211042515639e-02
4.830000000000000000e+03 6.354289790705794361e-02
4.832000000000000000e+03 6.363254122106597188e-02
4.834000000000000000e+03 6.373666025961507997e-02
4.836000000000000000e+03 6.382953825201327647e-02
4.838000000000000000e+03 6.394178173797857023e-02
4.840000000000000000e+03 6.405731020788241192e-02
4.842000000000000000e+03 6.410979206765429761e-02
4.844000000000000000e+03 6.419457664405631148e-02
4.846000000000000000e+03 6.432804061027798392e-02
4.848000000000000000e+03 6.444535701567792596e-02
4.850000000000000000e+03 6.452856285775478151e-02
4.852000000000000000e+03 6.462679812132875179e-02
4.854000000000000000e+03 6.472913438007871223e-02
4.856000000000000000e+03 6.487647487223927034e-02
4.858000000000000000e+03 6.499858553544327067e-02
4.860000000000000000e+03 6.508879570970800554e-02
4.862000000000000000e+03 6.520076304219617203e-02
4.864000000000000000e+03 6.532020520171734346e-02
4.866000000000000000e+03 6.545372284012096475e-02
4.868000000000000000e+03 6.562116910690628246e-02
4.870000000000000000e+03 6.577646057307946770e-02
4.872000000000000000e+03 6.591285839070107344e-02
4.874000000000000000e+03 6.604357915279351898e-02
4.876000000000000000e+03 6.619433744782544926e-02
4.878000000000000000e+03 6.634941642977559839e-02
4.880000000000000000e+03 6.647637340849146814e-02
4.882000000000000000e+03 6.661177307774575340e-02
4.884000000000000000e+03 6.676899059699220595e-02
4.886000000000000000e+03 6.691467834661703196e-02
4.888000000000000000e+03 6.704128035457378176e-02
4.890000000000000000e+03 6.719648220998959698e-02
4.892000000000000000e+03 6.736442447617473073e-02
4.894000000000000000e+03 6.753762144586700211e-02
4.896000000000000000e+03 6.770010763115132113e-02
4.898000000000000000e+03 6.780628900229121458e-02
4.900000000000000000e+03 6.794629301475012262e-02
4.902000000000000000e+03 6.815108973911794543e-02
4.904000000000000000e+03 6.835028397874071127e-02
4.906000000000000000e+03 6.848446615354530920e-02
4.908000000000000000e+03 6.858734247481028390e-02
4.910000000000000000e+03 6.874298622177009432e-02
4.912000000000000000e+03 6.891796002216925288e-02
4.914000000000000000e+03 6.908378842023887856e-02
4.916000000000000000e+03 6.925066196589255152e-02
4.918000000000000000e+03 6.939551224186450706e-02
4.920000000000000000e+03 6.955593486499435374e-02
4.922000000000000000e+03 6.973450908838740858e-02
4.924000000000000000e+03 6.989185931171064403e-02
4.926000000000000000e+03 7.005970951826279158e-02
4.928000000000000000e+03 7.019503472860283422e-02
4.930000000000000000e+03 7.034253264543906259e-02
4.932000000000000000e+03 7.049534492853580525e-02
4.934000000000000000e+03 7.065006101912610359e-02
4.936000000000000000e+03 7.079627070271085620e-02
4.938000000000000000e+03 7.093915355360343178e-02
4.940000000000000000e+03 7.107347154513260490e-02
4.942000000000000000e+03 7.120051220492544519e-02
4.944000000000000000e+03 7.136597929520469008e-02
4.946000000000000000e+03 7.154297230744123548e-02
4.948000000000000000e+03 7.171493948839989530e-02
4.950000000000000000e+03 7.186438364760779074e-02
4.952000000000000000e+03 7.202097011441625785e-02
4.954000000000000000e+03 7.223035955739667835e-02
4.956000000000000000e+03 7.240140219519326792e-02
4.958000000000000000e+03 7.252690104370497493e-02
4.960000000000000000e+03 7.265777189826197469e-02
4.962000000000000000e+03 7.286239094537644290e-02
4.964000000000000000e+03 7.306199646175730311e-02
4.966000000000000000e+03 7.320703992500697532e-02
4.968000000000000000e+03 7.337525268244458887e-02
4.970000000000000000e+03 7.357914168664742016e-02
4.972000000000000000e+03 7.379175979813498709e-02
4.974000000000000000e+03 7.399314288158506669e-02
4.976000000000000000e+03 7.416985918138796485e-02
4.978000000000000000e+03 7.433787923513988927e-02
4.980000000000000000e+03 7.453288641948586923e-02
4.982000000000000000e+03 7.473529280926898000e-02
4.984000000000000000e+03 7.497381407745229431e-02
4.986000000000000000e+03 7.519478340398909333e-02
4.988000000000000000e+03 7.540529880492849446e-02
4.990000000000000000e+03 7.563771733721627588e-02
4.992000000000000000e+03 7.587947182038422278e-02
4.994000000000000000e+03 7.613604936499614173e-02
4.996000000000000000e+03 7.640209556222983533e-02
4.998000000000000000e+03 7.667762581251058585e-02
5.000000000000000000e+03 7.694730198682601940e-02
5.002000000000000000e+03 7.720972287124798494e-02
5.004000000000000000e+03 7.748078074094638668e-02
5.006000000000000000e+03 7.777051111813539086e-02
5.008000000000000000e+03 7.810635773868424003e-02
5.010000000000000000e+03 7.845204764317836865e-02
5.012000000000000000e+03 7.875821200628052576e-02
5.014000000000000000e+03 7.907045999659155500e-02
5.016000000000000000e+03 7.940533667189399181e-02
5.018000000000000000e+03 7.975192217871002187e-02
5.020000000000000000e+03 8.009002415479497816e-02
5.022000000000000000e+03 8.046799738704940586e-02
5.024000000000000000e+03 8.083201127954725562e-02
5.026000000000000000e+03 8.112467226935315967e-02
5.028000000000000000e+03 8.145954876071793971e-02
5.030000000000000000e+03 8.187301834709660719e-02
5.032000000000000000e+03 8.228041636898143774e-02
5.034000000000000000e+03 8.268869957772172208e-02
5.036000000000000000e+03 8.297857263173222253e-02
5.038000000000000000e+03 8.327363931523643070e-02
5.040000000000000000e+03 8.368705178516284982e-02
5.042000000000000000e+03 8.409154131305489333e-02
5.044000000000000000e+03 8.441437207977929569e-02
5.046000000000000000e+03 8.475472128543731776e-02
5.048000000000000000e+03 8.505433608221543706e-02
5.050000000000000000e+03 8.537334394297572959e-02
5.052000000000000000e+03 8.567352065065728106e-02
5.054000000000000000e+03 8.591185557847431931e-02
5.056000000000000000e+03 8.609936950222712992e-02
5.058000000000000000e+03 8.631553066190915391e-02
5.060000000000000000e+03 8.651581560514298719e-02
5.062000000000000000e+03 8.666545702619385394e-02
5.064000000000000000e+03 8.671701832423414635e-02
5.066000000000000000e+03 8.675688133289323478e-02
5.068000000000000000e+03 8.680793482223887747e-02
5.070000000000000000e+03 8.676492003124740282e-02
5.072000000000000000e+03 8.665614853412596796e-02
5.074000000000000000e+03 8.650246192160016001e-02
5.076000000000000000e+03 8.624883331610698478e-02
5.078000000000000000e+03 8.598920343601960947e-02
5.080000000000000000e+03 8.563961872428048350e-02
5.082000000000000000e+03 8.521167972568992333e-02
5.084000000000000000e+03 8.473365781849157008e-02
5.086000000000000000e+03 8.414330276884444959e-02
5.088000000000000000e+03 8.345755265944554413e-02
5.090000000000000000e+03 8.272657071701700060e-02
5.092000000000000000e+03 8.193213458666707971e-02
5.094000000000000000e+03 8.098373255860939757e-02
5.096000000000000000e+03 7.993734355340866016e-02
5.098000000000000000e+03 7.889032498185863385e-02
5.100000000000000000e+03 7.774377743941705832e-02
5.102000000000000000e+03 7.648249535995590986e-02
5.104000000000000000e+03 7.515217065248731843e-02
5.106000000000000000e+03 7.377813328015149497e-02
5.108000000000000000e+03 7.240747495075483542e-02
5.110000000000000000e+03 7.093956370692018620e-02
5.112000000000000000e+03 6.932752616341204821e-02
5.114000000000000000e+03 6.770536014250709556e-02
5.116000000000000000e+03 6.604629184420914012e-02
5.118000000000000000e+03 6.431241901128745275e-02
5.120000000000000000e+03 6.257902204251374056e-02
5.122000000000000000e+03 6.086701207637435634e-02
5.124000000000000000e+03 5.907979642586083657e-02
5.126000000000000000e+03 5.727097605274944492e-02
5.128000000000000000e+03 5.546052151128131463e-02
5.130000000000000000e+03 5.364942006313934419e-02
5.132000000000000000e+03 5.182737615852819196e-02
5.134000000000000000e+03 5.003990408805893131e-02
5.136000000000000000e+03 4.828919922936709963e-02
5.138000000000000000e+03 4.656436977387191922e-02
5.140000000000000000e+03 4.485442563586096443e-02
5.142000000000000000e+03 4.319409933670757817e-02
5.144000000000000000e+03 4.154689932190218371e-02
5.146000000000000000e+03 3.993319875119572676e-02
5.148000000000000000e+03 3.836533138198885973e-02
5.150000000000000000e+03 3.684353528616041151e-02
5.152000000000000000e+03 3.536802814182246624e-02
5.154000000000000000e+03 3.393496370233600734e-02
5.156000000000000000e+03 3.252820323896912780e-02
5.158000000000000000e+03 3.117751707906487799e-02
5.160000000000000000e+03 2.986580015716189945e-02
5.162000000000000000e+03 2.862088642686744580e-02
5.164000000000000000e+03 2.744619357092511688e-02
5.166000000000000000e+03 2.630810492172638848e-02
5.168000000000000000e+03 2.519234255261755193e-02
5.170000000000000000e+03 2.413412476952504770e-02
5.172000000000000000e+03 2.312027062225814611e-02
5.174000000000000000e+03 2.213338812154698465e-02
5.176000000000000000e+03 2.117362674115269919e-02
5.178000000000000000e+03 2.025770921010292686e-02
5.180000000000000000e+03 1.939102032597981098e-02
5.182000000000000000e+03 1.855911869390335783e-02
5.184000000000000000e+03 1.775915176109162802e-02
5.186000000000000000e+03 1.700275389752608016e-02
5.188000000000000000e+03 1.627234093134569126e-02
5.190000000000000000e+03 1.558480028420081674e-02
5.192000000000000000e+03 1.492676684932697610e-02
5.194000000000000000e+03 1.428358958643871808e-02
5.196000000000000000e+03 1.367741261354155774e-02
5.198000000000000000e+03 1.310419721167452312e-02
5.200000000000000000e+03 1.255670617198524110e-02
5.202000000000000000e+03 1.202655278550627746e-02
5.204000000000000000e+03 1.153290519437743557e-02
5.206000000000000000e+03 1.105475689530531144e-02
5.208000000000000000e+03 1.059398846638588340e-02
5.210000000000000000e+03 1.016607054366027406e-02
5.212000000000000000e+03 9.754183036211188165e-03
5.214000000000000000e+03 9.353126657272472361e-03
5.216000000000000000e+03 8.980544108370878270e-03
5.218000000000000000e+03 8.620333101690570016e-03
5.220000000000000000e+03 8.273830757637773078e-03
5.222000000000000000e+03 7.949620268114647795e-03
5.224000000000000000e+03 7.642057938643078904e-03
5.226000000000000000e+03 7.339944654831514689e-03
5.228000000000000000e+03 7.058035891629015242e-03
5.230000000000000000e+03 6.790497164507628379e-03
5.232000000000000000e+03 6.526501439377880090e-03
5.234000000000000000e+03 6.279023802305929922e-03
5.236000000000000000e+03 6.030728772451286919e-03
5.238000000000000000e+03 5.805650928686685586e-03
5.240000000000000000e+03 5.590553995278744678e-03
5.242000000000000000e+03 5.379400875496990336e-03
5.244000000000000000e+03 5.174386764946571800e-03
5.246000000000000000e+03 4.981852474990866239e-03
5.248000000000000000e+03 4.805884591607830283e-03
5.250000000000000000e+03 4.635420434593210716e-03
5.252000000000000000e+03 4.473681071784444893e-03
5.254000000000000000e+03 4.311919160721250539e-03
5.256000000000000000e+03 4.154081239545172333e-03
5.258000000000000000e+03 4.010283489823636416e-03
5.260000000000000000e+03 3.868276032978119720e-03
5.262000000000000000e+03 3.730881952578049554e-03
5.264000000000000000e+03 3.606106675656850329e-03
5.266000000000000000e+03 3.489920492276309648e-03
5.268000000000000000e+03 3.373076073540751639e-03
5.270000000000000000e+03 2.642034760181980434e-03
5.280000000000000000e+03 2.254069823621426740e-03
5.290000000000000000e+03 1.933670398411613560e-03
5.300000000000000000e+03 1.667452441546086192e-03
5.310000000000000000e+03 1.445510086102674363e-03
5.320000000000000000e+03 1.259099140668922109e-03
5.330000000000000000e+03 1.101720058453186345e-03
5.340000000000000000e+03 9.679598939355038610e-04
5.350000000000000000e+03 8.545451941341969566e-04
5.360000000000000000e+03 7.578865106419057545e-04
5.370000000000000000e+03 6.744632870675171471e-04
5.380000000000000000e+03 6.017979095327996054e-04
5.390000000000000000e+03 5.389542186720708110e-04
5.400000000000000000e+03 4.845334120587025252e-04
5.410000000000000000e+03 4.372724028454411387e-04
5.420000000000000000e+03 3.958534266589943686e-04
5.430000000000000000e+03 3.595249666463928764e-04
5.440000000000000000e+03 3.272925447494400789e-04
5.450000000000000000e+03 2.987415661409886813e-04
5.460000000000000000e+03 2.734375554501571330e-04
5.470000000000000000e+03 2.508276558390221578e-04
5.480000000000000000e+03 2.307037964038366397e-04
5.490000000000000000e+03 2.126156930204108704e-04
5.500000000000000000e+03 1.964748589656204771e-04
5.510000000000000000e+03 1.818586942793048295e-04
5.520000000000000000e+03 1.688827335254970978e-04
5.530000000000000000e+03 1.570571652959144859e-04
5.540000000000000000e+03 1.462672746345700775e-04
5.550000000000000000e+03 1.365326308560496909e-04
5.560000000000000000e+03 1.277479608004429719e-04
5.570000000000000000e+03 1.196568823732569608e-04
5.580000000000000000e+03 1.122757372860345705e-04
5.590000000000000000e+03 1.056131794267792273e-04
5.600000000000000000e+03 9.941633214388430741e-05
5.610000000000000000e+03 9.349872700766800665e-05
5.620000000000000000e+03 8.822165408104627759e-05
5.630000000000000000e+03 8.331728611955482216e-05
5.640000000000000000e+03 7.879161208326610931e-05
5.650000000000000000e+03 7.464830632082717753e-05
5.660000000000000000e+03 7.089068860569588211e-05
5.670000000000000000e+03 6.752211835138858013e-05
5.680000000000000000e+03 6.509330604009687827e-05
5.690000000000000000e+03 6.361426355695707908e-05
5.700000000000000000e+03 5.757015263041910611e-05
5.710000000000000000e+03 5.495361664935383351e-05
5.720000000000000000e+03 5.259984091821883639e-05
5.730000000000000000e+03 5.023267770525023819e-05
5.740000000000000000e+03 4.813131229516039129e-05
5.750000000000000000e+03 4.615662066295142990e-05
5.760000000000000000e+03 4.431249013738383701e-05
5.770000000000000000e+03 4.259871737444680036e-05
5.780000000000000000e+03 4.101504620824676211e-05
5.790000000000000000e+03 3.942382732279384183e-05
5.800000000000000000e+03 3.796434539122711161e-05
5.810000000000000000e+03 3.664002422133736682e-05
5.820000000000000000e+03 3.544962995387206524e-05
5.830000000000000000e+03 3.411105656299980043e-05
5.840000000000000000e+03 3.305035210696948011e-05
5.850000000000000000e+03 3.198486445644313882e-05
5.860000000000000000e+03 3.091251405416842532e-05
5.870000000000000000e+03 2.997950917136785475e-05
5.880000000000000000e+03 2.918583860865457734e-05
5.890000000000000000e+03 2.824297175744164338e-05
5.900000000000000000e+03 2.744024273591641765e-05
5.910000000000000000e+03 2.663314160961197333e-05
5.920000000000000000e+03 2.596835754581119826e-05
5.930000000000000000e+03 2.515288465036564315e-05
5.940000000000000000e+03 2.462699360759824165e-05
5.950000000000000000e+03 2.395121679080973516e-05
5.960000000000000000e+03 2.327178593187848794e-05
5.970000000000000000e+03 2.273705302539662712e-05
5.980000000000000000e+03 2.219868647796279919e-05
5.990000000000000000e+03 2.165805946799053794e-05
