3.810000000000000000e+03 4.225216445584375707e-06
3.820000000000000000e+03 6.684507765397351856e-06
3.830000000000000000e+03 1.001623091956086620e-05
3.840000000000000000e+03 1.630513804677633207e-05
3.850000000000000000e+03 2.608248412949501968e-05
3.860000000000000000e+03 4.646236819994011805e-05
3.870000000000000000e+03 7.856607929463236292e-05
3.880000000000000000e+03 1.500497793719638838e-04
3.890000000000000000e+03 2.720540859830597913e-04
3.900000000000000000e+03 5.581780894739435481e-04
3.910000000000000000e+03 1.100348650529579765e-03
3.920000000000000000e+03 1.178323949784386773e-03
3.922000000000000000e+03 1.365991695129166244e-03
3.924000000000000000e+03 1.585318456863897899e-03
3.926000000000000000e+03 1.834272564784580938e-03
3.928000000000000000e+03 2.123568800281085914e-03
3.930000000000000000e+03 2.473538469312475119e-03
3.932000000000000000e+03 2.837496985816010970e-03
3.934000000000000000e+03 3.335408701509057217e-03
3.936000000000000000e+03 3.841224269984455219e-03
3.938000000000000000e+03 4.437203351825525985e-03
3.940000000000000000e+03 5.116125262672593758e-03
3.942000000000000000e+03 5.848181448070212916e-03
3.944000000000000000e+03 6.732137276265050783e-03
3.946000000000000000e+03 7.649947284041813331e-03
3.948000000000000000e+03 8.687562589366542784e-03
3.950000000000000000e+03 9.802350427682479314e-03
3.952000000000000000e+03 1.102676950685179194e-02
3.954000000000000000e+03 1.237729155584463107e-02
3.956000000000000000e+03 1.367650930309985934e-02
3.958000000000000000e+03 1.501593999548083043e-02
3.960000000000000000e+03 1.632013260431029386e-02
3.962000000000000000e+03 1.761574125391226001e-02
3.964000000000000000e+03 1.893538926699902744e-02
3.966000000000000000e+03 2.012219838240394618e-02
3.968000000000000000e+03 2.120827996699470308e-02
3.970000000000000000e+03 2.219877356889111281e-02
3.972000000000000000e+03 2.306080489066141687e-02
3.974000000000000000e+03 2.383749645772592629e-02
3.976000000000000000e+03 2.450685860540046876e-02
3.978000000000000000e+03 2.509036631831430136e-02
3.980000000000000000e+03 2.554963413354978397e-02
3.982000000000000000e+03 2.594406842451806722e-02
3.984000000000000000e+03 2.632282886324786506e-02
3.986000000000000000e+03 2.655475831387389338e-02
3.988000000000000000e+03 2.676521496078719184e-02
3.990000000000000000e+03 2.699791540065151277e-02
3.992000000000000000e+03 2.717037589420863430e-02
3.994000000000000000e+03 2.726635488519031994e-02
3.996000000000000000e+03 2.738442652879724201e-02
3.998000000000000000e+03 2.748620090125243956e-02
4.000000000000000000e+03 2.763760096616877174e-02
4.002000000000000000e+03 2.770103550493144620e-02
4.004000000000000000e+03 2.783591383303173419e-02
4.006000000000000000e+03 2.788830766270353895e-02
4.008000000000000000e+03 2.802862631799857979e-02
4.010000000000000000e+03 2.807548983619746058e-02
4.012000000000000000e+03 2.818254845642942721e-02
4.014000000000000000e+03 2.831154938453788947e-02
4.016000000000000000e+03 2.838559231304023031e-02
4.018000000000000000e+03 2.845410849371569906e-02
4.020000000000000000e+03 2.861049403872802446e-02
4.022000000000000000e+03 2.870067760351020791e-02
4.024000000000000000e+03 2.877986164257564580e-02
4.026000000000000000e+03 2.890843539708894128e-02
4.028000000000000000e+03 2.899305328414856706e-02
4.030000000000000000e+03 2.911058556630843897e-02
4.032000000000000000e+03 2.925528240655035986e-02
4.034000000000000000e+03 2.938896089896677125e-02
4.036000000000000000e+03 2.950615064657153772e-02
4.038000000000000000e+03 2.967816493123692084e-02
4.040000000000000000e+03 2.981721829887575698e-02
4.042000000000000000e+03 2.990661087631818829e-02
4.044000000000000000e+03 3.006726776920799760e-02
4.046000000000000000e+03 3.018949184424588386e-02
4.048000000000000000e+03 3.030619723221641970e-02
4.050000000000000000e+03 3.051058780800940118e-02
4.052000000000000000e+03 3.058309826617846422e-02
4.054000000000000000e+03 3.076519901547607530e-02
4.056000000000000000e+03 3.095820392913451943e-02
4.058000000000000000e+03 3.109635503613849758e-02
4.060000000000000000e+03 3.120706117620914224e-02
4.062000000000000000e+03 3.136131231103593542e-02
4.064000000000000000e+03 3.147716080443288544e-02
4.066000000000000000e+03 3.164774304571338348e-02
4.068000000000000000e+03 3.179636379543707148e-02
4.070000000000000000e+03 3.199419648120750692e-02
4.072000000000000000e+03 3.208769457467859632e-02
4.074000000000000000e+03 3.230155871885746766e-02
4.076000000000000000e+03 3.246062923392659810e-02
4.078000000000000000e+03 3.257587539317684938e-02
4.080000000000000000e+03 3.280595260989913053e-02
4.082000000000000000e+03 3.292083450674807010e-02
4.084000000000000000e+03 3.313956934554047884e-02
4.086000000000000000e+03 3.331449263924866205e-02
4.088000000000000000e+03 3.339094022419289431e-02
4.090000000000000000e+03 3.363133087940301663e-02
4.092000000000000000e+03 3.380600329389255032e-02
4.094000000000000000e+03 3.393142220642365176e-02
4.096000000000000000e+03 3.408957590238571173e-02
4.098000000000000000e+03 3.429137290659728388e-02
4.100000000000000000e+03 3.445485866660669833e-02
4.102000000000000000e+03 3.454679879740004539e-02
4.104000000000000000e+03 3.474788431567359809e-02
4.106000000000000000e+03 3.495435008078533190e-02
4.108000000000000000e+03 3.510616197911398118e-02
4.110000000000000000e+03 3.522516661466700005e-02
4.112000000000000000e+03 3.544225591849879675e-02
4.114000000000000000e+03 3.561017482391538869e-02
4.116000000000000000e+03 3.577257281714034398e-02
4.118000000000000000e+03 3.590218653629208972e-02
4.120000000000000000e+03 3.606444290831244126e-02
4.122000000000000000e+03 3.626429070189147313e-02
4.124000000000000000e+03 3.628967328527568648e-02
4.126000000000000000e+03 3.653840989713470766e-02
4.128000000000000000e+03 3.672167519265735064e-02
4.130000000000000000e+03 3.677960861381739804e-02
4.132000000000000000e+03 3.700621339585926511e-02
4.134000000000000000e+03 3.712384697044057713e-02
4.136000000000000000e+03 3.719245291113413426e-02
4.138000000000000000e+03 3.734807814223342626e-02
4.140000000000000000e+03 3.743290448581355900e-02
4.142000000000000000e+03 3.759922913788108639e-02
4.144000000000000000e+03 3.768390590445983013e-02
4.146000000000000000e+03 3.775766812849120496e-02
4.148000000000000000e+03 3.785312506918428466e-02
4.150000000000000000e+03 3.795397882298100212e-02
4.152000000000000000e+03 3.805966751948618859e-02
4.154000000000000000e+03 3.814901326307548052e-02
4.156000000000000000e+03 3.819486707239445195e-02
4.158000000000000000e+03 3.827325517300908531e-02
4.160000000000000000e+03 3.832447212124595604e-02
4.162000000000000000e+03 3.836475813300462001e-02
4.164000000000000000e+03 3.845385175379378850e-02
4.166000000000000000e+03 3.851034517004331414e-02
4.168000000000000000e+03 3.850172289021615984e-02
4.170000000000000000e+03 3.853646768257937977e-02
4.172000000000000000e+03 3.854378451556974422e-02
4.174000000000000000e+03 3.861069836396950616e-02
4.176000000000000000e+03 3.861797289634360392e-02
4.178000000000000000e+03 3.859814611418613955e-02
4.180000000000000000e+03 3.856749653889213897e-02
4.182000000000000000e+03 3.855303681891451145e-02
4.184000000000000000e+03 3.856024397954931071e-02
4.186000000000000000e+03 3.855119713873760012e-02
4.188000000000000000e+03 3.850426545165358538e-02
4.190000000000000000e+03 3.846816688528540557e-02
4.192000000000000000e+03 3.847506706484528360e-02
4.194000000000000000e+03 3.844410200273649242e-02
4.196000000000000000e+03 3.836989643938708977e-02
4.198000000000000000e+03 3.831732711265138647e-02
4.200000000000000000e+03 3.835664155012696863e-02
4.202000000000000000e+03 3.829387400336242003e-02
4.204000000000000000e+03 3.820399613966925234e-02
4.206000000000000000e+03 3.821683073526113694e-02
4.208000000000000000e+03 3.819175680564180358e-02
4.210000000000000000e+03 3.816665233706961063e-02
4.212000000000000000e+03 3.819565122527299877e-02
4.214000000000000000e+03 3.820298461552567443e-02
4.216000000000000000e+03 3.811810334551360424e-02
4.218000000000000000e+03 3.815251425759529080e-02
4.220000000000000000e+03 3.806750507102892728e-02
4.222000000000000000e+03 3.806901332797166942e-02
4.224000000000000000e+03 3.802160338290551389e-02
4.226000000000000000e+03 3.801763223277830617e-02
4.228000000000000000e+03 3.798100729028065781e-02
4.230000000000000000e+03 3.795521944894778704e-02
4.232000000000000000e+03 3.792935901043226199e-02
4.234000000000000000e+03 3.795248270196564105e-02
4.236000000000000000e+03 3.788843028019867054e-02
4.238000000000000000e+03 3.790607871891537445e-02
4.240000000000000000e+03 3.788555087205908861e-02
4.242000000000000000e+03 3.787017518435722291e-02
4.244000000000000000e+03 3.784930982986484810e-02
4.246000000000000000e+03 3.789942250596421702e-02
4.248000000000000000e+03 3.782388570704390413e-02
4.250000000000000000e+03 3.790133746319013230e-02
4.252000000000000000e+03 3.784755223828863147e-02
4.254000000000000000e+03 3.784842144544335596e-02
4.256000000000000000e+03 3.792592591800242330e-02
4.258000000000000000e+03 3.788846616779908277e-02
4.260000000000000000e+03 3.792767667010123189e-02
4.262000000000000000e+03 3.799951254252873639e-02
4.264000000000000000e+03 3.804946210791548822e-02
4.266000000000000000e+03 3.804457640095442600e-02
4.268000000000000000e+03 3.810554615102549475e-02
4.270000000000000000e+03 3.805123537858979416e-02
4.272000000000000000e+03 3.815067651717334030e-02
4.274000000000000000e+03 3.814576222479434953e-02
4.276000000000000000e+03 3.818482021309032443e-02
4.278000000000000000e+03 3.831742318852478235e-02
4.280000000000000000e+03 3.822448471759041372e-02
4.282000000000000000e+03 3.834040409542939509e-02
4.284000000000000000e+03 3.837928139217577916e-02
4.286000000000000000e+03 3.838512166938642250e-02
4.288000000000000000e+03 3.844058172707897486e-02
4.290000000000000000e+03 3.848504238779201087e-02
4.292000000000000000e+03 3.857363529943169667e-02
4.294000000000000000e+03 3.856291414402801543e-02
4.296000000000000000e+03 3.861292926891011362e-02
4.298000000000000000e+03 3.861325157939640706e-02
4.300000000000000000e+03 3.869094832039746829e-02
4.302000000000000000e+03 3.868548140276821534e-02
4.304000000000000000e+03 3.869107180551082520e-02
4.306000000000000000e+03 3.874646986414741201e-02
4.308000000000000000e+03 3.874098878352714992e-02
4.310000000000000000e+03 3.876319377948440198e-02
4.312000000000000000e+03 3.879091750485815643e-02
4.314000000000000000e+03 3.878537541444875697e-02
4.316000000000000000e+03 3.877427990256524654e-02
4.318000000000000000e+03 3.881864928714588714e-02
4.320000000000000000e+03 3.881863689109573551e-02
4.322000000000000000e+03 3.880191674373571070e-02
4.324000000000000000e+03 3.876849961492188218e-02
4.326000000000000000e+03 3.880175966307182478e-02
4.328000000000000000e+03 3.876271889399946630e-02
4.330000000000000000e+03 3.881266792609576466e-02
4.332000000000000000e+03 3.877911299795237798e-02
4.334000000000000000e+03 3.869540784344523143e-02
4.336000000000000000e+03 3.868960843411556327e-02
4.338000000000000000e+03 3.867264191451455502e-02
4.340000000000000000e+03 3.863892489613246495e-02
4.342000000000000000e+03 3.860490230747763707e-02
4.344000000000000000e+03 3.865454813177181953e-02
4.346000000000000000e+03 3.851999643354628994e-02
4.348000000000000000e+03 3.853611381913660955e-02
4.350000000000000000e+03 3.851870370653574099e-02
4.352000000000000000e+03 3.840599674150713821e-02
4.354000000000000000e+03 3.844416975644396328e-02
4.356000000000000000e+03 3.835928444249051689e-02
4.358000000000000000e+03 3.835266922728113037e-02
4.360000000000000000e+03 3.829565157321732083e-02
4.362000000000000000e+03 3.821636558897531510e-02
4.364000000000000000e+03 3.818183078199628711e-02
4.366000000000000000e+03 3.813604749187440857e-02
4.368000000000000000e+03 3.819115598526345162e-02
4.370000000000000000e+03 3.807799652659253631e-02
4.372000000000000000e+03 3.795885532318676175e-02
4.374000000000000000e+03 3.791821987431957808e-02
4.376000000000000000e+03 3.789440122128676786e-02
4.378000000000000000e+03 3.781996137361281346e-02
4.380000000000000000e+03 3.776795042352062981e-02
4.382000000000000000e+03 3.776085258424049379e-02
4.384000000000000000e+03 3.767496799342386765e-02
4.386000000000000000e+03 3.760589442303084728e-02
4.388000000000000000e+03 3.763247686402262926e-02
4.390000000000000000e+03 3.751260445308068209e-02
4.392000000000000000e+03 3.746562431586781400e-02
4.394000000000000000e+03 3.738477696264672773e-02
4.396000000000000000e+03 3.734896945111529365e-02
4.398000000000000000e+03 3.729055188280067795e-02
4.400000000000000000e+03 3.719257231609153502e-02
4.402000000000000000e+03 3.713987359214791784e-02
4.404000000000000000e+03 3.710407478956335298e-02
4.406000000000000000e+03 3.705694002084209543e-02
4.408000000000000000e+03 3.700975708732756608e-02
4.410000000000000000e+03 3.693423253443952475e-02
4.412000000000000000e+03 3.688102977733770382e-02
4.414000000000000000e+03 3.681645637031202151e-02
4.416000000000000000e+03 3.672916508847439560e-02
4.418000000000000000e+03 3.668711585815637860e-02
4.420000000000000000e+03 3.662802360953451575e-02
4.422000000000000000e+03 3.656319251836841894e-02
4.424000000000000000e+03 3.645860815039557445e-02
4.426000000000000000e+03 3.637661893940051516e-02
4.428000000000000000e+03 3.631158210751977977e-02
4.430000000000000000e+03 3.625784588679461379e-02
4.432000000000000000e+03 3.615835438503288424e-02
4.434000000000000000e+03 3.609288077944985962e-02
4.436000000000000000e+03 3.597048969021125059e-02
4.438000000000000000e+03 3.590487001178289950e-02
4.440000000000000000e+03 3.582211964260773041e-02
4.442000000000000000e+03 3.576795142675763539e-02
4.444000000000000000e+03 3.566817047801545265e-02
4.446000000000000000e+03 3.555122153914534039e-02
4.448000000000000000e+03 3.549686168707874567e-02
4.450000000000000000e+03 3.539113377863679216e-02
4.452000000000000000e+03 3.526795755437410473e-02
4.454000000000000000e+03 3.516181217083026028e-02
4.456000000000000000e+03 3.508980955888000436e-02
4.458000000000000000e+03 3.493781703332575483e-02
4.460000000000000000e+03 3.491706260772892145e-02
4.462000000000000000e+03 3.472484599130302302e-02
4.464000000000000000e+03 3.468110295599581561e-02
4.466000000000000000e+03 3.458013041211534938e-02
4.468000000000000000e+03 3.450195623016483193e-02
4.470000000000000000e+03 3.434358438177648187e-02
4.472000000000000000e+03 3.424231503614648398e-02
4.474000000000000000e+03 3.411233033357343597e-02
4.476000000000000000e+03 3.402806696321267893e-02
4.478000000000000000e+03 3.387495329136207961e-02
4.480000000000000000e+03 3.380771653190186438e-02
4.482000000000000000e+03 3.371173322606105249e-02
4.484000000000000000e+03 3.356402457602766093e-02
4.486000000000000000e+03 3.348507673570210591e-02
4.488000000000000000e+03 3.337734321486507394e-02
4.490000000000000000e+03 3.322355786550960227e-02
4.492000000000000000e+03 3.318457900937967636e-02
4.494000000000000000e+03 3.296732094064677016e-02
4.496000000000000000e+03 3.288792892126172346e-02
4.498000000000000000e+03 3.276819461124216154e-02
4.500000000000000000e+03 3.264259671387000072e-02
4.502000000000000000e+03 3.254600865673312748e-02
4.504000000000000000e+03 3.254124923918069734e-02
4.506000000000000000e+03 3.245516612451860433e-02
4.508000000000000000e+03 3.239749412439345971e-02
4.510000000000000000e+03 3.229866455218185356e-02
4.512000000000000000e+03 3.223977994700479022e-02
4.514000000000000000e+03 3.218042406124604210e-02
4.516000000000000000e+03 3.214399267670409871e-02
4.518000000000000000e+03 3.203100431325420216e-02
4.520000000000000000e+03 3.194669694057458709e-02
4.522000000000000000e+03 3.192080929269528605e-02
4.524000000000000000e+03 3.175902888487630582e-02
4.526000000000000000e+03 3.166135176871250068e-02
4.528000000000000000e+03 3.158672778303750484e-02
4.530000000000000000e+03 3.148786871961655603e-02
4.532000000000000000e+03 3.141197088586256125e-02
4.534000000000000000e+03 3.128794673353589573e-02
4.536000000000000000e+03 3.110955933689114883e-02
4.538000000000000000e+03 3.101987583321805242e-02
4.540000000000000000e+03 3.087576580694428169e-02
4.542000000000000000e+03 3.076683749416258759e-02
4.544000000000000000e+03 3.059719993538205507e-02
4.546000000000000000e+03 3.048088153512707593e-02
4.548000000000000000e+03 3.036992906506228926e-02
4.550000000000000000e+03 3.023418283798230341e-02
4.552000000000000000e+03 3.007365569889686174e-02
4.554000000000000000e+03 2.985166136455941893e-02
4.556000000000000000e+03 2.973192545162224240e-02
4.558000000000000000e+03 2.956891655387443654e-02
4.560000000000000000e+03 2.938068561925703467e-02
4.562000000000000000e+03 2.919747971673215467e-02
4.564000000000000000e+03 2.900725972689920801e-02
4.566000000000000000e+03 2.884067183504002846e-02
4.568000000000000000e+03 2.865482774003045088e-02
4.570000000000000000e+03 2.848040988982541988e-02
4.572000000000000000e+03 2.827429844259159858e-02
4.574000000000000000e+03 2.809195030630065246e-02
4.576000000000000000e+03 2.792730541970827457e-02
4.578000000000000000e+03 2.771225380070620539e-02
4.580000000000000000e+03 2.752107172322355855e-02
4.582000000000000000e+03 2.735389810160163138e-02
4.584000000000000000e+03 2.719217418774774742e-02
4.586000000000000000e+03 2.696093583184569487e-02
4.588000000000000000e+03 2.680380083549728856e-02
4.590000000000000000e+03 2.665844942541134924e-02
4.592000000000000000e+03 2.649982494896979679e-02
4.594000000000000000e+03 2.634673905171407843e-02
4.596000000000000000e+03 2.621815381060531303e-02
4.598000000000000000e+03 2.610787735706654802e-02
4.600000000000000000e+03 2.599070480403664965e-02
4.602000000000000000e+03 2.588562114977386100e-02
4.604000000000000000e+03 2.579904082238563059e-02
4.606000000000000000e+03 2.567380679402678917e-02
4.608000000000000000e+03 2.560532659687783652e-02
4.610000000000000000e+03 2.559392162657359721e-02
4.612000000000000000e+03 2.549913700565717076e-02
4.614000000000000000e+03 2.548716703230520519e-02
4.616000000000000000e+03 2.546857755083008212e-02
4.618000000000000000e+03 2.548192094548427586e-02
4.620000000000000000e+03 2.549515720273046876e-02
4.622000000000000000e+03 2.555329910333929699e-02
4.624000000000000000e+03 2.559209430626411749e-02
4.626000000000000000e+03 2.568269291549868036e-02
4.628000000000000000e+03 2.573452052876070567e-02
4.630000000000000000e+03 2.590988284402651401e-02
4.632000000000000000e+03 2.598167059763698689e-02
4.634000000000000000e+03 2.612531278174688720e-02
4.636000000000000000e+03 2.624316398990774249e-02
4.638000000000000000e+03 2.640054535883863338e-02
4.640000000000000000e+03 2.653865626901521016e-02
4.642000000000000000e+03 2.670336084414172070e-02
4.644000000000000000e+03 2.684216592596812626e-02
4.646000000000000000e+03 2.696151823163734154e-02
4.648000000000000000e+03 2.704810415357583250e-02
4.650000000000000000e+03 2.714807710197866819e-02
4.652000000000000000e+03 2.716869072815240871e-02
4.654000000000000000e+03 2.720914619149395960e-02
4.656000000000000000e+03 2.711658317186269734e-02
4.658000000000000000e+03 2.705685309804433530e-02
4.660000000000000000e+03 2.677657159753784114e-02
4.662000000000000000e+03 2.644152987366975988e-02
4.664000000000000000e+03 2.607171844091414961e-02
4.666000000000000000e+03 2.547245728986816463e-02
4.668000000000000000e+03 2.493819037473460343e-02
4.670000000000000000e+03 2.414622126751135231e-02
4.672000000000000000e+03 2.331784672478362519e-02
4.674000000000000000e+03 2.231094032074384947e-02
4.676000000000000000e+03 2.132076892581846739e-02
4.678000000000000000e+03 2.027967250693222742e-02
4.680000000000000000e+03 1.913991130257040527e-02
4.682000000000000000e+03 1.792137439195322021e-02
4.684000000000000000e+03 1.665775403711926630e-02
4.686000000000000000e+03 1.548526499992530260e-02
4.688000000000000000e+03 1.426089581172915004e-02
4.690000000000000000e+03 1.305970781472733620e-02
4.692000000000000000e+03 1.192973807034319704e-02
4.694000000000000000e+03 1.085772981019182855e-02
4.696000000000000000e+03 9.878387241662556911e-03
4.698000000000000000e+03 8.923282952113295585e-03
4.700000000000000000e+03 8.047772907257460043e-03
4.702000000000000000e+03 7.245389127309238321e-03
4.704000000000000000e+03 6.542785858669158093e-03
4.706000000000000000e+03 5.878733627496289874e-03
4.708000000000000000e+03 5.311105215356186002e-03
4.710000000000000000e+03 4.754787103333319234e-03
4.712000000000000000e+03 4.276045693901749448e-03
4.714000000000000000e+03 3.848769894676272452e-03
4.716000000000000000e+03 3.456436567986481863e-03
4.718000000000000000e+03 3.112534883141002302e-03
4.720000000000000000e+03 2.801169190144782786e-03
4.722000000000000000e+03 2.526736610939228807e-03
4.724000000000000000e+03 2.280253070202088381e-03
4.726000000000000000e+03 2.070323542003571146e-03
4.728000000000000000e+03 1.869584337000154651e-03
4.730000000000000000e+03 1.697185104180321631e-03
4.732000000000000000e+03 1.532000314241486506e-03
4.734000000000000000e+03 1.400339749651471552e-03
4.736000000000000000e+03 1.271088977681215579e-03
4.738000000000000000e+03 1.158502596296109334e-03
4.740000000000000000e+03 1.046259755757141668e-03
4.742000000000000000e+03 9.586570526358971804e-04
4.744000000000000000e+03 8.679043961097480464e-04
4.746000000000000000e+03 7.919041656230542924e-04
4.748000000000000000e+03 7.292934094088996842e-04
4.750000000000000000e+03 6.872195479711669039e-04
4.760000000000000000e+03 4.747554078663082091e-04
4.770000000000000000e+03 3.254269584580832156e-04
4.780000000000000000e+03 2.155734565987016827e-04
4.790000000000000000e+03 1.526294319636533150e-04
4.800000000000000000e+03 1.044644027233957231e-04
4.810000000000000000e+03 7.625977763921731845e-05
4.820000000000000000e+03 5.386572005201797686e-05
4.830000000000000000e+03 4.023646232653564923e-05
4.840000000000000000e+03 2.903914452365879531e-05
4.850000000000000000e+03 2.207299877898219299e-05
4.860000000000000000e+03 1.629033929884304824e-05
4.870000000000000000e+03 1.266686374120897349e-05
4.880000000000000000e+03 9.552117659372665054e-06
4.890000000000000000e+03 7.517529739661056709e-06
4.900000000000000000e+03 5.764219977008097375e-06
4.910000000000000000e+03 4.587110756895438486e-06
