4.640000000000000000e+03 2.014223972948330901e-05
4.650000000000000000e+03 7.470770709823153113e-05
4.660000000000000000e+03 2.514390483709722695e-04
4.670000000000000000e+03 7.268345594221984392e-04
4.680000000000000000e+03 1.558152592734869364e-03
4.690000000000000000e+03 3.452197566900317652e-03
4.700000000000000000e+03 5.377703387427625742e-03
4.710000000000000000e+03 7.334953454334613293e-03
4.720000000000000000e+03 9.323596594232973558e-03
4.722000000000000000e+03 1.014783745750151220e-02
4.724000000000000000e+03 1.096025668076443596e-02
4.726000000000000000e+03 1.173905755768179029e-02
4.728000000000000000e+03 1.250582460120188560e-02
4.730000000000000000e+03 1.326050149055767874e-02
4.732000000000000000e+03 1.399563560261311151e-02
4.734000000000000000e+03 1.473309121503514965e-02
4.736000000000000000e+03 1.545093781615058254e-02
4.738000000000000000e+03 1.616371632214099949e-02
4.740000000000000000e+03 1.687871636476047030e-02
4.742000000000000000e+03 1.760338191609428157e-02
4.744000000000000000e+03 1.832294425474161395e-02
4.746000000000000000e+03 1.905209638851377424e-02
4.748000000000000000e+03 1.981301713678692775e-02
4.750000000000000000e+03 2.058367736380918578e-02
4.752000000000000000e+03 2.137876828074188398e-02
4.754000000000000000e+03 2.219853393606892669e-02
4.756000000000000000e+03 2.305050363760686311e-02
4.758000000000000000e+03 2.391994382066553460e-02
4.760000000000000000e+03 2.482182051814373763e-02
4.762000000000000000e+03 2.576389064538590554e-02
4.764000000000000000e+03 2.673124415570411055e-02
4.766000000000000000e+03 2.773146778858627190e-02
4.768000000000000000e+03 2.876471566302908969e-02
4.770000000000000000e+03 2.983113063006745391e-02
4.772000000000000000e+03 3.091580672936864241e-02
4.774000000000000000e+03 3.204141990545307517e-02
4.776000000000000000e+03 3.318551391274707218e-02
4.778000000000000000e+03 3.435572035970668736e-02
4.780000000000000000e+03 3.555970232696394062e-02
4.782000000000000000e+03 3.678980025779205604e-02
4.784000000000000000e+03 3.804634058380284428e-02
4.786000000000000000e+03 3.931421584450744272e-02
4.788000000000000000e+03 4.059347126643187559e-02
4.790000000000000000e+03 4.186888806752840642e-02
4.792000000000000000e+03 4.313306295990980421e-02
4.794000000000000000e+03 4.440096336026578411e-02
4.796000000000000000e+03 4.565727537723008461e-02
4.798000000000000000e+03 4.689425695392019505e-02
4.800000000000000000e+03 4.809643987800355652e-02
4.802000000000000000e+03 4.925592543933721840e-02
4.804000000000000000e+03 5.039564216957755777e-02
4.806000000000000000e+03 5.148461272120394283e-02
4.808000000000000000e+03 5.253803578933067403e-02
4.810000000000000000e+03 5.353251971973894269e-02
4.812000000000000000e+03 5.447518980819741202e-02
4.814000000000000000e+03 5.535835043974159098e-02
4.816000000000000000e+03 5.617394918573647561e-02
4.818000000000000000e+03 5.693725158395881308e-02
4.820000000000000000e+03 5.764018392055493545e-02
4.822000000000000000e+03 5.828282977393198921e-02
4.824000000000000000e+03 5.886455394125245794e-02
4.826000000000000000e+03 5.939290889746811491e-02
4.828000000000000000e+03 5.985195121038378724e-02
4.830000000000000000e+03 6.025708263492608741e-02
4.832000000000000000e+03 6.060805184570162291e-02
4.834000000000000000e+03 6.092037623318236061e-02
4.836000000000000000e+03 6.118598060023586888e-02
4.838000000000000000e+03 6.140466535175415075e-02
4.840000000000000000e+03 6.158413244311983920e-02
4.842000000000000000e+03 6.173213527401222311e-02
4.844000000000000000e+03 6.185648131212917455e-02
4.846000000000000000e+03 6.195705870139010807e-02
4.848000000000000000e+03 6.203376519186119820e-02
4.850000000000000000e+03 6.209446905734647415e-02
4.852000000000000000e+03 6.213868792130063101e-02
4.854000000000000000e+03 6.216675611580713134e-02
4.856000000000000000e+03 6.218663279354620654e-02
4.858000000000000000e+03 6.219024995121612276e-02
4.860000000000000000e+03 6.220164500952315989e-02
4.862000000000000000e+03 6.221321944914099539e-02
4.864000000000000000e+03 6.223262419547224283e-02
4.866000000000000000e+03 6.225989979806217933e-02
4.868000000000000000e+03 6.229508684310896410e-02
4.870000000000000000e+03 6.233821122808852477e-02
4.872000000000000000e+03 6.238116643299843750e-02
4.874000000000000000e+03 6.243212617561508943e-02
4.876000000000000000e+03 6.249109663849617552e-02
4.878000000000000000e+03 6.256628473602050822e-02
4.880000000000000000e+03 6.265775206523807594e-02
4.882000000000000000e+03 6.275740063981319339e-02
4.884000000000000000e+03 6.286526524355458279e-02
4.886000000000000000e+03 6.298139155383333798e-02
4.888000000000000000e+03 6.311399664821035205e-02
4.890000000000000000e+03 6.327962296530909025e-02
4.892000000000000000e+03 6.345367305019344872e-02
4.894000000000000000e+03 6.364446009932130111e-02
4.896000000000000000e+03 6.384379685966555529e-02
4.898000000000000000e+03 6.406825560001407072e-02
4.900000000000000000e+03 6.430966100035709343e-02
4.902000000000000000e+03 6.455188330340068392e-02
4.904000000000000000e+03 6.479455260721427023e-02
4.906000000000000000e+03 6.505428605380864093e-02
4.908000000000000000e+03 6.532284009562340510e-02
4.910000000000000000e+03 6.560858827219873124e-02
4.912000000000000000e+03 6.589447833327448378e-02
4.914000000000000000e+03 6.618930360193336915e-02
4.916000000000000000e+03 6.648471150192107604e-02
4.918000000000000000e+03 6.678908734052804719e-02
4.920000000000000000e+03 6.709406985339291807e-02
4.922000000000000000e+03 6.740804940450964566e-02
4.924000000000000000e+03 6.774792253091918570e-02
4.926000000000000000e+03 6.807162692219696776e-02
4.928000000000000000e+03 6.840443591347555863e-02
4.930000000000000000e+03 6.875484735892406496e-02
4.932000000000000000e+03 6.908055285275584156e-02
4.934000000000000000e+03 6.940690283153536089e-02
4.936000000000000000e+03 6.974240539945057715e-02
4.938000000000000000e+03 7.007008740768139177e-02
4.940000000000000000e+03 7.039841932627427523e-02
4.942000000000000000e+03 7.071077133687200811e-02
4.944000000000000000e+03 7.100666399524897809e-02
4.946000000000000000e+03 7.130310448207270724e-02
4.948000000000000000e+03 7.159155433275608826e-02
4.950000000000000000e+03 7.188911499503081171e-02
4.952000000000000000e+03 7.217862783306989993e-02
4.954000000000000000e+03 7.243427327169178753e-02
4.956000000000000000e+03 7.269036758182374769e-02
4.958000000000000000e+03 7.294690040658523278e-02
4.960000000000000000e+03 7.319523536754217463e-02
4.962000000000000000e+03 7.343488216330894269e-02
4.964000000000000000e+03 7.366626157655259410e-02
4.966000000000000000e+03 7.388932730712420571e-02
4.968000000000000000e+03 7.408669085184865777e-02
4.970000000000000000e+03 7.427562653446022345e-02
4.972000000000000000e+03 7.446526132133404752e-02
4.974000000000000000e+03 7.464642790047795740e-02
4.976000000000000000e+03 7.481908499595397999e-02
4.978000000000000000e+03 7.497446298351113925e-02
4.980000000000000000e+03 7.512124076499507308e-02
4.982000000000000000e+03 7.525935664382847612e-02
4.984000000000000000e+03 7.539756447980698606e-02
4.986000000000000000e+03 7.551830636022162369e-02
4.988000000000000000e+03 7.563030385848217019e-02
4.990000000000000000e+03 7.573351559448739112e-02
4.992000000000000000e+03 7.583671611523278011e-02
4.994000000000000000e+03 7.593992840138412415e-02
4.996000000000000000e+03 7.603429476031292600e-02
4.998000000000000000e+03 7.612864883449547981e-02
5.000000000000000000e+03 7.622299599952023219e-02
5.002000000000000000e+03 7.633838842692426685e-02
5.004000000000000000e+03 7.645377151057002052e-02
5.006000000000000000e+03 7.656912905411782100e-02
5.008000000000000000e+03 7.669341151133074463e-02
5.010000000000000000e+03 7.680876484910072188e-02
5.012000000000000000e+03 7.693305444333099763e-02
5.014000000000000000e+03 7.705735822408203706e-02
5.016000000000000000e+03 7.719066293526323508e-02
5.018000000000000000e+03 7.732402170393969099e-02
5.020000000000000000e+03 7.745741271837952580e-02
5.022000000000000000e+03 7.759130191275739885e-02
5.024000000000000000e+03 7.772523577931503280e-02
5.026000000000000000e+03 7.787735490208796962e-02
5.028000000000000000e+03 7.802956592483790976e-02
5.030000000000000000e+03 7.818188534550368773e-02
5.032000000000000000e+03 7.833383556061504494e-02
5.034000000000000000e+03 7.849500428645553307e-02
5.036000000000000000e+03 7.866545715888446921e-02
5.038000000000000000e+03 7.886350826216340093e-02
5.040000000000000000e+03 7.908014945278991903e-02
5.042000000000000000e+03 7.930673610332476808e-02
5.044000000000000000e+03 7.953364194609738314e-02
5.046000000000000000e+03 7.977009934502736488e-02
5.048000000000000000e+03 7.999770842573002139e-02
5.050000000000000000e+03 8.023489277887636828e-02
5.052000000000000000e+03 8.048118198700919546e-02
5.054000000000000000e+03 8.074639336342344376e-02
5.056000000000000000e+03 8.101206547275749403e-02
5.058000000000000000e+03 8.129678160078165905e-02
5.060000000000000000e+03 8.158199979925311041e-02
5.062000000000000000e+03 8.187755062373866521e-02
5.064000000000000000e+03 8.218298839943079248e-02
5.066000000000000000e+03 8.249834563230443174e-02
5.068000000000000000e+03 8.280493176532198463e-02
5.070000000000000000e+03 8.313086265345330517e-02
5.072000000000000000e+03 8.346680363370916067e-02
5.074000000000000000e+03 8.379397687431652808e-02
5.076000000000000000e+03 8.415007488920193957e-02
5.078000000000000000e+03 8.450688316875418216e-02
5.080000000000000000e+03 8.485495004782109274e-02
5.082000000000000000e+03 8.520316638448029167e-02
5.084000000000000000e+03 8.555205403135697495e-02
5.086000000000000000e+03 8.591113716051938798e-02
5.088000000000000000e+03 8.627093238202114545e-02
5.090000000000000000e+03 8.663143981210676137e-02
5.092000000000000000e+03 8.700272529851324488e-02
5.094000000000000000e+03 8.737476251810259720e-02
5.096000000000000000e+03 8.773797190717444461e-02
5.098000000000000000e+03 8.810188670572069447e-02
5.100000000000000000e+03 8.846653608955590276e-02
5.102000000000000000e+03 8.882223180226574144e-02
5.104000000000000000e+03 8.917864463043602419e-02
5.106000000000000000e+03 8.952606945043647957e-02
5.108000000000000000e+03 8.986449757817903394e-02
5.110000000000000000e+03 9.020357319312038991e-02
5.112000000000000000e+03 9.051418300230176794e-02
5.114000000000000000e+03 9.082535292728176335e-02
5.116000000000000000e+03 9.112734552759650664e-02
5.118000000000000000e+03 9.140061845494805437e-02
5.120000000000000000e+03 9.166460347775710893e-02
5.122000000000000000e+03 9.192892681070843897e-02
5.124000000000000000e+03 9.217407804969852958e-02
5.126000000000000000e+03 9.241957927802363360e-02
5.128000000000000000e+03 9.265560515200479963e-02
5.130000000000000000e+03 9.289194599623400161e-02
5.132000000000000000e+03 9.308869096967337109e-02
5.134000000000000000e+03 9.326591711787642069e-02
5.136000000000000000e+03 9.343340298556288004e-02
5.138000000000000000e+03 9.358123035847934479e-02
5.140000000000000000e+03 9.370931184407257919e-02
5.142000000000000000e+03 9.382799167270373941e-02
5.144000000000000000e+03 9.392679899343718553e-02
5.146000000000000000e+03 9.401554288153417260e-02
5.148000000000000000e+03 9.409422154370979119e-02
5.150000000000000000e+03 9.416276696969154425e-02
5.152000000000000000e+03 9.421114800529509226e-02
5.154000000000000000e+03 9.422928967860443039e-02
5.156000000000000000e+03 9.423708443913318689e-02
5.158000000000000000e+03 9.422446761960509565e-02
5.160000000000000000e+03 9.418128558188838817e-02
5.162000000000000000e+03 9.415768759181122882e-02
5.164000000000000000e+03 9.412354231931563397e-02
5.166000000000000000e+03 9.406875087877999975e-02
5.168000000000000000e+03 9.399322533782006328e-02
5.170000000000000000e+03 9.389687161302667784e-02
5.172000000000000000e+03 9.377959939688074176e-02
5.174000000000000000e+03 9.367174239573861083e-02
5.176000000000000000e+03 9.353272856845253058e-02
5.178000000000000000e+03 9.339293943877313708e-02
5.180000000000000000e+03 9.322180504730828710e-02
5.182000000000000000e+03 9.304922543749713504e-02
5.184000000000000000e+03 9.286554874346202026e-02
5.186000000000000000e+03 9.269123149261709882e-02
5.188000000000000000e+03 9.252628636328071032e-02
5.190000000000000000e+03 9.237078805328373388e-02
5.192000000000000000e+03 9.219444473302593202e-02
5.194000000000000000e+03 9.202753361031350277e-02
5.196000000000000000e+03 9.187009229909245955e-02
5.198000000000000000e+03 9.170151311345478562e-02
5.200000000000000000e+03 9.152177690915754005e-02
5.202000000000000000e+03 9.134063451917656673e-02
5.204000000000000000e+03 9.114829096590075508e-02
5.206000000000000000e+03 9.097579237250937034e-02
5.208000000000000000e+03 9.078168090640217902e-02
5.210000000000000000e+03 9.057627600365465714e-02
5.212000000000000000e+03 9.037043308661625585e-02
5.214000000000000000e+03 9.016365950173768629e-02
5.216000000000000000e+03 8.997688291298751306e-02
5.218000000000000000e+03 8.981014690365919650e-02
5.220000000000000000e+03 8.965310948921391410e-02
5.222000000000000000e+03 8.951576869694301275e-02
5.224000000000000000e+03 8.939872972096600534e-02
5.226000000000000000e+03 8.928102484005159822e-02
5.228000000000000000e+03 8.917319941927667748e-02
5.230000000000000000e+03 8.908586376489001368e-02
5.232000000000000000e+03 8.900849977533113744e-02
5.234000000000000000e+03 8.894117593073744277e-02
5.236000000000000000e+03 8.888392960743479732e-02
5.238000000000000000e+03 8.882620519821435301e-02
5.240000000000000000e+03 8.878926286043961613e-02
5.242000000000000000e+03 8.876249790310135335e-02
5.244000000000000000e+03 8.873532960606123066e-02
5.246000000000000000e+03 8.870777727958806258e-02
5.248000000000000000e+03 8.870118583560374081e-02
5.250000000000000000e+03 8.869426881303971166e-02
5.252000000000000000e+03 8.869825324559676982e-02
5.254000000000000000e+03 8.870194778744203146e-02
5.256000000000000000e+03 8.871606406732661376e-02
5.258000000000000000e+03 8.876218340196176393e-02
5.260000000000000000e+03 8.880811741177103980e-02
5.262000000000000000e+03 8.888511939664844874e-02
5.264000000000000000e+03 8.898362141506345468e-02
5.266000000000000000e+03 8.912535867302634474e-02
5.268000000000000000e+03 8.927799736956842924e-02
5.270000000000000000e+03 8.945243431362617792e-02
5.272000000000000000e+03 8.964928599116127328e-02
5.274000000000000000e+03 8.984635541748532683e-02
5.276000000000000000e+03 9.007632052338339357e-02
5.278000000000000000e+03 9.031750969053303768e-02
5.280000000000000000e+03 9.056994051321605455e-02
5.282000000000000000e+03 9.082274492685428469e-02
5.284000000000000000e+03 9.107590060973105861e-02
5.286000000000000000e+03 9.131845049083717192e-02
5.288000000000000000e+03 9.157233398640304833e-02
5.290000000000000000e+03 9.184856160724362562e-02
5.292000000000000000e+03 9.213563148843657846e-02
5.294000000000000000e+03 9.242317728577695291e-02
5.296000000000000000e+03 9.272218248442498645e-02
5.298000000000000000e+03 9.303273772045095313e-02
5.300000000000000000e+03 9.336590602140024120e-02
5.302000000000000000e+03 9.372184650466593159e-02
5.304000000000000000e+03 9.410057538403926447e-02
5.306000000000000000e+03 9.449111082449185295e-02
5.308000000000000000e+03 9.490460774651723885e-02
5.310000000000000000e+03 9.533001483817152288e-02
5.312000000000000000e+03 9.576793430176623600e-02
5.314000000000000000e+03 9.621786375000573877e-02
5.316000000000000000e+03 9.669101688243211812e-02
5.318000000000000000e+03 9.716511351456770529e-02
5.320000000000000000e+03 9.765133231958020299e-02
5.322000000000000000e+03 9.812606143104460332e-02
5.324000000000000000e+03 9.860172297934732821e-02
5.326000000000000000e+03 9.906704062441171188e-02
5.328000000000000000e+03 9.952195717361275729e-02
5.330000000000000000e+03 9.997773471103439669e-02
5.332000000000000000e+03 1.004349406171837211e-01
5.334000000000000000e+03 1.009156417443270587e-01
5.336000000000000000e+03 1.014085832006649118e-01
5.338000000000000000e+03 1.019024928158183130e-01
5.340000000000000000e+03 1.023746198949419955e-01
5.342000000000000000e+03 1.028703866525397664e-01
5.344000000000000000e+03 1.033556931461457468e-01
5.346000000000000000e+03 1.038419391233869338e-01
5.348000000000000000e+03 1.043176872974198865e-01
5.350000000000000000e+03 1.048057427744555903e-01
5.352000000000000000e+03 1.053055070891801559e-01
5.354000000000000000e+03 1.058062206218014917e-01
5.356000000000000000e+03 1.062849125899930081e-01
5.358000000000000000e+03 1.067759853482238563e-01
5.360000000000000000e+03 1.072679715874541306e-01
5.362000000000000000e+03 1.077263034908476358e-01
5.364000000000000000e+03 1.081508548131029368e-01
5.366000000000000000e+03 1.085876858812492574e-01
5.368000000000000000e+03 1.090368614666457348e-01
5.370000000000000000e+03 1.094520824969464762e-01
5.372000000000000000e+03 1.098557750780330133e-01
5.374000000000000000e+03 1.102485378835980773e-01
5.376000000000000000e+03 1.106070654665867875e-01
5.378000000000000000e+03 1.109661674173193779e-01
5.380000000000000000e+03 1.113025096529660085e-01
5.382000000000000000e+03 1.116400137991010039e-01
5.384000000000000000e+03 1.119663456345989239e-01
5.386000000000000000e+03 1.122814473350567666e-01
5.388000000000000000e+03 1.125735816601245304e-01
5.390000000000000000e+03 1.128543764180111597e-01
5.392000000000000000e+03 1.131230818987200570e-01
5.394000000000000000e+03 1.133686201706302077e-01
5.396000000000000000e+03 1.136144002172831541e-01
5.398000000000000000e+03 1.138368970739529334e-01
5.400000000000000000e+03 1.140478114254008524e-01
5.402000000000000000e+03 1.142471136208565580e-01
5.404000000000000000e+03 1.144228938873089740e-01
5.406000000000000000e+03 1.145987847631173701e-01
5.408000000000000000e+03 1.147510663200657643e-01
5.410000000000000000e+03 1.148915116514296064e-01
5.412000000000000000e+03 1.149963031197422242e-01
5.414000000000000000e+03 1.151129130769499298e-01
5.416000000000000000e+03 1.152056669547037310e-01
5.418000000000000000e+03 1.152863741831205852e-01
5.420000000000000000e+03 1.153669310272960047e-01
5.422000000000000000e+03 1.154585974104341828e-01
5.424000000000000000e+03 1.155381942890795210e-01
5.426000000000000000e+03 1.156056711031481915e-01
5.428000000000000000e+03 1.156489650985128292e-01
5.430000000000000000e+03 1.157160523103446248e-01
5.432000000000000000e+03 1.157348843096470681e-01
5.434000000000000000e+03 1.157534057547708745e-01
5.436000000000000000e+03 1.157596122901443925e-01
5.438000000000000000e+03 1.157413542590143979e-01
5.440000000000000000e+03 1.157348123420432334e-01
5.442000000000000000e+03 1.157399954373042883e-01
5.444000000000000000e+03 1.157206565141382232e-01
5.446000000000000000e+03 1.157130549298978767e-01
5.448000000000000000e+03 1.156929940196709389e-01
5.450000000000000000e+03 1.156725353938145712e-01
5.452000000000000000e+03 1.156509961067130193e-01
5.454000000000000000e+03 1.156168888446596488e-01
5.456000000000000000e+03 1.155701852185416212e-01
5.458000000000000000e+03 1.155352699538542416e-01
5.460000000000000000e+03 1.155244292458994237e-01
5.462000000000000000e+03 1.155255175289859187e-01
5.464000000000000000e+03 1.155263025576478558e-01
5.466000000000000000e+03 1.155267769010665524e-01
5.468000000000000000e+03 1.155146547517587052e-01
5.470000000000000000e+03 1.155021931283490566e-01
5.472000000000000000e+03 1.155009100946517847e-01
5.474000000000000000e+03 1.155116600012488504e-01
5.476000000000000000e+03 1.155468138432735187e-01
5.478000000000000000e+03 1.155817352127684605e-01
5.480000000000000000e+03 1.156288181940627602e-01
5.482000000000000000e+03 1.156757062641279726e-01
5.484000000000000000e+03 1.156976049941874224e-01
5.486000000000000000e+03 1.157440716283192894e-01
5.488000000000000000e+03 1.158152145040520359e-01
5.490000000000000000e+03 1.158862030689439965e-01
5.492000000000000000e+03 1.159570519305557351e-01
5.494000000000000000e+03 1.160402407720007439e-01
5.496000000000000000e+03 1.161233038074930696e-01
5.498000000000000000e+03 1.162062712837204498e-01
5.500000000000000000e+03 1.163016274984665643e-01
5.502000000000000000e+03 1.163999033624270180e-01
5.504000000000000000e+03 1.165231832479342311e-01
5.506000000000000000e+03 1.166464455616595258e-01
5.508000000000000000e+03 1.168073856638552899e-01
5.510000000000000000e+03 1.169684030049188278e-01
5.512000000000000000e+03 1.171294423440875226e-01
5.514000000000000000e+03 1.172779437746588049e-01
5.516000000000000000e+03 1.174643196913806587e-01
5.518000000000000000e+03 1.176634673377895263e-01
5.520000000000000000e+03 1.178753958450485667e-01
5.522000000000000000e+03 1.180874988486519950e-01
5.524000000000000000e+03 1.183124509880550124e-01
5.526000000000000000e+03 1.185502996688648641e-01
5.528000000000000000e+03 1.187883382736962534e-01
5.530000000000000000e+03 1.190266282964054373e-01
5.532000000000000000e+03 1.192770855396273338e-01
5.534000000000000000e+03 1.195405184862671361e-01
5.536000000000000000e+03 1.198042368274289116e-01
5.538000000000000000e+03 1.200809833507053559e-01
5.540000000000000000e+03 1.203324908891218320e-01
5.542000000000000000e+03 1.205962823714991083e-01
5.544000000000000000e+03 1.208731533524252250e-01
5.546000000000000000e+03 1.211631429786648312e-01
5.548000000000000000e+03 1.214277960861145367e-01
5.550000000000000000e+03 1.217183966512974946e-01
5.552000000000000000e+03 1.220357168322486335e-01
5.554000000000000000e+03 1.223662897664604676e-01
5.556000000000000000e+03 1.226843635804503174e-01
5.558000000000000000e+03 1.230028270234064247e-01
5.560000000000000000e+03 1.233345823529742730e-01
5.562000000000000000e+03 1.236530239950833499e-01
5.564000000000000000e+03 1.239588990827484166e-01
5.566000000000000000e+03 1.242651176493513587e-01
5.568000000000000000e+03 1.245976041443638133e-01
5.570000000000000000e+03 1.249434770827910213e-01
5.572000000000000000e+03 1.252767643442528056e-01
5.574000000000000000e+03 1.255714506279201614e-01
5.576000000000000000e+03 1.258664617768760485e-01
5.578000000000000000e+03 1.261487466382791300e-01
5.580000000000000000e+03 1.264574189019396500e-01
5.582000000000000000e+03 1.267394978119792959e-01
5.584000000000000000e+03 1.270218714987881026e-01
5.586000000000000000e+03 1.272652705406934481e-01
5.588000000000000000e+03 1.275220104948303623e-01
5.590000000000000000e+03 1.277789615789623745e-01
5.592000000000000000e+03 1.280361475018576556e-01
5.594000000000000000e+03 1.282804293252361172e-01
5.596000000000000000e+03 1.285117841356435975e-01
5.598000000000000000e+03 1.287433298888556732e-01
5.600000000000000000e+03 1.289486953218271226e-01
5.602000000000000000e+03 1.290871724468359572e-01
5.604000000000000000e+03 1.292257332464773478e-01
5.606000000000000000e+03 1.293511458756884946e-01
5.608000000000000000e+03 1.294633960573821352e-01
5.610000000000000000e+03 1.295624775453421695e-01
5.612000000000000000e+03 1.296483673416372606e-01
5.614000000000000000e+03 1.297210279966519442e-01
5.616000000000000000e+03 1.297804372803524897e-01
5.618000000000000000e+03 1.298001163630149446e-01
5.620000000000000000e+03 1.298196977279229281e-01
5.622000000000000000e+03 1.298384522640379790e-01
5.624000000000000000e+03 1.298438584524071460e-01
5.626000000000000000e+03 1.298226447337386957e-01
5.628000000000000000e+03 1.297880080624196630e-01
5.630000000000000000e+03 1.297532792273596303e-01
5.632000000000000000e+03 1.296917418955386980e-01
5.634000000000000000e+03 1.296167401183482837e-01
5.636000000000000000e+03 1.295415784319763064e-01
5.638000000000000000e+03 1.294529232027720189e-01
5.640000000000000000e+03 1.293507364381340230e-01
5.642000000000000000e+03 1.292350367850187698e-01
5.644000000000000000e+03 1.290924466692221217e-01
5.646000000000000000e+03 1.289362610837648804e-01
5.648000000000000000e+03 1.287664905741103261e-01
5.650000000000000000e+03 1.285964181087574376e-01
5.652000000000000000e+03 1.284260436438275088e-01
5.654000000000000000e+03 1.282420320014207304e-01
5.656000000000000000e+03 1.280309376823224043e-01
5.658000000000000000e+03 1.278329534471617235e-01
5.660000000000000000e+03 1.276212408069090920e-01
5.662000000000000000e+03 1.273957912306297180e-01
5.664000000000000000e+03 1.271565779996197409e-01
5.666000000000000000e+03 1.269304592468247506e-01
5.668000000000000000e+03 1.266905706299215617e-01
5.670000000000000000e+03 1.264503164522880752e-01
5.672000000000000000e+03 1.261820425424508008e-01
5.674000000000000000e+03 1.259402990461055971e-01
5.676000000000000000e+03 1.256847294729243059e-01
5.678000000000000000e+03 1.253884518463812270e-01
5.680000000000000000e+03 1.251052167221676503e-01
5.682000000000000000e+03 1.248216081465864380e-01
5.684000000000000000e+03 1.245241430086798801e-01
5.686000000000000000e+03 1.242262588396538525e-01
5.688000000000000000e+03 1.239279884554118361e-01
5.690000000000000000e+03 1.236427970285662037e-01
5.692000000000000000e+03 1.233706554127614041e-01
5.694000000000000000e+03 1.231657171758506197e-01
5.696000000000000000e+03 1.230821746666972138e-01
5.698000000000000000e+03 1.230931355772285074e-01
5.700000000000000000e+03 1.227385706298266405e-01
5.702000000000000000e+03 1.225731597428001834e-01
5.704000000000000000e+03 1.223126315315055529e-01
5.706000000000000000e+03 1.220653000145681816e-01
5.708000000000000000e+03 1.218447570097672406e-01
5.710000000000000000e+03 1.216374680637830746e-01
5.712000000000000000e+03 1.214298506854581128e-01
5.714000000000000000e+03 1.212355244732546689e-01
5.716000000000000000e+03 1.210544944584647786e-01
5.718000000000000000e+03 1.208595866803340441e-01
5.720000000000000000e+03 1.206644094169255221e-01
5.722000000000000000e+03 1.204552489935256099e-01
5.724000000000000000e+03 1.202457805264968982e-01
5.726000000000000000e+03 1.200632812531842869e-01
5.728000000000000000e+03 1.198941441497374111e-01
5.730000000000000000e+03 1.197247584984248714e-01
5.732000000000000000e+03 1.195687524583259609e-01
5.734000000000000000e+03 1.194125122822880247e-01
5.736000000000000000e+03 1.192696915122803403e-01
5.738000000000000000e+03 1.191403032552803692e-01
5.740000000000000000e+03 1.190243854561326836e-01
5.742000000000000000e+03 1.189212051056529190e-01
5.744000000000000000e+03 1.188041424796503487e-01
5.746000000000000000e+03 1.187279727539547608e-01
5.748000000000000000e+03 1.186790634004752099e-01
5.750000000000000000e+03 1.186574482093677024e-01
5.752000000000000000e+03 1.186501049595495572e-01
5.754000000000000000e+03 1.186426926823537370e-01
5.756000000000000000e+03 1.186488936985363313e-01
5.758000000000000000e+03 1.186687874900772821e-01
5.760000000000000000e+03 1.187161250163121518e-01
5.762000000000000000e+03 1.187634107837486630e-01
5.764000000000000000e+03 1.188244447057627828e-01
5.766000000000000000e+03 1.188992480131169371e-01
5.768000000000000000e+03 1.189878085332299607e-01
5.770000000000000000e+03 1.190625924186515944e-01
5.772000000000000000e+03 1.191365997687157535e-01
5.774000000000000000e+03 1.192244092580306281e-01
5.776000000000000000e+03 1.193122392099658785e-01
5.778000000000000000e+03 1.194138656995753084e-01
5.780000000000000000e+03 1.195293598101093147e-01
5.782000000000000000e+03 1.196593853304359634e-01
5.784000000000000000e+03 1.198171274198487207e-01
5.786000000000000000e+03 1.199611237768838795e-01
5.788000000000000000e+03 1.201328788667412745e-01
5.790000000000000000e+03 1.203047230733381434e-01
5.792000000000000000e+03 1.204897685267672797e-01
5.794000000000000000e+03 1.207026541523988361e-01
5.796000000000000000e+03 1.209295490211793611e-01
5.798000000000000000e+03 1.211704991213093524e-01
5.800000000000000000e+03 1.214115883471837687e-01
5.802000000000000000e+03 1.216813436064190374e-01
5.804000000000000000e+03 1.219652197374369862e-01
5.806000000000000000e+03 1.222631787328214148e-01
5.808000000000000000e+03 1.225613776479266698e-01
5.810000000000000000e+03 1.228876593088471109e-01
5.812000000000000000e+03 1.232133438441103124e-01
5.814000000000000000e+03 1.235392746976349543e-01
5.816000000000000000e+03 1.238794023918335235e-01
5.818000000000000000e+03 1.242058493882540193e-01
5.820000000000000000e+03 1.245464983943580656e-01
5.822000000000000000e+03 1.248602068160542256e-01
5.824000000000000000e+03 1.251741425410481112e-01
5.826000000000000000e+03 1.254883139337684972e-01
5.828000000000000000e+03 1.258166963429369345e-01
5.830000000000000000e+03 1.261733269281917758e-01
5.832000000000000000e+03 1.265154234246529952e-01
5.834000000000000000e+03 1.268717832434889392e-01
5.836000000000000000e+03 1.272424269208546344e-01
5.838000000000000000e+03 1.276133480582353763e-01
5.840000000000000000e+03 1.279845720222504424e-01
5.842000000000000000e+03 1.283989334809907679e-01
5.844000000000000000e+03 1.287855398376119287e-01
5.846000000000000000e+03 1.291583953928942541e-01
5.848000000000000000e+03 1.295175217374801568e-01
5.850000000000000000e+03 1.299050015110923828e-01
5.852000000000000000e+03 1.302778045721252886e-01
5.854000000000000000e+03 1.306649995894204885e-01
5.856000000000000000e+03 1.310242883355914045e-01
5.858000000000000000e+03 1.314120392177362817e-01
5.860000000000000000e+03 1.317859931618662606e-01
5.862000000000000000e+03 1.321610398627515448e-01
5.864000000000000000e+03 1.325222408707213140e-01
5.866000000000000000e+03 1.328555029404721033e-01
5.868000000000000000e+03 1.331748893554716429e-01
5.870000000000000000e+03 1.334944996288887076e-01
5.872000000000000000e+03 1.338424971318490087e-01
5.874000000000000000e+03 1.341907796425821642e-01
5.876000000000000000e+03 1.345251631403349413e-01
5.878000000000000000e+03 1.348314616719960557e-01
5.880000000000000000e+03 1.351379863677339144e-01
5.882000000000000000e+03 1.354446764192891728e-01
5.884000000000000000e+03 1.357799553193166087e-01
5.886000000000000000e+03 1.360729265259860155e-01
5.888000000000000000e+03 1.363518927714291173e-01
5.890000000000000000e+03 1.366310483950544941e-01
5.892000000000000000e+03 1.368961365876212311e-01
5.894000000000000000e+03 1.371614000512434151e-01
5.896000000000000000e+03 1.374268817978719637e-01
5.898000000000000000e+03 1.376782615746270644e-01
5.900000000000000000e+03 1.379013553427999861e-01
5.902000000000000000e+03 1.381102526344839543e-01
5.904000000000000000e+03 1.383192696135055466e-01
5.906000000000000000e+03 1.385284148647731028e-01
5.908000000000000000e+03 1.387234027063278252e-01
5.910000000000000000e+03 1.389042297884630628e-01
5.912000000000000000e+03 1.390716451082772143e-01
5.914000000000000000e+03 1.392105711728128803e-01
5.916000000000000000e+03 1.393495670602465653e-01
5.918000000000000000e+03 1.394599922250616131e-01
5.920000000000000000e+03 1.395704594663138842e-01
5.922000000000000000e+03 1.396943220920929263e-01
5.924000000000000000e+03 1.397896090916867506e-01
5.926000000000000000e+03 1.398562448076544618e-01
5.928000000000000000e+03 1.399228626539297804e-01
5.930000000000000000e+03 1.399894626315940638e-01
5.932000000000000000e+03 1.400568030729483771e-01
5.934000000000000000e+03 1.400810704518275218e-01
5.936000000000000000e+03 1.401196441599147913e-01
5.938000000000000000e+03 1.401725274887401229e-01
5.940000000000000000e+03 1.402110189461305834e-01
5.942000000000000000e+03 1.402350079390089488e-01
5.944000000000000000e+03 1.402445637362582653e-01
5.946000000000000000e+03 1.402252665953411803e-01
5.948000000000000000e+03 1.402058524326143529e-01
5.950000000000000000e+03 1.401863387152003093e-01
5.952000000000000000e+03 1.401666537668752321e-01
5.954000000000000000e+03 1.401324252460145747e-01
5.956000000000000000e+03 1.401125170400907560e-01
5.958000000000000000e+03 1.400636549527605468e-01
5.960000000000000000e+03 1.400146573199460842e-01
5.962000000000000000e+03 1.399518485170343218e-01
5.964000000000000000e+03 1.399033597876039869e-01
5.966000000000000000e+03 1.398692119775589437e-01
5.968000000000000000e+03 1.398204935631734147e-01
5.970000000000000000e+03 1.397426668525136861e-01
5.972000000000000000e+03 1.396782439196256886e-01
5.974000000000000000e+03 1.395847073986659359e-01
5.976000000000000000e+03 1.395054883567014292e-01
5.978000000000000000e+03 1.394261244798043475e-01
5.980000000000000000e+03 1.393466070425532777e-01
5.982000000000000000e+03 1.392531773058607036e-01
5.984000000000000000e+03 1.391741005831178546e-01
5.986000000000000000e+03 1.390948785096707829e-01
5.988000000000000000e+03 1.390155023407885215e-01
5.990000000000000000e+03 1.389359545018791497e-01
5.992000000000000000e+03 1.388416142256080343e-01
5.994000000000000000e+03 1.387616353671351499e-01
5.996000000000000000e+03 1.386815115523869490e-01
5.998000000000000000e+03 1.386158032006125085e-01
6.000000000000000000e+03 1.385645309709678530e-01
6.002000000000000000e+03 1.384717713671052286e-01
6.004000000000000000e+03 1.383789758699270345e-01
6.006000000000000000e+03 1.383007499766632509e-01
6.008000000000000000e+03 1.381933567497104776e-01
6.010000000000000000e+03 1.380859433798639346e-01
6.012000000000000000e+03 1.380229631301969351e-01
6.014000000000000000e+03 1.379308108135944289e-01
6.016000000000000000e+03 1.378386306322165467e-01
6.018000000000000000e+03 1.377318551401628677e-01
6.020000000000000000e+03 1.376396270458809801e-01
6.022000000000000000e+03 1.375765420677606266e-01
6.024000000000000000e+03 1.374842480936518951e-01
6.026000000000000000e+03 1.373773635484930311e-01
6.028000000000000000e+03 1.372850218138508549e-01
6.030000000000000000e+03 1.372218616345655395e-01
6.032000000000000000e+03 1.371585572064437930e-01
6.034000000000000000e+03 1.370806446713447313e-01
6.036000000000000000e+03 1.370319043976403472e-01
6.038000000000000000e+03 1.370123779415634846e-01
6.040000000000000000e+03 1.369490268733656313e-01
6.042000000000000000e+03 1.369147625416030079e-01
6.044000000000000000e+03 1.369242922759541237e-01
6.046000000000000000e+03 1.369338176221798486e-01
6.048000000000000000e+03 1.369579303309021723e-01
6.050000000000000000e+03 1.369528551511453307e-01
6.052000000000000000e+03 1.369923498664620543e-01
6.054000000000000000e+03 1.370172144469853359e-01
6.056000000000000000e+03 1.370712957012332756e-01
6.058000000000000000e+03 1.371107822176085567e-01
6.060000000000000000e+03 1.371940902019479214e-01
6.062000000000000000e+03 1.372910920441816063e-01
6.064000000000000000e+03 1.373734922938114056e-01
6.066000000000000000e+03 1.374412791060453665e-01
6.068000000000000000e+03 1.375090871192116981e-01
6.070000000000000000e+03 1.375622777091376481e-01
6.072000000000000000e+03 1.376308638717150257e-01
6.074000000000000000e+03 1.376994721201978966e-01
6.076000000000000000e+03 1.377826911628743656e-01
6.078000000000000000e+03 1.378805242177642276e-01
6.080000000000000000e+03 1.379783836448511547e-01
6.082000000000000000e+03 1.380907632287767250e-01
6.084000000000000000e+03 1.381885072576755913e-01
6.086000000000000000e+03 1.382424067437676152e-01
6.088000000000000000e+03 1.383109211223471913e-01
6.090000000000000000e+03 1.384233167672233034e-01
6.092000000000000000e+03 1.385503405625806428e-01
6.094000000000000000e+03 1.386773326113515115e-01
6.096000000000000000e+03 1.388189897084285418e-01
6.098000000000000000e+03 1.390045423271883962e-01
6.100000000000000000e+03 1.391608421601700507e-01
6.102000000000000000e+03 1.392878230979805176e-01
6.104000000000000000e+03 1.394148074971634788e-01
6.106000000000000000e+03 1.395710664854041549e-01
6.108000000000000000e+03 1.397273419452191023e-01
6.110000000000000000e+03 1.398982759508987095e-01
6.112000000000000000e+03 1.400691351224412906e-01
6.114000000000000000e+03 1.402400392102633453e-01
6.116000000000000000e+03 1.404109527230122667e-01
6.118000000000000000e+03 1.405818579015692682e-01
6.120000000000000000e+03 1.407674463341787308e-01
6.122000000000000000e+03 1.409237448666672277e-01
6.124000000000000000e+03 1.410800417199396806e-01
6.126000000000000000e+03 1.412217042943390843e-01
6.128000000000000000e+03 1.413780410837869039e-01
6.130000000000000000e+03 1.415197415181227714e-01
6.132000000000000000e+03 1.416760127600027730e-01
6.134000000000000000e+03 1.418176364921101551e-01
6.136000000000000000e+03 1.419592739569293938e-01
6.138000000000000000e+03 1.421302380132427878e-01
6.140000000000000000e+03 1.422719049318553752e-01
6.142000000000000000e+03 1.424291028895796896e-01
6.144000000000000000e+03 1.425569814898254295e-01
6.146000000000000000e+03 1.426849177742699204e-01
6.148000000000000000e+03 1.428421288575210946e-01
6.150000000000000000e+03 1.429554220635986250e-01
6.152000000000000000e+03 1.430530937105240485e-01
6.154000000000000000e+03 1.431654199049824105e-01
6.156000000000000000e+03 1.433070695530244409e-01
6.158000000000000000e+03 1.434487591860608147e-01
6.160000000000000000e+03 1.435611174198117568e-01
6.162000000000000000e+03 1.436587825990070233e-01
6.164000000000000000e+03 1.437418029342076853e-01
6.166000000000000000e+03 1.438248285701508311e-01
6.168000000000000000e+03 1.438932053897372387e-01
6.170000000000000000e+03 1.439469126461013493e-01
6.172000000000000000e+03 1.440152271720554766e-01
6.174000000000000000e+03 1.440835449327398654e-01
6.176000000000000000e+03 1.441372167656085890e-01
6.178000000000000000e+03 1.441762130535097775e-01
6.180000000000000000e+03 1.442005397359456542e-01
6.182000000000000000e+03 1.442247386809761001e-01
6.184000000000000000e+03 1.442342907410667230e-01
6.186000000000000000e+03 1.442438381446624618e-01
6.188000000000000000e+03 1.442533808919799210e-01
6.190000000000000000e+03 1.442482719082482379e-01
6.192000000000000000e+03 1.442283947981438108e-01
6.194000000000000000e+03 1.442232026442732129e-01
6.196000000000000000e+03 1.442033183631446502e-01
6.198000000000000000e+03 1.441687479582687281e-01
6.200000000000000000e+03 1.441194974383346594e-01
6.202000000000000000e+03 1.440848681364041706e-01
6.204000000000000000e+03 1.440649178188838364e-01
6.206000000000000000e+03 1.440155783141664203e-01
6.208000000000000000e+03 1.439368794686285702e-01
6.210000000000000000e+03 1.438875134244587128e-01
6.212000000000000000e+03 1.438372170591212529e-01
6.214000000000000000e+03 1.437575297899492677e-01
6.216000000000000000e+03 1.436631502088225876e-01
6.218000000000000000e+03 1.435540668432803979e-01
6.220000000000000000e+03 1.434596524722858701e-01
6.222000000000000000e+03 1.433513555306742959e-01
6.224000000000000000e+03 1.432283670463293523e-01
6.226000000000000000e+03 1.430906574895519645e-01
6.228000000000000000e+03 1.429676069485540935e-01
6.230000000000000000e+03 1.428445436779573752e-01
6.232000000000000000e+03 1.427352054695767980e-01
6.234000000000000000e+03 1.426111458255124032e-01
6.236000000000000000e+03 1.424723622242795307e-01
6.238000000000000000e+03 1.423188521474341994e-01
6.240000000000000000e+03 1.421653453273968581e-01
6.242000000000000000e+03 1.420126608195783346e-01
6.244000000000000000e+03 1.418599422877457605e-01
6.246000000000000000e+03 1.416925348757409886e-01
6.248000000000000000e+03 1.415397741389661790e-01
6.250000000000000000e+03 1.413722781502016745e-01
6.252000000000000000e+03 1.411891727702915822e-01
6.254000000000000000e+03 1.410060319109443516e-01
6.256000000000000000e+03 1.408228645019211356e-01
6.258000000000000000e+03 1.406396705631180466e-01
6.260000000000000000e+03 1.404564501144300037e-01
6.262000000000000000e+03 1.403017266621217618e-01
6.264000000000000000e+03 1.401175502434475195e-01
6.266000000000000000e+03 1.399627649320042133e-01
6.268000000000000000e+03 1.398079494543046641e-01
6.270000000000000000e+03 1.396237033816328243e-01
6.272000000000000000e+03 1.394107943897750501e-01
6.274000000000000000e+03 1.392125757703878697e-01
6.276000000000000000e+03 1.390290321673956497e-01
6.278000000000000000e+03 1.388454536437927767e-01
6.280000000000000000e+03 1.386765712756224123e-01
6.282000000000000000e+03 1.385068474114619919e-01
6.284000000000000000e+03 1.383518514165122948e-01
6.286000000000000000e+03 1.382115230728049315e-01
6.288000000000000000e+03 1.380417339975495428e-01
6.290000000000000000e+03 1.378719403318941494e-01
6.292000000000000000e+03 1.377020448317204382e-01
6.294000000000000000e+03 1.375321271363081632e-01
6.296000000000000000e+03 1.373621694237649460e-01
6.298000000000000000e+03 1.372069092921951450e-01
6.300000000000000000e+03 1.370516552193996040e-01
6.302000000000000000e+03 1.368963196104484858e-01
6.304000000000000000e+03 1.367556942351693394e-01
6.306000000000000000e+03 1.366297723210712356e-01
6.308000000000000000e+03 1.364891183400003538e-01
6.310000000000000000e+03 1.363484274167881538e-01
6.312000000000000000e+03 1.362069056710600023e-01
6.314000000000000000e+03 1.360653664253725359e-01
6.316000000000000000e+03 1.359532614298540332e-01
6.318000000000000000e+03 1.358411414419587737e-01
6.320000000000000000e+03 1.357290243262921359e-01
6.322000000000000000e+03 1.356315179465435172e-01
6.324000000000000000e+03 1.355635259822760563e-01
6.326000000000000000e+03 1.354954960521175256e-01
6.328000000000000000e+03 1.354274460153461201e-01
6.330000000000000000e+03 1.353446546489214253e-01
6.332000000000000000e+03 1.352765565430189276e-01
6.334000000000000000e+03 1.352084473241240703e-01
6.336000000000000000e+03 1.351845318487158443e-01
6.338000000000000000e+03 1.351458673961631052e-01
6.340000000000000000e+03 1.351219363782103777e-01
6.342000000000000000e+03 1.350971347887759688e-01
6.344000000000000000e+03 1.350723080249235930e-01
6.346000000000000000e+03 1.350474918091371102e-01
6.348000000000000000e+03 1.350374124286926047e-01
6.350000000000000000e+03 1.350273088969705104e-01
6.352000000000000000e+03 1.350319525240147867e-01
6.354000000000000000e+03 1.350218452418620319e-01
6.356000000000000000e+03 1.350264778705289881e-01
6.358000000000000000e+03 1.350163675120360229e-01
6.360000000000000000e+03 1.350062508999149147e-01
6.362000000000000000e+03 1.350247378132851672e-01
6.364000000000000000e+03 1.350432200867753008e-01
6.366000000000000000e+03 1.350911855967217023e-01
6.368000000000000000e+03 1.351391480941624146e-01
6.370000000000000000e+03 1.351723583541131202e-01
6.372000000000000000e+03 1.352203203108978125e-01
6.374000000000000000e+03 1.352682792742968820e-01
6.376000000000000000e+03 1.353309767447457568e-01
6.378000000000000000e+03 1.354231647774729319e-01
6.380000000000000000e+03 1.355005920445927770e-01
6.382000000000000000e+03 1.355779919652585763e-01
6.384000000000000000e+03 1.356701246370330960e-01
6.386000000000000000e+03 1.357770091184772876e-01
6.388000000000000000e+03 1.358691587716677751e-01
6.390000000000000000e+03 1.359613077657104152e-01
6.392000000000000000e+03 1.360673332156269177e-01
6.394000000000000000e+03 1.361733483184817683e-01
6.396000000000000000e+03 1.362941340243876975e-01
6.398000000000000000e+03 1.364001465697800564e-01
6.400000000000000000e+03 1.365356582412797226e-01
6.402000000000000000e+03 1.366998280374518426e-01
6.404000000000000000e+03 1.368492324392845683e-01
6.406000000000000000e+03 1.369691422318327356e-01
6.408000000000000000e+03 1.371185695726085119e-01
6.410000000000000000e+03 1.372679772833882428e-01
6.412000000000000000e+03 1.373878997161861182e-01
6.414000000000000000e+03 1.375225668655936928e-01
6.416000000000000000e+03 1.376424754408332451e-01
6.418000000000000000e+03 1.377771380518147681e-01
6.420000000000000000e+03 1.379265552982063547e-01
6.422000000000000000e+03 1.380603385141464523e-01
6.424000000000000000e+03 1.381941265611287273e-01
6.426000000000000000e+03 1.383131443900851576e-01
6.428000000000000000e+03 1.384321578607135284e-01
6.430000000000000000e+03 1.385511758964594331e-01
6.432000000000000000e+03 1.386848927718187519e-01
6.434000000000000000e+03 1.388333450877557163e-01
6.436000000000000000e+03 1.389818290846134008e-01
6.438000000000000000e+03 1.391450399517545344e-01
6.440000000000000000e+03 1.393082290300580450e-01
6.442000000000000000e+03 1.394706019814374864e-01
6.444000000000000000e+03 1.396181751896437007e-01
6.446000000000000000e+03 1.397510379935737179e-01
6.448000000000000000e+03 1.399133657701222555e-01
6.450000000000000000e+03 1.400462073024280885e-01
6.452000000000000000e+03 1.401790322848385506e-01
6.454000000000000000e+03 1.403266090210310568e-01
6.456000000000000000e+03 1.404889106943724986e-01
6.458000000000000000e+03 1.406364929155160259e-01
6.460000000000000000e+03 1.407545351267638356e-01
6.462000000000000000e+03 1.408856107219679799e-01
6.464000000000000000e+03 1.410314250856994356e-01
6.466000000000000000e+03 1.411772113074917789e-01
6.468000000000000000e+03 1.412787691472387475e-01
6.470000000000000000e+03 1.413655606921465080e-01
6.472000000000000000e+03 1.414670512846268047e-01
6.474000000000000000e+03 1.415832982499849457e-01
6.476000000000000000e+03 1.416995266327977787e-01
6.478000000000000000e+03 1.418157274796712497e-01
6.480000000000000000e+03 1.419024421198116503e-01
6.482000000000000000e+03 1.419891054029081556e-01
6.484000000000000000e+03 1.420462660793199161e-01
6.486000000000000000e+03 1.420886540447738322e-01
6.488000000000000000e+03 1.421310341813664668e-01
6.490000000000000000e+03 1.421586781160907309e-01
6.492000000000000000e+03 1.422140882056150135e-01
6.494000000000000000e+03 1.422695329903426453e-01
6.496000000000000000e+03 1.423101779614481255e-01
6.498000000000000000e+03 1.423508672881683146e-01
6.500000000000000000e+03 1.423914937289209870e-01
6.502000000000000000e+03 1.423765811285179483e-01
6.504000000000000000e+03 1.423321163724222405e-01
6.506000000000000000e+03 1.422729203931422381e-01
6.508000000000000000e+03 1.421989893625523471e-01
6.510000000000000000e+03 1.421397852622727775e-01
6.512000000000000000e+03 1.420797094297037433e-01
6.514000000000000000e+03 1.420049575247940010e-01
6.516000000000000000e+03 1.418861601296006469e-01
6.518000000000000000e+03 1.417380531507737851e-01
6.520000000000000000e+03 1.415460155178230039e-01
6.522000000000000000e+03 1.412799724884037933e-01
6.524000000000000000e+03 1.409994934245311915e-01
6.526000000000000000e+03 1.407631600934961258e-01
6.528000000000000000e+03 1.406294824600445859e-01
6.530000000000000000e+03 1.405982786039960963e-01
6.532000000000000000e+03 1.406247273645809259e-01
6.534000000000000000e+03 1.406802946035701218e-01
6.536000000000000000e+03 1.407065141466915525e-01
6.538000000000000000e+03 1.406742397720362747e-01
6.540000000000000000e+03 1.405397729839175380e-01
6.542000000000000000e+03 1.403763061801381051e-01
6.544000000000000000e+03 1.401837741020491024e-01
6.546000000000000000e+03 1.400059463184973596e-01
6.548000000000000000e+03 1.398573476877678912e-01
6.550000000000000000e+03 1.396942736389650552e-01
6.552000000000000000e+03 1.395159865703513302e-01
6.554000000000000000e+03 1.393378152117021040e-01
6.556000000000000000e+03 1.391452163684629706e-01
6.558000000000000000e+03 1.389818107917960843e-01
6.560000000000000000e+03 1.388184873728338653e-01
6.562000000000000000e+03 1.386263427119618086e-01
6.564000000000000000e+03 1.384488322369495927e-01
6.566000000000000000e+03 1.382569341527474516e-01
6.568000000000000000e+03 1.380651852698140114e-01
6.570000000000000000e+03 1.378590981333860932e-01
6.572000000000000000e+03 1.376515244615164613e-01
6.574000000000000000e+03 1.374441279992635601e-01
6.576000000000000000e+03 1.372513016717445689e-01
6.578000000000000000e+03 1.370441988671513567e-01
6.580000000000000000e+03 1.368228089106842682e-01
6.582000000000000000e+03 1.366024527832883917e-01
6.584000000000000000e+03 1.363678663313278583e-01
6.586000000000000000e+03 1.361478490477738834e-01
6.588000000000000000e+03 1.359424030449380705e-01
6.590000000000000000e+03 1.357515129384530561e-01
6.592000000000000000e+03 1.355600199810246542e-01
6.594000000000000000e+03 1.353543149201679729e-01
6.596000000000000000e+03 1.351487607187399909e-01
6.598000000000000000e+03 1.349433312597222157e-01
6.600000000000000000e+03 1.347667760472347487e-01
6.602000000000000000e+03 1.345895464399663177e-01
6.604000000000000000e+03 1.343981131284992248e-01
6.606000000000000000e+03 1.342211401623403799e-01
6.608000000000000000e+03 1.340585943173527028e-01
6.610000000000000000e+03 1.339104597353833470e-01
6.612000000000000000e+03 1.337473650367858591e-01
6.614000000000000000e+03 1.335843749676079162e-01
6.616000000000000000e+03 1.334500814565063864e-01
6.618000000000000000e+03 1.332873013936083650e-01
6.620000000000000000e+03 1.331388664473305283e-01
6.622000000000000000e+03 1.329771948192878250e-01
6.624000000000000000e+03 1.328441355103519850e-01
6.626000000000000000e+03 1.327111382869038403e-01
6.628000000000000000e+03 1.325781945308899812e-01
6.630000000000000000e+03 1.324453473738421982e-01
6.632000000000000000e+03 1.322967968354932522e-01
6.634000000000000000e+03 1.321767704878595573e-01
6.636000000000000000e+03 1.320283637643518415e-01
6.638000000000000000e+03 1.318800630897280779e-01
6.640000000000000000e+03 1.317318426361204498e-01
6.642000000000000000e+03 1.316129943752309683e-01
6.644000000000000000e+03 1.315083344878507920e-01
6.646000000000000000e+03 1.313895623736572316e-01
6.648000000000000000e+03 1.312850051401422691e-01
6.650000000000000000e+03 1.311663263637060095e-01
6.652000000000000000e+03 1.310461997192106653e-01
6.654000000000000000e+03 1.309402642537103312e-01
6.656000000000000000e+03 1.308343427047268803e-01
6.658000000000000000e+03 1.307566968729911017e-01
6.660000000000000000e+03 1.306931496962691897e-01
6.662000000000000000e+03 1.306164016211887602e-01
6.664000000000000000e+03 1.305396597414032467e-01
6.666000000000000000e+03 1.304911022170461565e-01
6.668000000000000000e+03 1.304143561577844890e-01
6.670000000000000000e+03 1.303657357501238900e-01
6.672000000000000000e+03 1.303585393041385432e-01
6.674000000000000000e+03 1.303372056594108985e-01
6.676000000000000000e+03 1.303158456168282131e-01
6.678000000000000000e+03 1.302943996191666398e-01
6.680000000000000000e+03 1.302869196665377427e-01
6.682000000000000000e+03 1.303074679344382314e-01
6.684000000000000000e+03 1.303279228674551204e-01
6.686000000000000000e+03 1.303342491075411280e-01
6.688000000000000000e+03 1.303544748377206963e-01
6.690000000000000000e+03 1.303466547236729334e-01
6.692000000000000000e+03 1.303659707923180977e-01
6.694000000000000000e+03 1.303991435770529284e-01
6.696000000000000000e+03 1.304182373391245264e-01
6.698000000000000000e+03 1.304372283931355403e-01
6.700000000000000000e+03 1.304421487580290084e-01
6.702000000000000000e+03 1.304609996996723142e-01
6.704000000000000000e+03 1.304797566164345168e-01
6.706000000000000000e+03 1.304983857748922560e-01
6.708000000000000000e+03 1.305168872215020648e-01
6.710000000000000000e+03 1.305353199393540775e-01
6.712000000000000000e+03 1.305537105195220815e-01
6.714000000000000000e+03 1.305720072742791171e-01
6.716000000000000000e+03 1.305901765720410557e-01
6.718000000000000000e+03 1.306082352576797834e-01
6.720000000000000000e+03 1.306123414608811595e-01
6.722000000000000000e+03 1.306026399028369367e-01
6.724000000000000000e+03 1.306067034841130736e-01
6.726000000000000000e+03 1.306383238971837168e-01
6.728000000000000000e+03 1.306698089632455095e-01
6.730000000000000000e+03 1.306735585651112030e-01
6.732000000000000000e+03 1.306902622855704577e-01
6.734000000000000000e+03 1.306930717274251419e-01
6.736000000000000000e+03 1.306819955116012566e-01
6.738000000000000000e+03 1.306708253179106605e-01
6.740000000000000000e+03 1.306458366715342045e-01
6.742000000000000000e+03 1.305933894968511477e-01
6.744000000000000000e+03 1.305409325063587589e-01
6.746000000000000000e+03 1.305021733221416180e-01
6.748000000000000000e+03 1.304633708202320164e-01
6.750000000000000000e+03 1.304108175311309015e-01
6.752000000000000000e+03 1.303446019098160324e-01
6.754000000000000000e+03 1.302646694816042006e-01
6.756000000000000000e+03 1.301847443599373488e-01
6.758000000000000000e+03 1.300774207138623850e-01
6.760000000000000000e+03 1.299701795023125162e-01
6.762000000000000000e+03 1.298485761741813849e-01
6.764000000000000000e+03 1.297133577860158926e-01
6.766000000000000000e+03 1.295782312363372435e-01
6.768000000000000000e+03 1.294295235334925742e-01
6.770000000000000000e+03 1.292536287293119257e-01
6.772000000000000000e+03 1.290514843161681413e-01
6.774000000000000000e+03 1.288358670562894104e-01
6.776000000000000000e+03 1.286204248522132831e-01
6.778000000000000000e+03 1.283915515529523155e-01
6.780000000000000000e+03 1.281628782667012245e-01
6.782000000000000000e+03 1.279065231737172015e-01
6.784000000000000000e+03 1.276368145304498103e-01
6.786000000000000000e+03 1.273537694344494264e-01
6.788000000000000000e+03 1.270302935565391089e-01
6.790000000000000000e+03 1.266935738921216581e-01
6.792000000000000000e+03 1.263302182271635044e-01
6.794000000000000000e+03 1.259672243472511055e-01
6.796000000000000000e+03 1.255910456123266183e-01
6.798000000000000000e+03 1.251882183230118295e-01
6.800000000000000000e+03 1.247587520368357711e-01
6.802000000000000000e+03 1.243028329365483547e-01
6.804000000000000000e+03 1.238473845522872069e-01
6.806000000000000000e+03 1.233654470434443901e-01
6.808000000000000000e+03 1.228435666714052937e-01
6.810000000000000000e+03 1.222953067083333845e-01
6.812000000000000000e+03 1.217611709456590530e-01
6.814000000000000000e+03 1.211603583280917856e-01
6.816000000000000000e+03 1.205467462965125747e-01
6.818000000000000000e+03 1.199203925777708596e-01
6.820000000000000000e+03 1.192947270502902890e-01
6.822000000000000000e+03 1.186564843938129055e-01
6.824000000000000000e+03 1.179786915657900365e-01
6.826000000000000000e+03 1.173016848780293470e-01
6.828000000000000000e+03 1.166120279140130250e-01
6.830000000000000000e+03 1.158963746846612963e-01
6.832000000000000000e+03 1.151414751026256234e-01
6.834000000000000000e+03 1.143874202762341918e-01
6.836000000000000000e+03 1.136342587045512803e-01
6.838000000000000000e+03 1.129086249695638311e-01
6.840000000000000000e+03 1.121704972179166093e-01
6.842000000000000000e+03 1.114733182038872977e-01
6.844000000000000000e+03 1.106836063793704972e-01
6.846000000000000000e+03 1.099747502709225166e-01
6.848000000000000000e+03 1.092267509352039395e-01
6.850000000000000000e+03 1.084530032599670957e-01
6.852000000000000000e+03 1.076669407676092149e-01
6.854000000000000000e+03 1.068551958966656307e-01
6.856000000000000000e+03 1.060709572156746799e-01
6.858000000000000000e+03 1.052876420185021589e-01
6.860000000000000000e+03 1.044919640984708908e-01
6.862000000000000000e+03 1.036966747076173145e-01
6.864000000000000000e+03 1.028758263027850645e-01
6.866000000000000000e+03 1.020162324675717158e-01
6.868000000000000000e+03 1.011708819535784565e-01
6.870000000000000000e+03 1.003529612993223213e-01
6.872000000000000000e+03 9.952353213804547571e-02
6.874000000000000000e+03 9.869508063984358537e-02
6.876000000000000000e+03 9.785438766741366701e-02
6.878000000000000000e+03 9.701468069465750410e-02
6.880000000000000000e+03 9.616278918130649611e-02
6.882000000000000000e+03 9.531195528749357437e-02
6.884000000000000000e+03 9.446213840312595034e-02
6.886000000000000000e+03 9.361330646507599884e-02
6.888000000000000000e+03 9.276549122499018474e-02
6.890000000000000000e+03 9.193180555385026265e-02
6.892000000000000000e+03 9.109917336277885413e-02
6.894000000000000000e+03 9.028066792642244764e-02
6.896000000000000000e+03 8.946311239382780112e-02
6.898000000000000000e+03 8.864650665508108651e-02
6.900000000000000000e+03 8.783088234702667030e-02
6.902000000000000000e+03 8.700269288859403816e-02
6.904000000000000000e+03 8.622780857278032618e-02
6.906000000000000000e+03 8.546692551993873010e-02
6.908000000000000000e+03 8.470695637588768201e-02
6.910000000000000000e+03 8.393481549578318823e-02
6.912000000000000000e+03 8.320334027539928734e-02
6.914000000000000000e+03 8.249880237982008813e-02
6.916000000000000000e+03 8.182114432797213399e-02
6.918000000000000000e+03 8.115731935691634924e-02
6.920000000000000000e+03 8.050727893812520408e-02
6.922000000000000000e+03 7.987110775219953551e-02
6.924000000000000000e+03 7.924866226110550971e-02
6.926000000000000000e+03 7.865292928271308548e-02
6.928000000000000000e+03 7.807088748674727297e-02
6.930000000000000000e+03 7.751545213281925417e-02
6.932000000000000000e+03 7.698715692730598303e-02
6.934000000000000000e+03 7.648538633507696860e-02
6.936000000000000000e+03 7.598416586367616465e-02
6.938000000000000000e+03 7.549647367384527963e-02
6.940000000000000000e+03 7.500934657666495642e-02
6.942000000000000000e+03 7.453530885800919992e-02
6.944000000000000000e+03 7.408763765383664934e-02
6.946000000000000000e+03 7.364050247534338622e-02
6.948000000000000000e+03 7.319384848641455332e-02
6.950000000000000000e+03 7.277349452418614695e-02
6.952000000000000000e+03 7.235370831006789072e-02
6.954000000000000000e+03 7.194725110408912994e-02
6.956000000000000000e+03 7.156699489090649624e-02
6.958000000000000000e+03 7.118716837434137246e-02
6.960000000000000000e+03 7.082062828126778342e-02
6.962000000000000000e+03 7.044215772533637954e-02
6.964000000000000000e+03 7.006411948559328196e-02
6.966000000000000000e+03 6.969933824162215241e-02
6.968000000000000000e+03 6.936059081427346784e-02
6.970000000000000000e+03 6.902222702258305198e-02
6.972000000000000000e+03 6.872273279490914710e-02
6.974000000000000000e+03 6.843636533951014123e-02
6.976000000000000000e+03 6.816307716697982133e-02
6.978000000000000000e+03 6.792842773807557244e-02
6.980000000000000000e+03 6.771956067998816109e-02
6.982000000000000000e+03 6.752372982766270681e-02
6.984000000000000000e+03 6.734086367204931978e-02
6.986000000000000000e+03 6.719641086287357623e-02
6.988000000000000000e+03 6.707756287709903953e-02
6.990000000000000000e+03 6.698428686345848926e-02
6.992000000000000000e+03 6.692928094981935583e-02
6.994000000000000000e+03 6.687431039712685155e-02
6.996000000000000000e+03 6.685746394903045731e-02
6.998000000000000000e+03 6.686598110492547598e-02
7.000000000000000000e+03 6.689982906559278908e-02
7.002000000000000000e+03 6.695050218200405967e-02
7.004000000000000000e+03 6.705163075822026530e-02
7.006000000000000000e+03 6.716516131537332568e-02
7.008000000000000000e+03 6.730364414747103119e-02
7.010000000000000000e+03 6.747968890911024142e-02
7.012000000000000000e+03 6.766756481440820703e-02
7.014000000000000000e+03 6.788019825630807469e-02
7.016000000000000000e+03 6.810494091439577014e-02
7.018000000000000000e+03 6.837948812831584622e-02
7.020000000000000000e+03 6.866597794714997260e-02
7.022000000000000000e+03 6.897742352355100415e-02
7.024000000000000000e+03 6.931328025272603943e-02
7.026000000000000000e+03 6.966093772281757579e-02
7.028000000000000000e+03 7.003287292080020987e-02
7.030000000000000000e+03 7.041650705098148610e-02
7.032000000000000000e+03 7.081237307406666737e-02
7.034000000000000000e+03 7.125730431240318019e-02
7.036000000000000000e+03 7.171379542749382885e-02
7.038000000000000000e+03 7.219425715710907354e-02
7.040000000000000000e+03 7.269860432397533268e-02
7.042000000000000000e+03 7.323885367473635666e-02
7.044000000000000000e+03 7.380279600911807125e-02
7.046000000000000000e+03 7.437800813964211277e-02
7.048000000000000000e+03 7.501402337931264985e-02
7.050000000000000000e+03 7.568591604085737889e-02
7.052000000000000000e+03 7.635697180376958826e-02
7.054000000000000000e+03 7.711324048603221404e-02
7.056000000000000000e+03 7.790502939742006971e-02
7.058000000000000000e+03 7.871991404185513241e-02
7.060000000000000000e+03 7.958247222305384061e-02
7.062000000000000000e+03 8.048030426523528069e-02
7.064000000000000000e+03 8.143789368583234656e-02
7.066000000000000000e+03 8.245501428844521918e-02
7.068000000000000000e+03 8.351926776365400928e-02
7.070000000000000000e+03 8.464273585968334901e-02
7.072000000000000000e+03 8.582537957995720057e-02
7.074000000000000000e+03 8.705465211923385516e-02
7.076000000000000000e+03 8.831819284523052815e-02
7.078000000000000000e+03 8.959143224798886418e-02
7.080000000000000000e+03 9.089880288006614573e-02
7.082000000000000000e+03 9.224024510225643791e-02
7.084000000000000000e+03 9.361560866242364665e-02
7.086000000000000000e+03 9.502476894692411802e-02
7.088000000000000000e+03 9.644329538963447579e-02
7.090000000000000000e+03 9.784683551205734797e-02
7.092000000000000000e+03 9.922397109437842977e-02
7.094000000000000000e+03 1.005741041821494874e-01
7.096000000000000000e+03 1.018972984458514086e-01
7.098000000000000000e+03 1.032057424492473230e-01
7.100000000000000000e+03 1.044389787484834575e-01
7.102000000000000000e+03 1.056093958467985844e-01
7.104000000000000000e+03 1.066928960945906363e-01
7.106000000000000000e+03 1.077138871945568649e-01
7.108000000000000000e+03 1.086242867605724111e-01
7.110000000000000000e+03 1.094003733430666536e-01
7.112000000000000000e+03 1.100425494562517065e-01
7.114000000000000000e+03 1.105271039154909068e-01
7.116000000000000000e+03 1.108424683328800842e-01
7.118000000000000000e+03 1.109771340688576330e-01
7.120000000000000000e+03 1.109435702008579050e-01
7.122000000000000000e+03 1.107304747380289667e-01
7.124000000000000000e+03 1.102783587924446029e-01
7.126000000000000000e+03 1.095879115730733350e-01
7.128000000000000000e+03 1.086359435975447763e-01
7.130000000000000000e+03 1.074351384222829858e-01
7.132000000000000000e+03 1.059988017227653789e-01
7.134000000000000000e+03 1.043149961341924281e-01
7.136000000000000000e+03 1.024201107185155751e-01
7.138000000000000000e+03 1.003266480158637591e-01
7.140000000000000000e+03 9.799957236307360597e-02
7.142000000000000000e+03 9.547463071131258305e-02
7.144000000000000000e+03 9.281216841433685694e-02
7.146000000000000000e+03 9.000073668208659339e-02
7.148000000000000000e+03 8.705260534699044150e-02
7.150000000000000000e+03 8.399182786702071024e-02
7.152000000000000000e+03 8.084289759793489294e-02
7.154000000000000000e+03 7.764085371388400325e-02
7.156000000000000000e+03 7.440940795147682474e-02
7.158000000000000000e+03 7.119577281117951684e-02
7.160000000000000000e+03 6.802343538438283821e-02
7.162000000000000000e+03 6.488057125783971979e-02
7.164000000000000000e+03 6.179052661401546187e-02
7.166000000000000000e+03 5.877664652096323966e-02
7.168000000000000000e+03 5.586210534492219715e-02
7.170000000000000000e+03 5.304667797229434961e-02
7.172000000000000000e+03 5.034213324803241824e-02
7.174000000000000000e+03 4.777113137164622908e-02
7.176000000000000000e+03 4.530995714257096685e-02
7.178000000000000000e+03 4.296998618720392071e-02
7.180000000000000000e+03 4.070427421997081102e-02
7.182000000000000000e+03 3.853569400527998706e-02
7.184000000000000000e+03 3.645257739599928881e-02
7.186000000000000000e+03 3.448954792912900524e-02
7.188000000000000000e+03 3.263464238600355394e-02
7.190000000000000000e+03 3.086440203732391738e-02
7.192000000000000000e+03 2.920194105823802760e-02
7.194000000000000000e+03 2.763517683759428994e-02
7.196000000000000000e+03 2.614070145337266809e-02
7.198000000000000000e+03 2.472987346273018347e-02
7.200000000000000000e+03 2.340245575692260008e-02
7.202000000000000000e+03 2.214672533170563423e-02
7.204000000000000000e+03 2.097395370405346834e-02
7.206000000000000000e+03 1.986091146242611669e-02
7.208000000000000000e+03 1.881893290844378550e-02
7.210000000000000000e+03 1.782484967508973783e-02
7.212000000000000000e+03 1.691296675843498992e-02
7.214000000000000000e+03 1.603717001132308473e-02
7.216000000000000000e+03 1.522028628410931200e-02
7.218000000000000000e+03 1.445069392597556242e-02
7.220000000000000000e+03 1.372826140749409951e-02
7.222000000000000000e+03 1.305296342249343683e-02
7.224000000000000000e+03 1.240173669204580782e-02
7.226000000000000000e+03 1.179731014552267560e-02
7.228000000000000000e+03 1.121907354681471111e-02
7.230000000000000000e+03 1.068058813046970923e-02
7.232000000000000000e+03 1.016805501621085607e-02
7.234000000000000000e+03 9.680327084663634465e-03
7.236000000000000000e+03 9.221876124776474254e-03
7.238000000000000000e+03 8.784685436433554637e-03
7.240000000000000000e+03 8.385680543734959358e-03
7.242000000000000000e+03 7.999927345457253508e-03
7.244000000000000000e+03 7.642015995092325646e-03
7.246000000000000000e+03 7.300577226999274347e-03
7.248000000000000000e+03 6.972184245640507261e-03
7.250000000000000000e+03 6.665814687211613944e-03
7.252000000000000000e+03 6.373531618215385990e-03
7.254000000000000000e+03 6.091916685927934415e-03
7.256000000000000000e+03 5.827683020015636019e-03
7.258000000000000000e+03 5.574045921268768432e-03
7.260000000000000000e+03 5.336585628440923892e-03
7.262000000000000000e+03 5.109658844592133639e-03
7.264000000000000000e+03 4.893229856024576552e-03
7.266000000000000000e+03 4.686153099022165661e-03
7.268000000000000000e+03 4.488401091129341422e-03
7.270000000000000000e+03 4.293251680393926628e-03
7.272000000000000000e+03 4.116341178378776083e-03
7.274000000000000000e+03 3.946444289651292008e-03
7.276000000000000000e+03 3.787994183609380561e-03
7.278000000000000000e+03 3.636509694112827554e-03
7.280000000000000000e+03 3.486418566489923355e-03
7.282000000000000000e+03 3.351017050706612491e-03
7.284000000000000000e+03 3.214759856449824881e-03
7.286000000000000000e+03 3.088727921167489388e-03
7.288000000000000000e+03 2.965145770360061526e-03
7.290000000000000000e+03 2.683671315993226263e-03
7.300000000000000000e+03 2.238484974539030423e-03
7.310000000000000000e+03 1.881772683872517298e-03
7.320000000000000000e+03 1.591656371555620576e-03
7.330000000000000000e+03 1.353001128340884087e-03
7.340000000000000000e+03 1.155478366598307197e-03
7.350000000000000000e+03 1.041574592684869037e-03
7.360000000000000000e+03 8.965160332080780855e-04
7.370000000000000000e+03 7.744390382929030583e-04
7.380000000000000000e+03 6.716915256246894748e-04
7.390000000000000000e+03 5.853134155508005415e-04
7.400000000000000000e+03 5.123280255219543871e-04
7.410000000000000000e+03 4.501631086039960825e-04
7.420000000000000000e+03 3.966672871003672045e-04
7.430000000000000000e+03 3.501959140362513948e-04
7.440000000000000000e+03 3.099294538071813068e-04
7.450000000000000000e+03 2.752506857189208770e-04
7.460000000000000000e+03 2.451842082291759428e-04
7.470000000000000000e+03 2.191499611730092381e-04
7.480000000000000000e+03 1.966898397497295514e-04
7.490000000000000000e+03 1.770508979979828795e-04
7.500000000000000000e+03 1.597996017495309474e-04
7.510000000000000000e+03 1.445019199015387364e-04
7.520000000000000000e+03 1.306323394938138855e-04
7.530000000000000000e+03 1.183693005200881892e-04
7.540000000000000000e+03 1.073968240948534197e-04
7.550000000000000000e+03 9.779516853751426143e-05
7.560000000000000000e+03 8.928353187307157832e-05
7.570000000000000000e+03 8.165324106435256071e-05
7.580000000000000000e+03 7.482533846616885897e-05
7.590000000000000000e+03 6.866433893633413653e-05
7.600000000000000000e+03 6.315167207556932906e-05
7.610000000000000000e+03 5.824059469615621619e-05
7.620000000000000000e+03 5.380008237056598181e-05
7.630000000000000000e+03 4.972033994730588560e-05
7.640000000000000000e+03 4.604342932956644513e-05
7.650000000000000000e+03 4.269858051778033432e-05
7.660000000000000000e+03 3.962573079909088023e-05
7.670000000000000000e+03 3.687665659237484146e-05
7.680000000000000000e+03 3.434580990837858712e-05
7.690000000000000000e+03 3.207604850911845726e-05
7.700000000000000000e+03 3.006382756668179152e-05
7.710000000000000000e+03 2.811541012820100737e-05
7.720000000000000000e+03 2.632919119767503400e-05
7.730000000000000000e+03 2.468503734210816708e-05
7.740000000000000000e+03 2.317207523363451225e-05
7.750000000000000000e+03 2.177975447448399977e-05
7.760000000000000000e+03 2.053283953508825416e-05
7.770000000000000000e+03 1.941180276193345611e-05
7.780000000000000000e+03 1.832737100676716042e-05
7.790000000000000000e+03 1.726174395929230953e-05
7.800000000000000000e+03 1.631864508791654099e-05
7.810000000000000000e+03 1.545329669993081458e-05
7.820000000000000000e+03 1.466458759188843395e-05
