5.880000000000000000e+03 2.250224252264029187e-05
5.890000000000000000e+03 4.891855911645966854e-05
5.900000000000000000e+03 9.383166991527656226e-05
5.910000000000000000e+03 1.871418746796561132e-04
5.920000000000000000e+03 3.308411354901077527e-04
5.930000000000000000e+03 6.100273084263318569e-04
5.940000000000000000e+03 9.730538580043888736e-04
5.942000000000000000e+03 8.273546860754860078e-04
5.944000000000000000e+03 9.171083462959699019e-04
5.946000000000000000e+03 1.004347459483440714e-03
5.948000000000000000e+03 1.126204224665242363e-03
5.950000000000000000e+03 1.244996237383885068e-03
5.952000000000000000e+03 1.367515921353332524e-03
5.954000000000000000e+03 1.503464325547911257e-03
5.956000000000000000e+03 1.648951104827795378e-03
5.958000000000000000e+03 1.829337321536217030e-03
5.960000000000000000e+03 1.996852167027314204e-03
5.962000000000000000e+03 2.194982327612137341e-03
5.964000000000000000e+03 2.393301458113842022e-03
5.966000000000000000e+03 2.606321595358172469e-03
5.968000000000000000e+03 2.844226020285466495e-03
5.970000000000000000e+03 3.075093875207990379e-03
5.972000000000000000e+03 3.336677418639276155e-03
5.974000000000000000e+03 3.630492453451297265e-03
5.976000000000000000e+03 3.923127516465106136e-03
5.978000000000000000e+03 4.252419078875554863e-03
5.980000000000000000e+03 4.579105720479130330e-03
5.982000000000000000e+03 4.939627909663901750e-03
5.984000000000000000e+03 5.312148956360110072e-03
5.986000000000000000e+03 5.693770128844190433e-03
5.988000000000000000e+03 6.104925144981206489e-03
5.990000000000000000e+03 6.548574720345079307e-03
5.992000000000000000e+03 7.018917646089597139e-03
5.994000000000000000e+03 7.475092975696334512e-03
5.996000000000000000e+03 7.937541557880792992e-03
5.998000000000000000e+03 8.473532576548304524e-03
6.000000000000000000e+03 9.002709464277827353e-03
6.002000000000000000e+03 9.587051236766517062e-03
6.004000000000000000e+03 1.016854318020465019e-02
6.006000000000000000e+03 1.077937879916701300e-02
6.008000000000000000e+03 1.140053596120624291e-02
6.010000000000000000e+03 1.204519252320438577e-02
6.012000000000000000e+03 1.273244086170703497e-02
6.014000000000000000e+03 1.341832383466875014e-02
6.016000000000000000e+03 1.416871029683621809e-02
6.018000000000000000e+03 1.491626833560864840e-02
6.020000000000000000e+03 1.569321834283321504e-02
6.022000000000000000e+03 1.652884685967174333e-02
6.024000000000000000e+03 1.737921459369186003e-02
6.026000000000000000e+03 1.824436770676542141e-02
6.028000000000000000e+03 1.915354744844743884e-02
6.030000000000000000e+03 2.012144960628953899e-02
6.032000000000000000e+03 2.111876158475612525e-02
6.034000000000000000e+03 2.208692024692067435e-02
6.036000000000000000e+03 2.309916149283608444e-02
6.038000000000000000e+03 2.411153106928750484e-02
6.040000000000000000e+03 2.525590636844262868e-02
6.042000000000000000e+03 2.632715046043206455e-02
6.044000000000000000e+03 2.748646360769163577e-02
6.046000000000000000e+03 2.858733068492025700e-02
6.048000000000000000e+03 2.976160710180186797e-02
6.050000000000000000e+03 3.095070688159985706e-02
6.052000000000000000e+03 3.208152556761326851e-02
6.054000000000000000e+03 3.337372965117203771e-02
6.056000000000000000e+03 3.454887969647645746e-02
6.058000000000000000e+03 3.576817062295963717e-02
6.060000000000000000e+03 3.695832446757799788e-02
6.062000000000000000e+03 3.819237373220128740e-02
6.064000000000000000e+03 3.941193612481919822e-02
6.066000000000000000e+03 4.063166287604329241e-02
6.068000000000000000e+03 4.185155386747436285e-02
6.070000000000000000e+03 4.307160898072092542e-02
6.072000000000000000e+03 4.424807463035534960e-02
6.074000000000000000e+03 4.545405086014341761e-02
6.076000000000000000e+03 4.671888089787658294e-02
6.078000000000000000e+03 4.780786101959068335e-02
6.080000000000000000e+03 4.898502727396981948e-02
6.082000000000000000e+03 5.016231360208617956e-02
6.084000000000000000e+03 5.145715946047652728e-02
6.086000000000000000e+03 5.260544448777225435e-02
6.088000000000000000e+03 5.387128830848548350e-02
6.090000000000000000e+03 5.499057210702387732e-02
6.092000000000000000e+03 5.615402106710873364e-02
6.094000000000000000e+03 5.746439813471854174e-02
6.096000000000000000e+03 5.854011414105701749e-02
6.098000000000000000e+03 5.973342837039794656e-02
6.100000000000000000e+03 6.089754521412917704e-02
6.102000000000000000e+03 6.216454717651643397e-02
6.104000000000000000e+03 6.327022868239941256e-02
6.106000000000000000e+03 6.456696597916762592e-02
6.108000000000000000e+03 6.571701368568556856e-02
6.110000000000000000e+03 6.688191767564363732e-02
6.112000000000000000e+03 6.795881422019586782e-02
6.114000000000000000e+03 6.910932017857314424e-02
6.116000000000000000e+03 7.034810504432738310e-02
6.118000000000000000e+03 7.149893593198404507e-02
6.120000000000000000e+03 7.244422131105412999e-02
6.122000000000000000e+03 7.349248206404905559e-02
6.124000000000000000e+03 7.451150381985216509e-02
6.126000000000000000e+03 7.556002803836395221e-02
6.128000000000000000e+03 7.663809628646729710e-02
6.130000000000000000e+03 7.756938020949984136e-02
6.132000000000000000e+03 7.845660000508691834e-02
6.134000000000000000e+03 7.938804463949242218e-02
6.136000000000000000e+03 8.027553322275497727e-02
6.138000000000000000e+03 8.104551690420562504e-02
6.140000000000000000e+03 8.210966706815062133e-02
6.142000000000000000e+03 8.290976362472353423e-02
6.144000000000000000e+03 8.375409770571051737e-02
6.146000000000000000e+03 8.455445717480537804e-02
6.148000000000000000e+03 8.534021789922952017e-02
6.150000000000000000e+03 8.606726335284416163e-02
6.152000000000000000e+03 8.694090982295397951e-02
6.154000000000000000e+03 8.759402247398678787e-02
6.156000000000000000e+03 8.839434149548139330e-02
6.158000000000000000e+03 8.910648865971310117e-02
6.160000000000000000e+03 8.978930416596002384e-02
6.162000000000000000e+03 9.063403425426976023e-02
6.164000000000000000e+03 9.124344551365171085e-02
6.166000000000000000e+03 9.202951923397414968e-02
6.168000000000000000e+03 9.266851436589439162e-02
6.170000000000000000e+03 9.316044548639089429e-02
6.172000000000000000e+03 9.403507334727136124e-02
6.174000000000000000e+03 9.488036717900943939e-02
6.176000000000000000e+03 9.516642683303741523e-02
6.178000000000000000e+03 9.698348698647622779e-02
6.180000000000000000e+03 9.712247770283595483e-02
6.182000000000000000e+03 9.746756547410662108e-02
6.184000000000000000e+03 9.826912710949582686e-02
6.186000000000000000e+03 9.905605680230775145e-02
6.188000000000000000e+03 9.979892594928703453e-02
6.190000000000000000e+03 1.003798643401364321e-01
6.192000000000000000e+03 1.012701621944127606e-01
6.194000000000000000e+03 1.019248904169103298e-01
6.196000000000000000e+03 1.026386384153640668e-01
6.198000000000000000e+03 1.034113910538167203e-01
6.200000000000000000e+03 1.039779847051591627e-01
6.202000000000000000e+03 1.045446215778832871e-01
6.204000000000000000e+03 1.052881525584702521e-01
6.206000000000000000e+03 1.058402056249916762e-01
6.208000000000000000e+03 1.064807501350528846e-01
6.210000000000000000e+03 1.072687592809028201e-01
6.212000000000000000e+03 1.076729654345382481e-01
6.214000000000000000e+03 1.083425074854168779e-01
6.216000000000000000e+03 1.091300563008728020e-01
6.218000000000000000e+03 1.095491696582309021e-01
6.220000000000000000e+03 1.100715241201185024e-01
6.222000000000000000e+03 1.107420130782702239e-01
6.224000000000000000e+03 1.112798881196844641e-01
6.226000000000000000e+03 1.118620418373683090e-01
6.228000000000000000e+03 1.123410695373629059e-01
6.230000000000000000e+03 1.130118499823323935e-01
6.232000000000000000e+03 1.133722796927930931e-01
6.234000000000000000e+03 1.136737561086692411e-01
6.236000000000000000e+03 1.142849693477693829e-01
6.238000000000000000e+03 1.148372423255211716e-01
6.240000000000000000e+03 1.153895739786770236e-01
6.242000000000000000e+03 1.159131672978067490e-01
6.244000000000000000e+03 1.165401036494534553e-01
6.246000000000000000e+03 1.170048421026162466e-01
6.248000000000000000e+03 1.174105927454585779e-01
6.250000000000000000e+03 1.179639373317000056e-01
6.252000000000000000e+03 1.183690553562123104e-01
6.254000000000000000e+03 1.189660390662665851e-01
6.256000000000000000e+03 1.194155132730738561e-01
6.258000000000000000e+03 1.199240570990249555e-01
6.260000000000000000e+03 1.204179215699469341e-01
6.262000000000000000e+03 1.209995779278641020e-01
6.264000000000000000e+03 1.214927341998771615e-01
6.266000000000000000e+03 1.218235801855731548e-01
6.268000000000000000e+03 1.223168083482238239e-01
6.270000000000000000e+03 1.228543955258142306e-01
6.272000000000000000e+03 1.234812855806978887e-01
6.274000000000000000e+03 1.239753797974311039e-01
6.276000000000000000e+03 1.243661683117495975e-01
6.278000000000000000e+03 1.247717521979766347e-01
6.280000000000000000e+03 1.253693256683371671e-01
6.282000000000000000e+03 1.257004377948696405e-01
6.284000000000000000e+03 1.261644913450035987e-01
6.286000000000000000e+03 1.267319503526621316e-01
6.288000000000000000e+03 1.272108424652090564e-01
6.290000000000000000e+03 1.274830092470324860e-01
6.292000000000000000e+03 1.278732839698508983e-01
6.294000000000000000e+03 1.283374507201869297e-01
6.296000000000000000e+03 1.285357427867574731e-01
6.298000000000000000e+03 1.289261192482992202e-01
6.300000000000000000e+03 1.294199285421447909e-01
6.302000000000000000e+03 1.296330205445778982e-01
6.304000000000000000e+03 1.299200227821226961e-01
6.306000000000000000e+03 1.302365907857782612e-01
6.308000000000000000e+03 1.305975234833716692e-01
6.310000000000000000e+03 1.309732543035901642e-01
6.312000000000000000e+03 1.312743159035466289e-01
6.314000000000000000e+03 1.316197695479383034e-01
6.316000000000000000e+03 1.318765525140315475e-01
6.318000000000000000e+03 1.320446535890474893e-01
6.320000000000000000e+03 1.325527363085872157e-01
6.322000000000000000e+03 1.325286829357100182e-01
6.324000000000000000e+03 1.328150595647283883e-01
6.326000000000000000e+03 1.330570802636875938e-01
6.328000000000000000e+03 1.333138897782407684e-01
6.330000000000000000e+03 1.336003182763265407e-01
6.332000000000000000e+03 1.338127828897299476e-01
6.334000000000000000e+03 1.338922129309701725e-01
6.336000000000000000e+03 1.340603483716627242e-01
6.338000000000000000e+03 1.341693475415000336e-01
6.340000000000000000e+03 1.341748428880190913e-01
6.342000000000000000e+03 1.344012849685375377e-01
6.344000000000000000e+03 1.344355049418409775e-01
6.346000000000000000e+03 1.347506901994651451e-01
6.348000000000000000e+03 1.348144731359012527e-01
6.350000000000000000e+03 1.348782638027420655e-01
6.352000000000000000e+03 1.351343290996676050e-01
6.354000000000000000e+03 1.353460265391396855e-01
6.356000000000000000e+03 1.350400629235865846e-01
6.358000000000000000e+03 1.351926041115702470e-01
6.360000000000000000e+03 1.354634938343572403e-01
6.362000000000000000e+03 1.353045310946239255e-01
6.364000000000000000e+03 1.353674527040815145e-01
6.366000000000000000e+03 1.356226999023458502e-01
6.368000000000000000e+03 1.353749415037058534e-01
6.370000000000000000e+03 1.355414104616468884e-01
6.372000000000000000e+03 1.357522717336843432e-01
6.374000000000000000e+03 1.358299955772007961e-01
6.376000000000000000e+03 1.358337335502578791e-01
6.378000000000000000e+03 1.355119736195153912e-01
6.380000000000000000e+03 1.355156917489271917e-01
6.382000000000000000e+03 1.355785280639851820e-01
6.384000000000000000e+03 1.356710002886815369e-01
6.386000000000000000e+03 1.358226514618008363e-01
6.388000000000000000e+03 1.356043581169022738e-01
6.390000000000000000e+03 1.355636135274590204e-01
6.392000000000000000e+03 1.356847864755371669e-01
6.394000000000000000e+03 1.357023599839558836e-01
6.396000000000000000e+03 1.358087304158944464e-01
6.398000000000000000e+03 1.357227106472583822e-01
6.400000000000000000e+03 1.355922832981056592e-01
6.402000000000000000e+03 1.356682137795979792e-01
6.404000000000000000e+03 1.356997320077359404e-01
6.406000000000000000e+03 1.356720449644986670e-01
6.408000000000000000e+03 1.354815482181106201e-01
6.410000000000000000e+03 1.356314603035068400e-01
6.412000000000000000e+03 1.356037460921683535e-01
6.414000000000000000e+03 1.356056449337611214e-01
6.416000000000000000e+03 1.356371580731043913e-01
6.418000000000000000e+03 1.354318184564019256e-01
6.420000000000000000e+03 1.354781109581636167e-01
6.422000000000000000e+03 1.353162812526208791e-01
6.424000000000000000e+03 1.354209101756960187e-01
6.426000000000000000e+03 1.352146958720411574e-01
6.428000000000000000e+03 1.352452949061389853e-01
6.430000000000000000e+03 1.352610952842866199e-01
6.432000000000000000e+03 1.350251731168759795e-01
6.434000000000000000e+03 1.350557272762964722e-01
6.436000000000000000e+03 1.348642135272582199e-01
6.438000000000000000e+03 1.349539649992929080e-01
6.440000000000000000e+03 1.349548784378337696e-01
6.442000000000000000e+03 1.349253510573412695e-01
6.444000000000000000e+03 1.349698573070194640e-01
6.446000000000000000e+03 1.350439627083939997e-01
6.448000000000000000e+03 1.349256013424694201e-01
6.450000000000000000e+03 1.349404841170231961e-01
6.452000000000000000e+03 1.347925126956532604e-01
6.454000000000000000e+03 1.346593645278060247e-01
6.456000000000000000e+03 1.347926219031932438e-01
6.458000000000000000e+03 1.346890578647823578e-01
6.460000000000000000e+03 1.346446982911880252e-01
6.462000000000000000e+03 1.345394632570709181e-01
6.464000000000000000e+03 1.346858721892055244e-01
6.466000000000000000e+03 1.347286652916719896e-01
6.468000000000000000e+03 1.348454426989573740e-01
6.470000000000000000e+03 1.347697969425917242e-01
6.472000000000000000e+03 1.347829174696423549e-01
6.474000000000000000e+03 1.350920768588342868e-01
6.476000000000000000e+03 1.349127645706530154e-01
6.478000000000000000e+03 1.351034936201553627e-01
6.480000000000000000e+03 1.353238220358558286e-01
6.482000000000000000e+03 1.353072341299825232e-01
6.484000000000000000e+03 1.354534987783391486e-01
6.486000000000000000e+03 1.354961246315744827e-01
6.488000000000000000e+03 1.354351514863992301e-01
6.490000000000000000e+03 1.355961715017843239e-01
6.492000000000000000e+03 1.355927801076513006e-01
6.494000000000000000e+03 1.356041721923622045e-01
6.496000000000000000e+03 1.358819611706306996e-01
6.498000000000000000e+03 1.359673324851418952e-01
6.500000000000000000e+03 1.359639045640054777e-01
6.502000000000000000e+03 1.358933534600486603e-01
6.504000000000000000e+03 1.360740923720371309e-01
6.506000000000000000e+03 1.360182181448490457e-01
6.508000000000000000e+03 1.361542705180527335e-01
6.510000000000000000e+03 1.362605915355063757e-01
6.512000000000000000e+03 1.361004156957254796e-01
6.514000000000000000e+03 1.360583067460965634e-01
6.516000000000000000e+03 1.360456336983567882e-01
6.518000000000000000e+03 1.360918071487582925e-01
6.520000000000000000e+03 1.361673279270635972e-01
6.522000000000000000e+03 1.359623371306850070e-01
6.524000000000000000e+03 1.360662897105317515e-01
6.526000000000000000e+03 1.358614236306219802e-01
6.528000000000000000e+03 1.357595460263394949e-01
6.530000000000000000e+03 1.356723582844112375e-01
6.532000000000000000e+03 1.358925872344725061e-01
6.534000000000000000e+03 1.359658455314604331e-01
6.536000000000000000e+03 1.359803089597051151e-01
6.538000000000000000e+03 1.359947075672503780e-01
6.540000000000000000e+03 1.362139757062784118e-01
6.542000000000000000e+03 1.361256908295732926e-01
6.544000000000000000e+03 1.359789388388994158e-01
6.546000000000000000e+03 1.359784343622403024e-01
6.548000000000000000e+03 1.360217031823899303e-01
6.550000000000000000e+03 1.360648404426288982e-01
6.552000000000000000e+03 1.360487087512448068e-01
6.554000000000000000e+03 1.360762939776548608e-01
6.556000000000000000e+03 1.360454401379333211e-01
6.558000000000000000e+03 1.361456760686554912e-01
6.560000000000000000e+03 1.360855552953471048e-01
6.562000000000000000e+03 1.361419300658971987e-01
6.564000000000000000e+03 1.361836277400990947e-01
6.566000000000000000e+03 1.363851074476186143e-01
6.568000000000000000e+03 1.363974182167657367e-01
6.570000000000000000e+03 1.365838723188514958e-01
6.572000000000000000e+03 1.365362339848488760e-01
6.574000000000000000e+03 1.366191321817677162e-01
6.576000000000000000e+03 1.368178225233684375e-01
6.578000000000000000e+03 1.368423466487934392e-01
6.580000000000000000e+03 1.369681160342881288e-01
6.582000000000000000e+03 1.369353387702532121e-01
6.584000000000000000e+03 1.369893205332431696e-01
6.586000000000000000e+03 1.369997719732796992e-01
6.588000000000000000e+03 1.372413326352682206e-01
6.590000000000000000e+03 1.372659218301529316e-01
6.592000000000000000e+03 1.374773176156268151e-01
6.594000000000000000e+03 1.375874344115164405e-01
6.596000000000000000e+03 1.377694217264532617e-01
6.598000000000000000e+03 1.378358413192954657e-01
6.600000000000000000e+03 1.377437031852695171e-01
6.602000000000000000e+03 1.379098515940184733e-01
6.604000000000000000e+03 1.380901194691687428e-01
6.606000000000000000e+03 1.382700712771156026e-01
6.608000000000000000e+03 1.381480400419717036e-01
6.610000000000000000e+03 1.382270831604500705e-01
6.612000000000000000e+03 1.382908265855769259e-01
6.614000000000000000e+03 1.383544186518145536e-01
6.616000000000000000e+03 1.384608295059096272e-01
6.618000000000000000e+03 1.385240594237336642e-01
6.620000000000000000e+03 1.384726085053735178e-01
6.622000000000000000e+03 1.385222290923020794e-01
6.624000000000000000e+03 1.385145087688721965e-01
6.626000000000000000e+03 1.386067688953226407e-01
6.628000000000000000e+03 1.385274109525519159e-01
6.630000000000000000e+03 1.384480587291856968e-01
6.632000000000000000e+03 1.383813709851861029e-01
6.634000000000000000e+03 1.384715232678493113e-01
6.636000000000000000e+03 1.386612563979714718e-01
6.638000000000000000e+03 1.385230653855937522e-01
6.640000000000000000e+03 1.384134184507714305e-01
6.642000000000000000e+03 1.383047538697998458e-01
6.644000000000000000e+03 1.383241096347223587e-01
6.646000000000000000e+03 1.383717520998297701e-01
6.648000000000000000e+03 1.381778320899159640e-01
6.650000000000000000e+03 1.384524668659345981e-01
6.652000000000000000e+03 1.383846041982926822e-01
6.654000000000000000e+03 1.383450863919206963e-01
6.656000000000000000e+03 1.383622185390847026e-01
6.658000000000000000e+03 1.383650785645276493e-01
6.660000000000000000e+03 1.382687602154137607e-01
6.662000000000000000e+03 1.383431569708440667e-01
6.664000000000000000e+03 1.381063732363397856e-01
6.666000000000000000e+03 1.383359939088231738e-01
6.668000000000000000e+03 1.383252383433029586e-01
6.670000000000000000e+03 1.381450675063282674e-01
6.672000000000000000e+03 1.381052736662342628e-01
6.674000000000000000e+03 1.381359322648045562e-01
6.676000000000000000e+03 1.380255894708838360e-01
6.678000000000000000e+03 1.379434501317204353e-01
6.680000000000000000e+03 1.380442222446334188e-01
6.682000000000000000e+03 1.379480265966190888e-01
6.684000000000000000e+03 1.379220985395794574e-01
6.686000000000000000e+03 1.379522941651958046e-01
6.688000000000000000e+03 1.379402648529992614e-01
6.690000000000000000e+03 1.378860605147555207e-01
6.692000000000000000e+03 1.379152036599285980e-01
6.694000000000000000e+03 1.377900980692953470e-01
6.696000000000000000e+03 1.377210740737634664e-01
6.698000000000000000e+03 1.378619398731654178e-01
6.700000000000000000e+03 1.376389189921210787e-01
6.702000000000000000e+03 1.374860684907634467e-01
6.704000000000000000e+03 1.374450365751965220e-01
6.706000000000000000e+03 1.374598163542634366e-01
6.708000000000000000e+03 1.374186553194132188e-01
6.710000000000000000e+03 1.372241061165269393e-01
6.712000000000000000e+03 1.372666722615155377e-01
6.714000000000000000e+03 1.371141231518820114e-01
6.716000000000000000e+03 1.368503423478246994e-01
6.718000000000000000e+03 1.369484061958587962e-01
6.720000000000000000e+03 1.366292558300226945e-01
6.722000000000000000e+03 1.366300458287325048e-01
6.724000000000000000e+03 1.367973652144058305e-01
6.726000000000000000e+03 1.366729882938238771e-01
6.728000000000000000e+03 1.364238822754944847e-01
6.730000000000000000e+03 1.363967151321236471e-01
6.732000000000000000e+03 1.362440683245043360e-01
6.734000000000000000e+03 1.362991309591247702e-01
6.736000000000000000e+03 1.362156992181126625e-01
6.738000000000000000e+03 1.359940272869691325e-01
6.740000000000000000e+03 1.358692379369339509e-01
6.742000000000000000e+03 1.358551256428461862e-01
6.744000000000000000e+03 1.358685100516227318e-01
6.746000000000000000e+03 1.356611621232882425e-01
6.748000000000000000e+03 1.356055644090575496e-01
6.750000000000000000e+03 1.353433134821354356e-01
6.752000000000000000e+03 1.353154295542128571e-01
6.754000000000000000e+03 1.352462142611892126e-01
6.756000000000000000e+03 1.352319678313112228e-01
6.758000000000000000e+03 1.351077308666953636e-01
6.760000000000000000e+03 1.351620740074822857e-01
6.762000000000000000e+03 1.349822096210286093e-01
6.764000000000000000e+03 1.349807726741609759e-01
6.766000000000000000e+03 1.350066455826904877e-01
6.768000000000000000e+03 1.347584512509276133e-01
6.770000000000000000e+03 1.347705564936596268e-01
6.772000000000000000e+03 1.346603656438558061e-01
6.774000000000000000e+03 1.345091823398341102e-01
6.776000000000000000e+03 1.346177237040155905e-01
6.778000000000000000e+03 1.345075228039647741e-01
6.780000000000000000e+03 1.344929183641510873e-01
6.782000000000000000e+03 1.343956834157317703e-01
6.784000000000000000e+03 1.342711963874457515e-01
6.786000000000000000e+03 1.342421285933749486e-01
6.788000000000000000e+03 1.340360201641711269e-01
6.790000000000000000e+03 1.337484682126202640e-01
6.792000000000000000e+03 1.339235573597125639e-01
6.794000000000000000e+03 1.337586610486565519e-01
6.796000000000000000e+03 1.338382868767505063e-01
6.798000000000000000e+03 1.334427514669330739e-01
6.800000000000000000e+03 1.333866585225651769e-01
6.802000000000000000e+03 1.332493504849292798e-01
6.804000000000000000e+03 1.331527300690580062e-01
6.806000000000000000e+03 1.330155230962501434e-01
6.808000000000000000e+03 1.330813461477237947e-01
6.810000000000000000e+03 1.329306513466644302e-01
6.812000000000000000e+03 1.328882154474191335e-01
6.814000000000000000e+03 1.327377345070597514e-01
6.816000000000000000e+03 1.325873376483457378e-01
6.818000000000000000e+03 1.326393220427883601e-01
6.820000000000000000e+03 1.324081311423721263e-01
6.822000000000000000e+03 1.322446297447815722e-01
6.824000000000000000e+03 1.320408454332886727e-01
6.826000000000000000e+03 1.319717565477930843e-01
6.828000000000000000e+03 1.319698805979016287e-01
6.830000000000000000e+03 1.318201239928290247e-01
6.832000000000000000e+03 1.316570973944201084e-01
6.834000000000000000e+03 1.318296909903459990e-01
6.836000000000000000e+03 1.316264475203947348e-01
6.838000000000000000e+03 1.316646218146051428e-01
6.840000000000000000e+03 1.314481432320755983e-01
6.842000000000000000e+03 1.315398338300558523e-01
6.844000000000000000e+03 1.315510429870503373e-01
6.846000000000000000e+03 1.314685610013905936e-01
6.848000000000000000e+03 1.313593741243306301e-01
6.850000000000000000e+03 1.310632841875983001e-01
6.852000000000000000e+03 1.311278641827687275e-01
6.854000000000000000e+03 1.310455797650902365e-01
6.856000000000000000e+03 1.309366493858716562e-01
6.858000000000000000e+03 1.309875746781167805e-01
6.860000000000000000e+03 1.309185650354993125e-01
6.862000000000000000e+03 1.307025461717661319e-01
6.864000000000000000e+03 1.307525858496143001e-01
6.866000000000000000e+03 1.305367517580685310e-01
6.868000000000000000e+03 1.307459557050938970e-01
6.870000000000000000e+03 1.304771412343158909e-01
6.872000000000000000e+03 1.305012390707917802e-01
6.874000000000000000e+03 1.301939287782326038e-01
6.876000000000000000e+03 1.301517772922816674e-01
6.878000000000000000e+03 1.303080793569723894e-01
6.880000000000000000e+03 1.299879743044366764e-01
6.882000000000000000e+03 1.298797299417800422e-01
6.884000000000000000e+03 1.297583411735198089e-01
6.886000000000000000e+03 1.295709956577847932e-01
6.888000000000000000e+03 1.295684935869293453e-01
6.890000000000000000e+03 1.295527070342450959e-01
6.892000000000000000e+03 1.291548527112099942e-01
6.894000000000000000e+03 1.291392637198841287e-01
6.896000000000000000e+03 1.291367514482415213e-01
6.898000000000000000e+03 1.288579744469086907e-01
6.900000000000000000e+03 1.287240214887886425e-01
6.902000000000000000e+03 1.286945820242950955e-01
6.904000000000000000e+03 1.286256883910139315e-01
6.906000000000000000e+03 1.285174555630740345e-01
6.908000000000000000e+03 1.284878985285738684e-01
6.910000000000000000e+03 1.283403864310746489e-01
6.912000000000000000e+03 1.282985847920120048e-01
6.914000000000000000e+03 1.277857210533117627e-01
6.916000000000000000e+03 1.279010672335796350e-01
6.918000000000000000e+03 1.277025276230991935e-01
6.920000000000000000e+03 1.276216921078128230e-01
6.922000000000000000e+03 1.274496395290696527e-01
6.924000000000000000e+03 1.272516311138493506e-01
6.926000000000000000e+03 1.273796427142029897e-01
6.928000000000000000e+03 1.270905517402288742e-01
6.930000000000000000e+03 1.269449221657202864e-01
6.932000000000000000e+03 1.267482571456241547e-01
6.934000000000000000e+03 1.264737323677661007e-01
6.936000000000000000e+03 1.262904270648890492e-01
6.938000000000000000e+03 1.263280145699410550e-01
6.940000000000000000e+03 1.260410235366153653e-01
6.942000000000000000e+03 1.260648982029128617e-01
6.944000000000000000e+03 1.258812816563847359e-01
6.946000000000000000e+03 1.257236872560135166e-01
6.948000000000000000e+03 1.254626627154716290e-01
6.950000000000000000e+03 1.253570937558832754e-01
6.952000000000000000e+03 1.253163300892606580e-01
6.954000000000000000e+03 1.248233048025048642e-01
6.956000000000000000e+03 1.247569208584848321e-01
6.958000000000000000e+03 1.245872810449598633e-01
6.960000000000000000e+03 1.241856562768855893e-01
6.962000000000000000e+03 1.239142187004245305e-01
6.964000000000000000e+03 1.237331805381190475e-01
6.966000000000000000e+03 1.234750589350613326e-01
6.968000000000000000e+03 1.231528708891844043e-01
6.970000000000000000e+03 1.228438301808972982e-01
6.972000000000000000e+03 1.227279531849080063e-01
6.974000000000000000e+03 1.223425054505850040e-01
6.976000000000000000e+03 1.220472849754992983e-01
6.978000000000000000e+03 1.218036223954778730e-01
6.980000000000000000e+03 1.216883398471579891e-01
6.982000000000000000e+03 1.214579795427742775e-01
6.984000000000000000e+03 1.210102290695479893e-01
6.986000000000000000e+03 1.207803999304748049e-01
6.988000000000000000e+03 1.205891187951216165e-01
6.990000000000000000e+03 1.205384999853378325e-01
6.992000000000000000e+03 1.200283745134099883e-01
6.994000000000000000e+03 1.196463786697229276e-01
6.996000000000000000e+03 1.195707804091499654e-01
6.998000000000000000e+03 1.194697125923816217e-01
7.000000000000000000e+03 1.190503177248315031e-01
7.002000000000000000e+03 1.187084419676606856e-01
7.004000000000000000e+03 1.183416376902141909e-01
7.006000000000000000e+03 1.180261639032262194e-01
7.008000000000000000e+03 1.178887409589222252e-01
7.010000000000000000e+03 1.176373514889693106e-01
7.012000000000000000e+03 1.173730071589936252e-01
7.014000000000000000e+03 1.171596310557843218e-01
7.016000000000000000e+03 1.171486885789942145e-01
7.018000000000000000e+03 1.168346167081971559e-01
7.020000000000000000e+03 1.165083749373433536e-01
7.022000000000000000e+03 1.164858203658443309e-01
7.024000000000000000e+03 1.162365544573181475e-01
7.026000000000000000e+03 1.160630715035462779e-01
7.028000000000000000e+03 1.156384651265040253e-01
7.030000000000000000e+03 1.156036513527370219e-01
7.032000000000000000e+03 1.153564047949132976e-01
7.034000000000000000e+03 1.153099554359076351e-01
7.036000000000000000e+03 1.150506250237371825e-01
7.038000000000000000e+03 1.147666294196783426e-01
7.040000000000000000e+03 1.147828777615252788e-01
7.042000000000000000e+03 1.145611938577329320e-01
7.044000000000000000e+03 1.143023606649133522e-01
7.046000000000000000e+03 1.140937012418514612e-01
7.048000000000000000e+03 1.138479397576029895e-01
7.050000000000000000e+03 1.134159826077604655e-01
7.052000000000000000e+03 1.131842943322549089e-01
7.054000000000000000e+03 1.128039702101206881e-01
7.056000000000000000e+03 1.125482031460518229e-01
7.058000000000000000e+03 1.120945791350917153e-01
7.060000000000000000e+03 1.116787794875164358e-01
7.062000000000000000e+03 1.113997138773556994e-01
7.064000000000000000e+03 1.110345565828124020e-01
7.066000000000000000e+03 1.105712280738437719e-01
7.068000000000000000e+03 1.100963186204843985e-01
7.070000000000000000e+03 1.094250689575836377e-01
7.072000000000000000e+03 1.091119276705158625e-01
7.074000000000000000e+03 1.087500612705187414e-01
7.076000000000000000e+03 1.083764557983749183e-01
7.078000000000000000e+03 1.076843947448983679e-01
7.080000000000000000e+03 1.072018889659404478e-01
7.082000000000000000e+03 1.066345612611602073e-01
7.084000000000000000e+03 1.060803687126454925e-01
7.086000000000000000e+03 1.056982578207281975e-01
7.088000000000000000e+03 1.051091058431131847e-01
7.090000000000000000e+03 1.044721482746636954e-01
7.092000000000000000e+03 1.040442050898778420e-01
7.094000000000000000e+03 1.037387078080164726e-01
7.096000000000000000e+03 1.032876546477938529e-01
7.098000000000000000e+03 1.029953396002105531e-01
7.100000000000000000e+03 1.024848722052001809e-01
7.102000000000000000e+03 1.021694115378847384e-01
7.104000000000000000e+03 1.018665476999243563e-01
7.106000000000000000e+03 1.015399137001670032e-01
7.108000000000000000e+03 1.012258539099164661e-01
7.110000000000000000e+03 1.010814426922760495e-01
7.112000000000000000e+03 1.007199392565605450e-01
7.114000000000000000e+03 1.005278468272728376e-01
7.116000000000000000e+03 1.003359854217507757e-01
7.118000000000000000e+03 1.002888287864388273e-01
7.120000000000000000e+03 1.001935160787525564e-01
7.122000000000000000e+03 1.001825009948380252e-01
7.124000000000000000e+03 1.000753464683345612e-01
7.126000000000000000e+03 1.001361684008961472e-01
7.128000000000000000e+03 9.999304056591219736e-02
7.130000000000000000e+03 1.000535514670949089e-01
7.132000000000000000e+03 1.002101639345414213e-01
7.134000000000000000e+03 1.002707687644874418e-01
7.136000000000000000e+03 1.004624205920621877e-01
7.138000000000000000e+03 1.003554398842278900e-01
7.140000000000000000e+03 1.004391613000018418e-01
7.142000000000000000e+03 1.004744774535746565e-01
7.144000000000000000e+03 1.006166256231574990e-01
7.146000000000000000e+03 1.008771589954003400e-01
7.148000000000000000e+03 1.009827687481210517e-01
7.150000000000000000e+03 1.008508918881218103e-01
7.152000000000000000e+03 1.010633832979196123e-01
7.154000000000000000e+03 1.012635031912110101e-01
7.156000000000000000e+03 1.012975999184051734e-01
7.158000000000000000e+03 1.011542676141927027e-01
7.160000000000000000e+03 1.011881134562724882e-01
7.162000000000000000e+03 1.013161850580710094e-01
7.164000000000000000e+03 1.013496443171764266e-01
7.166000000000000000e+03 1.011357661510347977e-01
7.168000000000000000e+03 1.009574304357328950e-01
7.170000000000000000e+03 1.009085246172910927e-01
7.172000000000000000e+03 1.007311914317694790e-01
7.174000000000000000e+03 1.006947449716814325e-01
7.176000000000000000e+03 1.006582279527427348e-01
7.178000000000000000e+03 1.005865569602557713e-01
7.180000000000000000e+03 1.003395171796460927e-01
7.182000000000000000e+03 9.999885519217092955e-02
7.184000000000000000e+03 9.993874622601867097e-02
7.186000000000000000e+03 9.959885265849485747e-02
7.188000000000000000e+03 9.957390288897159658e-02
7.190000000000000000e+03 9.933945849742312206e-02
7.192000000000000000e+03 9.917577543118681616e-02
7.194000000000000000e+03 9.900065099840098248e-02
7.196000000000000000e+03 9.889534612582470685e-02
7.198000000000000000e+03 9.856986648439183818e-02
7.200000000000000000e+03 9.846492134676697316e-02
7.202000000000000000e+03 9.838322053174497483e-02
7.204000000000000000e+03 9.823222339874394804e-02
7.206000000000000000e+03 9.816219822089020108e-02
7.208000000000000000e+03 9.799988591013662764e-02
7.210000000000000000e+03 9.795300376445827129e-02
7.212000000000000000e+03 9.786013587913870715e-02
7.214000000000000000e+03 9.784783793447457412e-02
7.216000000000000000e+03 9.776648525904590992e-02
7.218000000000000000e+03 9.816736239409465381e-02
7.220000000000000000e+03 9.830354310920232097e-02
7.222000000000000000e+03 9.803894754727955629e-02
7.224000000000000000e+03 9.827848019958210224e-02
7.226000000000000000e+03 9.813996994854801148e-02
7.228000000000000000e+03 9.837870442507580526e-02
7.230000000000000000e+03 9.862825461547646000e-02
7.232000000000000000e+03 9.884245078211387203e-02
7.234000000000000000e+03 9.898771741037284966e-02
7.236000000000000000e+03 9.929195273494510754e-02
7.238000000000000000e+03 9.965235628361784892e-02
7.240000000000000000e+03 9.992102711063303999e-02
7.242000000000000000e+03 1.002011556769994011e-01
7.244000000000000000e+03 1.006507227246482006e-01
7.246000000000000000e+03 1.008273882018178164e-01
7.248000000000000000e+03 1.013771424882861094e-01
7.250000000000000000e+03 1.017899893010553863e-01
7.252000000000000000e+03 1.020325253741402871e-01
7.254000000000000000e+03 1.022518854089492779e-01
7.256000000000000000e+03 1.025947508669201591e-01
7.258000000000000000e+03 1.031621423412145133e-01
7.260000000000000000e+03 1.034244355793182968e-01
7.262000000000000000e+03 1.035624902810079739e-01
7.264000000000000000e+03 1.038012440093140504e-01
7.266000000000000000e+03 1.042302223673461509e-01
7.268000000000000000e+03 1.047367359620698934e-01
7.270000000000000000e+03 1.049508841149138921e-01
7.272000000000000000e+03 1.050309782682411486e-01
7.274000000000000000e+03 1.054685764959548550e-01
7.276000000000000000e+03 1.056259402610132542e-01
7.278000000000000000e+03 1.059391041070143896e-01
7.280000000000000000e+03 1.063072829742324754e-01
7.282000000000000000e+03 1.065738155072916693e-01
7.284000000000000000e+03 1.064724619050408799e-01
7.286000000000000000e+03 1.065045606950073692e-01
7.288000000000000000e+03 1.066697443337272788e-01
7.290000000000000000e+03 1.066791232109219473e-01
7.292000000000000000e+03 1.067667054658434089e-01
7.294000000000000000e+03 1.069204125076303746e-01
7.296000000000000000e+03 1.071290446338362817e-01
7.298000000000000000e+03 1.069612604794906718e-01
7.300000000000000000e+03 1.069151543556769723e-01
7.302000000000000000e+03 1.066814925310011208e-01
7.304000000000000000e+03 1.066906557983897663e-01
7.306000000000000000e+03 1.066666093897203904e-01
7.308000000000000000e+03 1.062464072339579929e-01
7.310000000000000000e+03 1.059147932271662373e-01
7.312000000000000000e+03 1.057491721630020864e-01
7.314000000000000000e+03 1.053752839837387573e-01
7.316000000000000000e+03 1.048704219560171735e-01
7.318000000000000000e+03 1.045634775206662481e-01
7.320000000000000000e+03 1.039506706939509334e-01
7.322000000000000000e+03 1.033492078846247331e-01
7.324000000000000000e+03 1.027269239753621499e-01
7.326000000000000000e+03 1.021165737598980633e-01
7.328000000000000000e+03 1.013764664115919673e-01
7.330000000000000000e+03 1.007465169810255745e-01
7.332000000000000000e+03 9.970501226406039419e-02
7.334000000000000000e+03 9.883921517081571684e-02
7.336000000000000000e+03 9.785550095228680301e-02
7.338000000000000000e+03 9.702535356769623198e-02
7.340000000000000000e+03 9.590407805746659076e-02
7.342000000000000000e+03 9.499057738397484463e-02
7.344000000000000000e+03 9.364605851217430721e-02
7.346000000000000000e+03 9.252004436942090626e-02
7.348000000000000000e+03 9.132048829256367295e-02
7.350000000000000000e+03 8.982107657743118589e-02
7.352000000000000000e+03 8.870159485857911918e-02
7.354000000000000000e+03 8.712120642495281564e-02
7.356000000000000000e+03 8.564048979351657209e-02
7.358000000000000000e+03 8.443107483607140140e-02
7.360000000000000000e+03 8.310578820336399219e-02
7.362000000000000000e+03 8.140813326644788517e-02
7.364000000000000000e+03 7.980999031508305419e-02
7.366000000000000000e+03 7.842884887780877945e-02
7.368000000000000000e+03 7.685770943801317756e-02
7.370000000000000000e+03 7.510781841815160342e-02
7.372000000000000000e+03 7.363822134760719673e-02
7.374000000000000000e+03 7.203269544941549862e-02
7.376000000000000000e+03 7.032360735275014485e-02
7.378000000000000000e+03 6.858574299949242448e-02
7.380000000000000000e+03 6.690423783707340200e-02
7.382000000000000000e+03 6.529007280566796745e-02
7.384000000000000000e+03 6.341352785569898121e-02
7.386000000000000000e+03 6.171010703890893873e-02
7.388000000000000000e+03 6.003100391159277988e-02
7.390000000000000000e+03 5.820683963420714147e-02
7.392000000000000000e+03 5.654469271836631145e-02
7.394000000000000000e+03 5.470603504851562909e-02
7.396000000000000000e+03 5.277583068684874035e-02
7.398000000000000000e+03 5.093352504111610390e-02
7.400000000000000000e+03 4.914732112398372682e-02
7.402000000000000000e+03 4.737527868520498286e-02
7.404000000000000000e+03 4.583780614935004799e-02
7.406000000000000000e+03 4.409310289961821533e-02
7.408000000000000000e+03 4.233063049920932075e-02
7.410000000000000000e+03 4.069721931949625560e-02
7.412000000000000000e+03 3.910854240697758666e-02
7.414000000000000000e+03 3.758559455726377674e-02
7.416000000000000000e+03 3.603414243838616582e-02
7.418000000000000000e+03 3.461089326353845169e-02
7.420000000000000000e+03 3.322161707269845332e-02
7.422000000000000000e+03 3.184556881103815101e-02
7.424000000000000000e+03 3.052415456374488537e-02
7.426000000000000000e+03 2.936125037297207530e-02
7.428000000000000000e+03 2.815893055197685180e-02
7.430000000000000000e+03 2.700037705031040070e-02
7.432000000000000000e+03 2.586492412827649107e-02
7.434000000000000000e+03 2.485593855341267089e-02
7.436000000000000000e+03 2.377633153093479390e-02
7.438000000000000000e+03 2.281252628639014041e-02
7.440000000000000000e+03 2.182982950625826646e-02
7.442000000000000000e+03 2.107600982890747363e-02
7.444000000000000000e+03 2.021011637335762279e-02
7.446000000000000000e+03 1.955196236456383657e-02
7.448000000000000000e+03 1.881265489322703557e-02
7.450000000000000000e+03 1.810558883098932481e-02
7.452000000000000000e+03 1.744106454813698984e-02
7.454000000000000000e+03 1.677777496071095401e-02
7.456000000000000000e+03 1.618751460959722693e-02
7.458000000000000000e+03 1.570083479221486000e-02
7.460000000000000000e+03 1.515361106268185709e-02
7.462000000000000000e+03 1.467902292144571130e-02
7.464000000000000000e+03 1.423595460963852574e-02
7.466000000000000000e+03 1.383455038776668956e-02
7.468000000000000000e+03 1.338288905615252038e-02
7.470000000000000000e+03 1.298300049623398074e-02
7.472000000000000000e+03 1.258387339578547967e-02
7.474000000000000000e+03 1.220582470570682337e-02
7.476000000000000000e+03 1.188944324919873757e-02
7.478000000000000000e+03 1.165486963684131232e-02
7.480000000000000000e+03 1.128885719758839987e-02
7.482000000000000000e+03 1.096407165081276711e-02
7.484000000000000000e+03 1.068036931789580722e-02
7.486000000000000000e+03 1.042754384000739790e-02
7.488000000000000000e+03 1.010444355958494550e-02
7.490000000000000000e+03 9.872794887324802884e-03
7.492000000000000000e+03 9.609368605920954112e-03
7.494000000000000000e+03 9.393781699126420304e-03
7.496000000000000000e+03 9.181607202511153296e-03
7.498000000000000000e+03 8.901431519141848880e-03
7.500000000000000000e+03 8.624785806107411121e-03
7.502000000000000000e+03 8.390848511705337187e-03
7.504000000000000000e+03 8.140289897262288979e-03
7.506000000000000000e+03 7.898205133903535985e-03
7.508000000000000000e+03 7.615523737869155443e-03
7.510000000000000000e+03 7.392364533865066097e-03
7.512000000000000000e+03 7.164624224778856632e-03
7.514000000000000000e+03 6.879407852451203086e-03
7.516000000000000000e+03 6.662527982552067171e-03
7.518000000000000000e+03 6.415163349324264595e-03
7.520000000000000000e+03 6.201100850608597635e-03
7.522000000000000000e+03 5.960584780523709575e-03
7.524000000000000000e+03 5.751311322117975793e-03
7.526000000000000000e+03 5.544408861253811993e-03
7.528000000000000000e+03 5.340863300842840604e-03
7.530000000000000000e+03 5.118870571616627486e-03
7.532000000000000000e+03 4.919066937489115568e-03
7.534000000000000000e+03 4.748309411172060845e-03
7.536000000000000000e+03 4.564035872660391138e-03
7.538000000000000000e+03 4.420569322461701499e-03
7.540000000000000000e+03 4.192569560622743698e-03
7.542000000000000000e+03 4.041831254624201133e-03
7.544000000000000000e+03 3.915976168063292281e-03
7.546000000000000000e+03 3.759873573718556551e-03
7.548000000000000000e+03 3.597184528247203156e-03
7.550000000000000000e+03 3.482885725946504099e-03
7.552000000000000000e+03 3.362917913591635492e-03
7.554000000000000000e+03 3.229459388235175407e-03
7.556000000000000000e+03 3.106034189903380920e-03
7.558000000000000000e+03 2.996526493803479234e-03
7.560000000000000000e+03 2.943750397644677788e-03
7.570000000000000000e+03 2.681308482144697299e-03
7.580000000000000000e+03 2.421266428569667211e-03
7.590000000000000000e+03 2.163613975839112635e-03
7.600000000000000000e+03 1.870604573738832155e-03
7.610000000000000000e+03 1.654711601332875754e-03
7.620000000000000000e+03 1.449366446525100424e-03
7.630000000000000000e+03 1.293168103575770712e-03
7.640000000000000000e+03 1.136543860079907309e-03
7.650000000000000000e+03 1.016935347895182341e-03
7.660000000000000000e+03 8.948126651877365278e-04
7.670000000000000000e+03 7.992243293468728705e-04
7.680000000000000000e+03 7.039783502654058328e-04
7.690000000000000000e+03 6.304592989629537745e-04
7.700000000000000000e+03 5.586367379236379348e-04
7.710000000000000000e+03 5.035761344677653099e-04
7.720000000000000000e+03 4.499388433342882952e-04
7.730000000000000000e+03 4.088667062468132269e-04
7.740000000000000000e+03 3.683605199415521374e-04
7.750000000000000000e+03 3.371493591546689166e-04
7.760000000000000000e+03 3.049910771808380630e-04
7.770000000000000000e+03 2.786087593011399343e-04
7.780000000000000000e+03 2.513352030973676913e-04
7.790000000000000000e+03 2.295636458048363224e-04
7.800000000000000000e+03 2.072169595954878715e-04
7.810000000000000000e+03 1.894955444810842435e-04
7.820000000000000000e+03 1.720292798286287769e-04
7.830000000000000000e+03 1.584987471817906680e-04
7.840000000000000000e+03 1.453529375114072787e-04
7.850000000000000000e+03 1.350463129690854290e-04
7.860000000000000000e+03 1.252595377029692958e-04
7.870000000000000000e+03 1.174969312072972138e-04
7.880000000000000000e+03 1.092235615075814060e-04
7.890000000000000000e+03 1.022759459603364899e-04
7.900000000000000000e+03 9.522930549870602319e-05
7.910000000000000000e+03 8.907294828597584326e-05
7.920000000000000000e+03 8.232108121666116335e-05
7.930000000000000000e+03 7.674997640702568716e-05
7.940000000000000000e+03 7.057665791229777140e-05
7.950000000000000000e+03 6.569657607513364336e-05
7.960000000000000000e+03 6.066343981152225574e-05
7.970000000000000000e+03 5.675632568265498142e-05
7.980000000000000000e+03 5.301400207627290093e-05
7.990000000000000000e+03 5.031093337623615498e-05
8.000000000000000000e+03 5.068152970771806233e-05
8.010000000000000000e+03 4.714677133855356802e-05
8.020000000000000000e+03 4.382202894453474530e-05
8.030000000000000000e+03 4.169479124621059860e-05
8.040000000000000000e+03 3.831374657127862481e-05
8.050000000000000000e+03 3.722784716506122044e-05
8.060000000000000000e+03 3.469687232329430866e-05
8.070000000000000000e+03 3.286428775847513849e-05
8.080000000000000000e+03 3.184825933196238235e-05
8.090000000000000000e+03 2.983068192686049694e-05
8.100000000000000000e+03 2.906580353750874498e-05
8.110000000000000000e+03 2.787565927971315851e-05
8.120000000000000000e+03 2.634913418639648594e-05
8.130000000000000000e+03 2.518549923873428660e-05
8.140000000000000000e+03 2.393830576074385897e-05
8.150000000000000000e+03 2.329047328022171732e-05
8.160000000000000000e+03 2.150154382705677804e-05
8.170000000000000000e+03 2.065713283541468421e-05
8.180000000000000000e+03 1.985815529138364961e-05
8.190000000000000000e+03 1.911733942011948603e-05
8.200000000000000000e+03 1.878437117045015430e-05
8.210000000000000000e+03 1.753105955448532805e-05
8.220000000000000000e+03 1.741144970896039493e-05
8.230000000000000000e+03 1.600086301387031022e-05
8.240000000000000000e+03 1.516662184683499621e-05
8.250000000000000000e+03 1.446087589153437848e-05
8.260000000000000000e+03 1.423434980644543500e-05
