 12825453  1 0 AltDetFail
  7694175  1 0 ses2MesFail
  7694175  2 0 ses2MesFail
 17342647  1 0 ChasesFail
  7720507  1 1 PASS
  7720507  2 0 SecondaryOfPN_01
  7720507  3 0 AltDetFail
 13459076  1 0 ses2MesFail
  7854182  1 1 PASS
 17408171  1 1 PASS
 17408171  2 0 AltDetFail
  8309401  1 1 PASS
 17408570  1 0 ses2MesFail
  8346476  1 1 PASS
  8346476  2 0 AltDetFail
 17467989  1 1 PASS
  8417276  1 0 ChasesFail
 17468122  1 1 PASS
 17468122  2 0 SecondaryOfPN_01
  8444713  1 1 PASS
  8444713  2 0 SecondaryOfPN_01
 17539192  1 0 AltDetFail
  8501044  1 1 PASS
 17562290  1 0 ChasesFail
 17562290  2 0 AltDetFail
  8577354  1 0 AltDetFail
 17563811  1 0 AltDetFail
  8592033  1 0 ses2MesFail
  8592033  2 0 SecondaryOfPN_01
 17568668  1 1 PASS
 17568668  2 0 AltDetFail
  8624617  1 1 PASS
  8624617  2 0 SecondaryOfPN_01
  8624617  3 0 AltDetFail
 17619748  1 0 ChasesFail
 17619748  2 0 ChasesFail
  8669966  1 1 PASS
 18317760  1 0 ses2MesFail
  8673277  1 0 ses2MesFail
  8673277  2 0 ChasesFail
  8673277  3 0 AltDetFail
 18271803  1 1 PASS
 18271803  2 0 AltDetFail
  9462585  1 0 ChasesFail
 18319090  1 1 PASS
  9473243  1 1 PASS
 18422438  1 1 PASS
 18422438  2 0 AltDetFail
  9779230  1 0 ses2MesFail
 18534775  1 0 AltDetFail
 18534775  2 0 AltDetFail
  9825731  1 0 ChasesFail
 18566969  1 0 AltDetFail
 10266995  1 1 PASS
 18631678  1 1 PASS
 10287315  1 1 PASS
 21125485  1 0 AltDetFail
 10393493  1 1 PASS
 10393493  2 0 AltDetFail
 21126323  1 1 PASS
 21126323  2 0 SecondaryOfPN_01
 11996814  1 0 AltDetFail
 21636968  1 0 ses2MesFail
 12824209  1 1 PASS
 18178958  1 0 ses2MesFail
 18269802  1 1 PASS
 18269802  2 0 AltDetFail
 21719708  1 1 PASS
 21744120  1 1 PASS
 21829304  1 1 PASS
 21829304  2 0 AltDetFail
 21832928  1 1 PASS
 24077469  1 1 PASS
 24077469  2 0 AltDetFail
 24233297  1 0 newMesShrink
 24233297  2 0 AltDetFail
 29438236  1 1 PASS
 39389004  1 0 AltDetFail
 39389004  2 0 AltDetFail
 39426509  1 0 AltDetFail
 39426509  2 0 AltDetFail
 39576803  1 0 ses2MesFail
 39576803  2 0 SecondaryOfPN_01
 39576803  3 0 newMesBelowThresh
 39576803  4 0 newMesBelowThresh
 39826778  1 1 PASS
 39826778  2 0 AltDetFail
 39903405  1 1 PASS
 39903672  1 1 PASS
 39903672  2 0 SecondaryOfPN_01
 40050637  1 1 PASS
 40050637  2 0 SecondaryOfPN_01
 43273020  1 1 PASS
 43333148  1 1 PASS
 43333148  2 0 SecondaryOfPN_01
 43335533  1 0 ses2MesFail
 43434316  1 1 PASS
 47626069  1 0 ChasesFail
 47757785  1 0 ses2MesFail
 47757785  2 0 ses2MesFail
 47757785  3 0 ses2MesFail
 52040219  1 0 ChasesFail
 52790360  1 1 PASS
 57229803  1 1 PASS
 57229803  2 0 AltDetFail
 57232909  1 0 ses2MesFail
 57256934  1 1 PASS
 57256934  2 0 SecondaryOfPN_01
 57258016  1 0 ses2MesFail
 57297550  1 1 PASS
 57297550  2 0 AltDetFail
 57297550  3 0 AltDetFail
 57297550  4 0 AltDetFail
 57297550  5 0 AltDetFail
 57332272  1 1 PASS
 68873454  1 0 AltDetFail
 68873454  2 0 AltDetFail
 68901227  1 0 AltDetFail
 68901798  1 1 PASS
 68901798  2 0 SecondaryOfPN_01
 72766296  1 1 PASS
 72839144  1 1 PASS
 75722876  1 0 ses2MesFail
 85371626  1 1 PASS
 85375231  1 1 PASS
 85375231  2 0 AltDetFail
 85461580  1 0 AltDetFail
 85512095  1 1 PASS
 85516380  1 1 PASS
 85517073  1 0 ses2MesFail
 85585153  1 0 AltDetFail
 85600400  1 1 PASS
 88893153  1 1 PASS
 88893153  2 0 SecondaryOfPN_01
 88996391  1 1 PASS
 89116996  1 1 PASS
101645013  1 0 AltDetFail
101675455  1 1 PASS
101675455  2 0 AltDetFail
101719607  1 1 PASS
101719607  2 0 SecondaryOfPN_01
101720220  1 1 PASS
101721385  1 1 PASS
101721979  1 0 AltDetFail
101721979  2 0 AltDetFail
101767283  1 0 AltDetFail
101767697  1 1 PASS
101808114  1 0 ses2MesFail
101808114  2 0 ses2MesFail
103195323  1 1 PASS
103199606  1 1 PASS
103199606  2 0 AltDetFail
103199606  3 0 AltDetFail
103304597  1 0 AltDetFail
103304597  2 0 AltDetFail
103304597  3 0 AltDetFail
103304597  4 0 AltDetFail
103304597  5 0 AltDetFail
103452621  1 1 PASS
103452621  2 0 SecondaryOfPN_01
103566595  1 1 PASS
105840719  1 1 PASS
115265695  1 0 ChasesFail
115280751  1 0 AltDetFail
115288764  1 1 PASS
115288764  2 0 AltDetFail
115410334  1 1 PASS
115411787  1 0 ses2MesFail
115411787  2 0 ses2MesFail
115412010  1 0 AltDetFail
115412010  2 0 AltDetFail
115422926  1 0 ses2MesFail
115450693  1 0 AltDetFail
115450693  2 0 AltDetFail
115450700  1 1 PASS
115450700  2 0 AltDetFail
115507313  1 1 PASS
115507313  2 0 AltDetFail
115970839  1 0 AltDetFail
115970839  2 0 AltDetFail
115971584  1 1 PASS
115971584  2 0 ses2MesFail
116161302  1 1 PASS
116161302  2 0 SecondaryOfPN_01
116161302  3 0 AltDetFail
116163356  1 1 PASS
116163356  2 0 SecondaryOfPN_01
116242971  1 1 PASS
116264089  1 1 PASS
119973835  1 1 PASS
135268489  1 1 PASS
137121812  1 0 AltDetFail
137121812  2 0 AltDetFail
137200814  1 1 PASS
137205922  1 1 PASS
137206215  1 0 ses2MesFail
140627676  1 0 ses2MesFail
140627676  2 0 AltDetFail
140736015  1 1 PASS
140804999  1 1 PASS
140804999  2 0 AltDetFail
140839172  1 0 AltDetFail
140864169  1 1 PASS
140864169  2 0 AltDetFail
140866969  1 0 ses2MesFail
141981045  1 0 AltDetFail
141981045  2 0 AltDetFail
142047616  1 0 AltDetFail
142047616  2 0 AltDetFail
142090065  1 1 PASS
142154041  1 1 PASS
142154041  2 0 SecondaryOfPN_01
143100813  1 1 PASS
143100813  2 0 ChasesFail
143100813  3 0 ChasesFail
143100813  4 0 ChasesFail
143100813  5 0 AltDetFail
143101020  1 0 ses2MesFail
143114211  1 1 PASS
148160986  1 1 PASS
149736571  1 0 AltDetFail
149736571  2 0 AltDetFail
154573032  1 1 PASS
154664604  1 0 AltDetFail
154664604  2 0 AltDetFail
154664604  3 0 AltDetFail
154699047  1 0 ses2MesFail
154699047  2 1 PASS
154875092  1 0 ses2MesFail
154875092  2 0 ses2MesFail
156299691  1 0 AltDetFail
156299691  2 0 AltDetFail
156314915  1 1 PASS
157112877  1 0 AltDetFail
157446808  1 0 AltDetFail
157448336  1 1 PASS
157448336  2 0 SecondaryOfPN_01
157448336  3 0 AltDetFail
157469799  1 1 PASS
157469799  2 0 newMesBelowThresh
159298033  1 1 PASS
159336052  1 1 PASS
159345581  1 1 PASS
159345581  2 0 SecondaryOfPN_01
159345743  1 1 PASS
159346490  1 1 PASS
159346490  2 0 AltDetFail
159454849  1 0 AltDetFail
159454849  2 0 AltDetFail
159510109  1 1 PASS
159510109  2 0 ses2MesFail
159510983  1 0 AltDetFail
159510983  2 0 AltDetFail
159742538  1 1 PASS
159820018  1 0 ses2MesFail
159850507  1 1 PASS
159892657  1 1 PASS
159892657  2 0 SecondaryOfPN_01
159939533  1 0 AltDetFail
159940256  1 0 ses2MesFail
159981348  1 0 AltDetFail
159981348  2 0 AltDetFail
159983399  1 0 AltDetFail
159983399  2 0 AltDetFail
160164029  1 1 PASS
160164029  2 0 AltDetFail
160189691  1 1 PASS
160195393  1 0 AltDetFail
160423353  1 0 ChasesFail
160472514  1 0 ses2MesFail
160518449  1 1 PASS
160519380  1 0 AltDetFail
160533733  1 0 ses2MesFail
160585813  1 1 PASS
160603897  1 1 PASS
160603897  2 0 SecondaryOfPN_01
160603897  3 0 AltDetFail
160603897  4 0 AltDetFail
160603897  5 0 AltDetFail
160618494  1 1 PASS
160618494  2 0 SecondaryOfPN_01
160618494  3 0 AltDetFail
162577229  1 0 AltDetFail
162577229  2 0 AltDetFail
162632186  1 0 ses2MesFail
162689341  1 1 PASS
162691994  1 1 PASS
162694128  1 1 PASS
164374386  1 1 PASS
164374386  2 0 AltDetFail
164374386  3 0 AltDetFail
164375251  1 0 ChasesFail
164375251  2 0 SecondaryOfPN_01
164375251  3 0 AltDetFail
165507435  1 0 ses2MesFail
165531514  1 1 PASS
165618747  1 0 AltDetFail
165642663  1 1 PASS
188589164  1 1 PASS
188590080  1 1 PASS
188590080  2 0 SecondaryOfPN_01
188766090  1 1 PASS
188768068  1 1 PASS
188777430  1 0 ses2MesFail
188777432  1 0 ses2MesFail
188816156  1 1 PASS
188816156  2 0 AltDetFail
188816156  3 0 AltDetFail
193515431  1 0 AltDetFail
193558733  1 0 AltDetFail
193578361  1 0 AltDetFail
193578361  2 0 AltDetFail
193580427  1 0 AltDetFail
193580427  2 0 AltDetFail
193604411  1 1 PASS
193607219  1 1 PASS
193624940  1 0 AltDetFail
193624940  2 0 AltDetFail
193627658  1 1 PASS
193627658  2 0 AltDetFail
193635719  1 0 AltDetFail
193635719  2 0 AltDetFail
193728983  1 1 PASS
193728983  2 0 SecondaryOfPN_01
193770329  1 0 AltDetFail
193774939  1 1 PASS
193774939  2 0 AltDetFail
193819456  1 0 ChasesFail
193819456  2 1 PASS
193819456  3 0 AltDetFail
193821046  1 0 ses2MesFail
193822785  1 1 PASS
193823999  1 0 AltDetFail
193867475  1 1 PASS
193869952  1 0 ses2MesFail
193869952  2 0 SecondaryOfPN_01
193886356  1 0 ses2MesFail
198179599  1 1 PASS
198181552  1 1 PASS
198181553  1 1 PASS
198187008  1 0 ses2MesFail
198242676  1 0 ses2MesFail
198242678  1 1 PASS
198280388  1 0 SesStatFail
198354443  1 0 AltDetFail
198354443  2 0 AltDetFail
198358825  1 0 ses2MesFail
198366673  1 1 PASS
198366673  2 0 SecondaryOfPN_01
198382308  1 1 PASS
198385543  1 1 PASS
198390707  1 0 AltDetFail
198390707  2 0 AltDetFail
198408416  1 1 PASS
198408416  2 0 AltDetFail
198410119  1 0 AltDetFail
198410462  1 0 AltDetFail
198410480  1 1 PASS
198410480  2 0 SecondaryOfPN_01
198410955  1 1 PASS
198416591  1 0 ses2MesFail
198560607  1 0 AltDetFail
198614722  1 1 PASS
198614722  2 0 SecondaryOfPN_01
198637990  1 1 PASS
199525756  1 1 PASS
199525880  1 0 ChasesFail
199574208  1 1 PASS
199574208  2 0 newMesBelowThresh
199574208  3 0 newMesShrink
199574208  4 0 AltDetFail
199574208  5 0 AltDetFail
199574208  6 0 AltDetFail
199574211  1 1 PASS
199574211  2 0 newMesShrink
199574211  3 0 AltDetFail
199574211  4 0 AltDetFail
199610287  1 1 PASS
199612934  1 1 PASS
199612934  2 0 AltDetFail
199661915  1 0 ses2MesFail
199662929  1 1 PASS
199662929  2 0 SecondaryOfPN_01
199682037  1 0 AltDetFail
199682037  2 0 AltDetFail
199686157  1 1 PASS
199688409  1 1 PASS
199688409  2 0 AltDetFail
199688472  1 1 PASS
199708835  1 1 PASS
199708835  2 0 SecondaryOfPN_01
199709055  1 1 PASS
199715197  1 0 AltDetFail
199716287  1 1 PASS
199716496  1 0 AltDetFail
199716496  2 0 AltDetFail
207398432  1 1 PASS
207398432  2 0 AltDetFail
207436278  1 0 ses2MesFail
207493152  1 1 PASS
207493152  2 0 SecondaryOfPN_01
207496306  1 0 AltDetFail
207496306  2 0 AltDetFail
207496824  1 0 AltDetFail
207501148  1 0 ses2MesFail
219095664  1 1 PASS
219095755  1 1 PASS
219096494  1 1 PASS
219109908  1 0 AltDetFail
219474870  1 1 PASS
219474870  2 0 SecondaryOfPN_01
219480018  1 0 AltDetFail
219494344  1 0 ChasesFail
219495811  1 0 ses2MesFail
219508169  1 1 PASS
219508169  2 1 PASS
219517559  1 1 PASS
219518400  1 0 ses2MesFail
219738202  1 0 AltDetFail
219738202  2 0 AltDetFail
219740742  1 1 PASS
219740742  2 0 AltDetFail
219747045  1 0 AltDetFail
219747045  2 0 AltDetFail
219750638  1 0 ses2MesFail
219750638  2 0 AltDetFail
219751969  1 0 AltDetFail
219762508  1 1 PASS
219765652  1 1 PASS
219771660  1 1 PASS
219777401  1 1 PASS
219780464  1 1 PASS
219791033  1 1 PASS
219791033  2 0 AltDetFail
219819617  1 1 PASS
219819617  2 0 AltDetFail
219821826  1 1 PASS
219851943  1 0 AltDetFail
219851943  2 0 AltDetFail
219852584  1 1 PASS
219854185  1 1 PASS
219859691  1 1 PASS
219859691  2 0 AltDetFail
219865181  1 1 PASS
219865181  2 0 SecondaryOfPN_01
219879302  1 1 PASS
219882262  1 1 PASS
219892705  1 1 PASS
219893380  1 0 ses2MesFail
219900027  1 1 PASS
219900027  2 0 AltDetFail
224327878  1 1 PASS
224328133  1 0 AltDetFail
224328133  2 0 AltDetFail
224602502  1 0 AltDetFail
224602502  2 0 AltDetFail
224606205  1 1 PASS
229400092  1 1 PASS
229400643  1 1 PASS
229400643  2 0 AltDetFail
229446477  1 1 PASS
229480487  1 0 ses2MesFail
229487733  1 1 PASS
229490898  1 1 PASS
229510628  1 1 PASS
229510628  2 0 SecondaryOfPN_01
229510628  3 0 AltDetFail
229510866  1 1 PASS
229554006  1 1 PASS
229556468  1 1 PASS
229557073  1 1 PASS
229573710  1 0 AltDetFail
229573710  2 0 AltDetFail
229585356  1 0 AltDetFail
229585356  2 0 AltDetFail
229585356  3 0 AltDetFail
229585365  1 0 AltDetFail
229585542  1 1 PASS
229597404  1 1 PASS
229597404  2 0 SecondaryOfPN_01
229616860  1 1 PASS
229616860  2 0 SecondaryOfPN_01
229675762  1 1 PASS
229706827  1 1 PASS
229706827  2 0 ses2MesFail
229706827  3 0 ses2MesFail
229715760  1 1 PASS
229740848  1 1 PASS
229740848  2 0 SecondaryOfPN_01
229750058  1 1 PASS
229751802  1 0 AltDetFail
229751802  2 0 AltDetFail
229760134  1 1 PASS
229766985  1 0 AltDetFail
229771234  1 0 AltDetFail
229776076  1 1 PASS
229776076  2 0 ses2MesFail
229776076  3 0 newMesShrink
229781583  1 1 PASS
229787062  1 1 PASS
229790589  1 0 ChasesFail
229791084  1 1 PASS
229796245  1 0 ses2MesFail
229910234  1 1 PASS
229910746  1 1 PASS
229913521  1 1 PASS
229914020  1 1 PASS
229914020  2 0 SecondaryOfPN_01
229975095  1 1 PASS
230005512  1 1 PASS
230007816  1 1 PASS
230016502  1 1 PASS
230017324  1 1 PASS
230024775  1 1 PASS
230025630  1 1 PASS
230050959  1 1 PASS
230050959  2 0 SecondaryOfPN_01
230086888  1 1 PASS
230087585  1 1 PASS
230088370  1 1 PASS
230114503  1 1 PASS
230114503  2 0 SecondaryOfPN_01
230124352  1 0 ChasesFail
230127302  1 1 PASS
230130613  1 0 ChasesFail
230136846  1 1 PASS
230136846  2 0 AltDetFail
230201828  1 0 ChasesFail
230201927  1 1 PASS
230221493  1 0 AltDetFail
230221493  2 0 AltDetFail
230222657  1 1 PASS
230222657  2 0 AltDetFail
230225513  1 1 PASS
230233157  1 0 AltDetFail
230233157  2 0 AltDetFail
230236827  1 1 PASS
230375747  1 1 PASS
230386284  1 1 PASS
230386284  2 0 AltDetFail
230389303  1 1 PASS
230393824  1 1 PASS
230393824  2 0 SecondaryOfPN_01
232570970  1 1 PASS
232572560  1 1 PASS
232572560  2 0 AltDetFail
232573695  1 0 ses2MesFail
232610389  1 1 PASS
232612416  1 1 PASS
232612421  1 1 PASS
232617358  1 1 PASS
232617358  2 0 AltDetFail
232629077  1 1 PASS
232629077  2 0 SecondaryOfPN_01
232632890  1 1 PASS
232633677  1 0 AltDetFail
232634196  1 1 PASS
232634196  2 0 ChasesFail
232634196  3 0 AltDetFail
232634196  4 0 AltDetFail
232634196  5 0 AltDetFail
232634683  1 0 ses2MesFail
232641326  1 1 PASS
232643392  1 1 PASS
232643392  2 0 SecondaryOfPN_01
232649837  1 0 AltDetFail
232649837  2 0 AltDetFail
232649837  3 0 AltDetFail
232982938  1 1 PASS
232984544  1 0 AltDetFail
232985036  1 1 PASS
233005602  1 0 AltDetFail
233051157  1 1 PASS
233058262  1 0 ses2MesFail
233058265  1 0 ses2MesFail
233060434  1 1 PASS
233060434  2 0 newMesShrink
233060434  3 0 AltDetFail
233068569  1 1 PASS
233068870  1 0 ses2MesFail
233078665  1 1 PASS
233079659  1 1 PASS
233079659  2 0 AltDetFail
233080133  1 0 AltDetFail
233083216  1 1 PASS
233087860  1 1 PASS
233099836  1 0 ses2MesFail
233120979  1 1 PASS
233121747  1 0 ses2MesFail
233124538  1 0 AltDetFail
233124538  2 0 AltDetFail
233126339  1 1 PASS
233131533  1 1 PASS
233193944  1 1 PASS
233193944  2 0 SecondaryOfPN_01
233195052  1 1 PASS
233207585  1 0 AltDetFail
233207585  2 0 AltDetFail
233208885  1 1 PASS
233208885  2 0 SecondaryOfPN_01
233208885  3 0 AltDetFail
233211762  1 1 PASS
233211762  2 0 ses2MesFail
233233639  1 0 AltDetFail
233496435  1 1 PASS
233497719  1 1 PASS
233524881  1 0 ChasesFail
233531814  1 1 PASS
233532554  1 1 PASS
233532554  2 0 AltDetFail
233539736  1 1 PASS
233541860  1 0 AltDetFail
233544995  1 0 AltDetFail
233569141  1 1 PASS
233569141  2 0 SecondaryOfPN_01
233576872  1 1 PASS
233660053  1 0 ses2MesFail
233679640  1 1 PASS
233679640  2 0 SecondaryOfPN_01
233681149  1 1 PASS
233684822  1 1 PASS
233689243  1 1 PASS
233720276  1 1 PASS
233720276  2 0 newMesShrink
233720276  3 0 AltDetFail
233720276  4 0 AltDetFail
233720276  5 0 AltDetFail
233722938  1 1 PASS
233722938  2 0 SecondaryOfPN_01
233735068  1 1 PASS
233738219  1 0 ses2MesFail
233738348  1 1 PASS
233738458  1 1 PASS
233740210  1 1 PASS
235594340  1 1 PASS
235594340  2 0 newMesShrink
235683377  1 1 PASS
235712394  1 0 AltDetFail
235718636  1 0 AltDetFail
235905185  1 1 PASS
235930066  1 1 PASS
235945613  1 1 PASS
235945613  2 0 SecondaryOfPN_01
235982039  1 1 PASS
235982039  2 0 AltDetFail
235982927  1 1 PASS
235982927  2 0 AltDetFail
235985439  1 1 PASS
235985439  2 0 SecondaryOfPN_01
236004686  1 0 AltDetFail
236005155  1 0 ses2MesFail
236010638  1 1 PASS
236013183  1 0 AltDetFail
236313673  1 1 PASS
236313673  2 0 AltDetFail
236327696  1 0 AltDetFail
236333974  1 1 PASS
236333974  2 0 AltDetFail
236338880  1 0 AltDetFail
236338880  2 0 AltDetFail
236387002  1 1 PASS
236392102  1 1 PASS
236757919  1 1 PASS
236757919  2 0 ses2MesFail
236761861  1 1 PASS
236776750  1 1 PASS
236778955  1 1 PASS
236778955  2 1 PASS
236817949  1 1 PASS
236887394  1 1 PASS
237104103  1 1 PASS
237116051  1 1 PASS
237116051  2 0 AltDetFail
237116860  1 1 PASS
237130278  1 0 AltDetFail
237130278  2 0 AltDetFail
237200747  1 1 PASS
237222539  1 0 AltDetFail
237222864  1 1 PASS
237229242  1 0 AltDetFail
237229242  2 0 AltDetFail
237234024  1 1 PASS
237277760  1 1 PASS
237277760  2 0 newMesShrink
237277760  3 0 AltDetFail
237277760  4 0 AltDetFail
237278994  1 0 AltDetFail
237286849  1 0 ses2MesFail
237290473  1 1 PASS
237290473  2 0 SecondaryOfPN_01
237294956  1 0 AltDetFail
237297458  1 1 PASS
243335710  1 1 PASS
255908136  1 1 PASS
255930614  1 1 PASS
255930827  1 1 PASS
255930827  2 0 SecondaryOfPN_01
255930833  1 1 PASS
255930833  2 0 AltDetFail
255993777  1 1 PASS
255993777  2 0 AltDetFail
256298934  1 1 PASS
256298934  2 0 ChasesFail
256298934  3 0 AltDetFail
256516208  1 1 PASS
256640207  1 0 AltDetFail
256640207  2 0 AltDetFail
256640561  1 1 PASS
256640561  2 0 AltDetFail
256738293  1 0 ses2MesFail
257159481  1 1 PASS
257273424  1 1 PASS
257273424  2 0 AltDetFail
257582255  1 0 ses2MesFail
257648522  1 1 PASS
257652503  1 0 ses2MesFail
257798194  1 0 ses2MesFail
257798327  1 0 ses2MesFail
257798327  2 0 ses2MesFail
257798328  1 0 ses2MesFail
258108067  1 1 PASS
258108067  2 1 PASS
258131030  1 1 PASS
258172452  1 1 PASS
258172452  2 0 SecondaryOfPN_01
258172583  1 1 PASS
258172583  2 0 AltDetFail
258177087  1 1 PASS
258177728  1 0 ChasesFail
258177728  2 1 PASS
258177999  1 1 PASS
258177999  2 0 SecondaryOfPN_01
258351350  1 1 PASS
258351350  2 0 SecondaryOfPN_01
258354497  1 1 PASS
258391911  1 1 PASS
258391911  2 0 SecondaryOfPN_01
258391911  3 0 AltDetFail
258463028  1 1 PASS
258509996  1 1 PASS
258510872  1 1 PASS
258548745  1 1 PASS
258773798  1 0 AltDetFail
258777137  1 1 PASS
258799793  1 0 AltDetFail
258826816  1 0 ses2MesFail
258871793  1 1 PASS
258918831  1 1 PASS
258918831  2 0 SecondaryOfPN_01
258918835  1 1 PASS
258920251  1 1 PASS
258923466  1 1 PASS
259003868  1 1 PASS
259003868  2 0 AltDetFail
259099970  1 1 PASS
259126549  1 1 PASS
259126645  1 1 PASS
259168516  1 1 PASS
259270364  1 0 ChasesFail
260185883  1 1 PASS
260273161  1 1 PASS
263839297  1 1 PASS
263930790  1 1 PASS
263930790  2 0 AltDetFail
263930790  3 0 AltDetFail
263968694  1 0 AltDetFail
264007205  1 1 PASS
264007205  2 0 AltDetFail
264051559  1 1 PASS
264052522  1 0 ses2MesFail
264253009  1 1 PASS
264253573  1 1 PASS
264253573  2 0 AltDetFail
264678534  1 1 PASS
264844557  1 0 AltDetFail
264844557  2 0 AltDetFail
265274458  1 1 PASS
265274458  2 0 SecondaryOfPN_01
267543197  1 0 ChasesFail
267543197  2 0 ses2MesFail
268334473  1 1 PASS
268392799  1 1 PASS
268392799  2 0 AltDetFail
268403451  1 1 PASS
268403738  1 1 PASS
268404844  1 1 PASS
268404844  2 0 SecondaryOfPN_01
269664165  1 1 PASS
269696438  1 1 PASS
269697024  1 1 PASS
269698422  1 1 PASS
269701147  1 1 PASS
270215222  1 0 AltDetFail
270217681  1 1 PASS
270256611  1 0 AltDetFail
270400213  1 0 AltDetFail
270400213  2 0 AltDetFail
272785770  1 0 ses2MesFail
274238240  1 1 PASS
274509791  1 0 ses2MesFail
274509791  2 1 PASS
274509791  3 0 SecondaryOfPN_02
274551602  1 1 PASS
274551602  2 0 AltDetFail
274575202  1 1 PASS
274575202  2 0 SecondaryOfPN_01
274599035  1 1 PASS
274676647  1 0 AltDetFail
275259749  1 1 PASS
275259749  2 0 SecondaryOfPN_01
275479714  1 0 ChasesFail
275911914  1 1 PASS
276231175  1 1 PASS
276232142  1 1 PASS
276232142  2 0 newMesShrink
279081935  1 1 PASS
279081935  2 0 SecondaryOfPN_01
279202406  1 1 PASS
279202406  2 0 ChasesFail
279204281  1 1 PASS
279605117  1 0 AltDetFail
279605117  2 0 SecondaryOfPN_01
279605117  3 0 AltDetFail
280031832  1 0 AltDetFail
280033918  1 0 AltDetFail
280033934  1 0 AltDetFail
280033934  2 0 AltDetFail
280033934  3 0 AltDetFail
280321406  1 0 AltDetFail
280321406  2 0 AltDetFail
280321964  1 1 PASS
280321964  2 0 SecondaryOfPN_01
280416535  1 0 ses2MesFail
281114303  1 1 PASS
281114303  2 0 SecondaryOfPN_01
281486906  1 1 PASS
281486906  2 0 SecondaryOfPN_01
281486951  1 0 AltDetFail
281486951  2 0 AltDetFail
281486951  3 0 AltDetFail
281487601  1 1 PASS
281606397  1 1 PASS
284891601  1 1 PASS
284971444  1 1 PASS
285122856  1 1 PASS
285122856  2 0 AltDetFail
285339013  1 1 PASS
285339013  2 0 ChasesFail
285339013  3 0 AltDetFail
286380389  1 1 PASS
286380389  2 0 AltDetFail
287080783  1 1 PASS
287085893  1 0 AltDetFail
287085893  2 0 AltDetFail
287085893  3 0 AltDetFail
287151976  1 1 PASS
287256222  1 0 AltDetFail
287256222  2 0 AltDetFail
287256222  3 0 AltDetFail
287256222  4 0 AltDetFail
288312840  1 1 PASS
288312840  2 0 SecondaryOfPN_01
288312840  3 0 AltDetFail
288317543  1 1 PASS
288317543  2 0 SecondaryOfPN_01
288346083  1 0 ses2MesFail
288391801  1 0 ChasesFail
288471108  1 1 PASS
288471108  2 0 SecondaryOfPN_01
288507910  1 1 PASS
288525131  1 1 PASS
288609424  1 0 ses2MesFail
288636342  1 0 ses2MesFail
288636599  1 1 PASS
288638170  1 0 ChasesFail
288734641  1 0 ses2MesFail
288735205  1 1 PASS
289044378  1 0 newMesBelowThresh
289044378  2 0 ses2MesFail
289265961  1 0 ses2MesFail
289355335  1 1 PASS
289564387  1 1 PASS
289564387  2 0 SecondaryOfPN_01
289564387  3 0 AltDetFail
289572237  1 1 PASS
289572237  2 1 PASS
289572237  3 0 ses2MesFail
289572258  1 1 PASS
289589302  1 1 PASS
289589304  1 1 PASS
289623438  1 1 PASS
289722957  1 1 PASS
289722957  2 0 AltDetFail
289726188  1 0 ses2MesFail
289815523  1 0 AltDetFail
289991695  1 0 ses2MesFail
297899564  1 1 PASS
297899564  2 0 SecondaryOfPN_01
298264838  1 1 PASS
298264838  2 0 AltDetFail
298264838  3 0 AltDetFail
298418002  1 1 PASS
298418002  2 0 AltDetFail
298498697  1 0 ChasesFail
298541138  1 1 PASS
298541138  2 0 AltDetFail
298661555  1 0 AltDetFail
298661555  2 0 AltDetFail
298663983  1 0 AltDetFail
298666530  1 1 PASS
298734307  1 0 ChasesFail
302624355  1 1 PASS
302624355  2 0 AltDetFail
302624355  3 0 AltDetFail
302625238  1 1 PASS
302627455  1 0 AltDetFail
302627455  2 0 AltDetFail
302686340  1 1 PASS
302771290  1 1 PASS
302771290  2 0 ses2MesFail
302771290  3 0 ChasesFail
302773669  1 0 ses2MesFail
303255899  1 1 PASS
307956397  1 1 PASS
307957997  1 1 PASS
310516902  1 1 PASS
310516902  2 0 AltDetFail
310519261  1 0 AltDetFail
310629227  1 1 PASS
310629227  2 0 AltDetFail
310629227  3 0 AltDetFail
311188656  1 1 PASS
311236477  1 1 PASS
311264591  1 0 AltDetFail
311267421  1 0 ses2MesFail
311357432  1 1 PASS
311357432  2 0 SecondaryOfPN_01
311408969  1 1 PASS
311432346  1 0 AltDetFail
313611753  1 0 ChasesFail
313738945  1 1 PASS
313807671  1 1 PASS
313807671  2 0 SecondaryOfPN_01
315810194  1 0 AltDetFail
316490067  1 1 PASS
316551983  1 0 ses2MesFail
317015040  1 0 ses2MesFail
317015040  2 0 ses2MesFail
317780316  1 0 ChasesFail
320323992  1 0 AltDetFail
320323992  2 0 AltDetFail
320524167  1 0 ses2MesFail
320524167  2 0 SecondaryOfPN_01
320524751  1 1 PASS
320524751  2 0 SecondaryOfPN_01
320524751  3 1 PASS
321668398  1 1 PASS
321818578  1 1 PASS
321864797  1 1 PASS
322129367  1 1 PASS
322262620  1 1 PASS
322262620  2 0 SecondaryOfPN_01
323143096  1 1 PASS
323403590  1 0 ses2MesFail
326149070  1 1 PASS
326149070  2 0 SecondaryOfPN_01
329118239  1 1 PASS
329118239  2 0 SecondaryOfPN_01
329135012  1 0 ses2MesFail
329246824  1 1 PASS
329248002  1 1 PASS
329342112  1 1 PASS
331791400  1 0 ses2MesFail
331791400  2 0 newMesBelowThresh
332394796  1 1 PASS
332394796  2 0 AltDetFail
332624489  1 1 PASS
332624864  1 1 PASS
332624864  2 0 SecondaryOfPN_01
332624864  3 0 AltDetFail
336077042  1 0 ChasesFail
336119914  1 0 ses2MesFail
336119914  2 0 SecondaryOfPN_01
336119914  3 1 PASS
341872997  1 0 AltDetFail
345727464  1 0 newMesShrink
345765912  1 0 AltDetFail
345765912  2 0 AltDetFail
346435387  1 0 ses2MesFail
347554796  1 1 PASS
347554797  1 0 ses2MesFail
347559083  1 0 ChasesFail
347701515  1 0 ChasesFail
349376464  1 0 AltDetFail
349376464  2 0 AltDetFail
349376464  3 0 AltDetFail
349444267  1 1 PASS
349444267  2 0 SecondaryOfPN_01
349488688  1 0 ses2MesFail
351598528  1 1 PASS
351598528  2 0 AltDetFail
351701483  1 1 PASS
351876618  1 1 PASS
351876618  2 0 newMesShrink
351876618  3 0 AltDetFail
352110251  1 1 PASS
352110251  2 0 SecondaryOfPN_01
352114297  1 1 PASS
352978599  1 0 ChasesFail
352979549  1 0 AltDetFail
352979549  2 0 AltDetFail
353074407  1 0 ses2MesFail
353077789  1 1 PASS
353077789  2 0 SecondaryOfPN_01
353482844  1 0 AltDetFail
353565609  1 1 PASS
353565609  2 0 AltDetFail
353565609  3 0 AltDetFail
353565609  4 0 AltDetFail
353780788  1 0 AltDetFail
353854078  1 0 ses2MesFail
353894978  1 1 PASS
353898013  1 0 ses2MesFail
353939279  1 1 PASS
353939279  2 0 SecondaryOfPN_01
353939279  3 0 SecondaryOfPN_01
353939279  4 0 AltDetFail
353989471  1 1 PASS
354119540  1 1 PASS
354119540  2 0 SecondaryOfPN_01
354246759  1 1 PASS
354785938  1 0 AltDetFail
354922610  1 1 PASS
354926863  1 1 PASS
354926863  2 0 SecondaryOfPN_01
354970764  1 0 ses2MesFail
355926099  1 0 ChasesFail
356000389  1 0 AltDetFail
356000389  2 0 AltDetFail
356001283  1 0 AltDetFail
356015357  1 0 ses2MesFail
356015357  2 0 SecondaryOfPN_01
356064345  1 1 PASS
356150515  1 1 PASS
356150515  2 0 AltDetFail
356150515  3 0 AltDetFail
356192212  1 0 ChasesFail
356192212  2 0 SecondaryOfPN_01
356198675  1 1 PASS
356234487  1 1 PASS
356234487  2 0 SecondaryOfPN_01
356234487  3 0 AltDetFail
356234487  4 0 AltDetFail
356235833  1 1 PASS
356240274  1 1 PASS
356240274  2 0 AltDetFail
356340346  1 1 PASS
356340346  2 0 ses2MesFail
356357345  1 0 ses2MesFail
356371134  1 0 ChasesFail
356701798  1 1 PASS
356701798  2 0 AltDetFail
356820646  1 1 PASS
356896550  1 0 AltDetFail
356896561  1 1 PASS
356896561  2 0 SecondaryOfPN_01
356919658  1 1 PASS
357032546  1 0 ses2MesFail
357032546  2 1 PASS
357032575  1 0 ses2MesFail
357045188  1 0 ses2MesFail
357045189  1 0 ses2MesFail
357050556  1 0 AltDetFail
357050556  2 0 AltDetFail
357685999  1 1 PASS
358908226  1 1 PASS
358908226  2 0 AltDetFail
359263272  1 1 PASS
359309540  1 0 ses2MesFail
359309540  2 1 PASS
359313699  1 1 PASS
359313701  1 0 ses2MesFail
359313701  2 0 ChasesFail
359390362  1 1 PASS
359390362  2 0 ses2MesFail
359497418  1 1 PASS
359497418  2 0 ses2MesFail
359552286  1 1 PASS
359552286  2 0 SecondaryOfPN_01
359589748  1 1 PASS
359631418  1 1 PASS
359631482  1 0 AltDetFail
359675849  1 1 PASS
359675849  2 0 SecondaryOfPN_01
359676320  1 0 AltDetFail
362103921  1 1 PASS
362104293  1 0 ses2MesFail
362131340  1 1 PASS
362259855  1 0 AltDetFail
364074479  1 1 PASS
364075921  1 0 ses2MesFail
364120439  1 1 PASS
364120439  2 0 SecondaryOfPN_01
364130065  1 0 ses2MesFail
364186087  1 1 PASS
364186197  1 1 PASS
366122523  1 0 AltDetFail
366122523  2 0 AltDetFail
366122523  3 0 AltDetFail
366122523  4 0 AltDetFail
366329064  1 1 PASS
366329064  2 0 SecondaryOfPN_01
366411762  1 1 PASS
366411762  2 0 AltDetFail
366488318  1 1 PASS
366488318  2 0 AltDetFail
366489827  1 0 AltDetFail
366489827  2 0 AltDetFail
366517337  1 1 PASS
366517337  2 0 AltDetFail
366517381  1 1 PASS
366517381  2 0 AltDetFail
366634379  1 0 AltDetFail
366715078  1 1 PASS
366715078  2 0 AltDetFail
366718627  1 1 PASS
366718627  2 0 ses2MesFail
366761761  1 1 PASS
366761761  2 0 AltDetFail
366832364  1 0 AltDetFail
366918222  1 1 PASS
366972961  1 1 PASS
366975905  1 0 AltDetFail
366975905  2 0 AltDetFail
366975905  3 0 AltDetFail
367351021  1 0 AltDetFail
367681735  1 0 AltDetFail
367681735  2 0 AltDetFail
367838785  1 1 PASS
367838785  2 0 SecondaryOfPN_01
367911750  1 0 AltDetFail
367911750  2 0 AltDetFail
368108303  1 1 PASS
368108303  2 0 ses2MesFail
368319105  1 0 AltDetFail
368334916  1 0 ses2MesFail
368452480  1 0 AltDetFail
369283035  1 1 PASS
371706494  1 1 PASS
372218151  1 0 ses2MesFail
372340793  1 1 PASS
372340793  2 0 SecondaryOfPN_01
373128383  1 0 ChasesFail
373128383  2 0 ses2MesFail
373128383  3 0 SecondaryOfPN_01
373128383  4 0 SecondaryOfPN_01
373128383  5 0 AltDetFail
373283314  1 0 AltDetFail
373328406  1 1 PASS
373328406  2 0 SecondaryOfPN_01
373702832  1 1 PASS
373702832  2 0 SecondaryOfPN_01
375599392  1 1 PASS
375599392  2 0 SecondaryOfPN_01
375599392  3 1 PASS
375853985  1 1 PASS
375853985  2 0 AltDetFail
375854079  1 0 ses2MesFail
375854100  1 0 AltDetFail
375907264  1 0 AltDetFail
376111739  1 0 ses2MesFail
376979172  1 1 PASS
376997143  1 1 PASS
376997143  2 0 SecondaryOfPN_01
377055044  1 1 PASS
377055044  2 0 newMesShrink
377190161  1 1 PASS
377190161  2 0 newMesShrink
377192659  1 1 PASS
377192659  2 0 SecondaryOfPN_01
377251803  1 0 AltDetFail
377251803  2 0 AltDetFail
377251803  3 0 AltDetFail
377253090  1 0 AltDetFail
377307592  1 1 PASS
377307592  2 0 SecondaryOfPN_01
377459689  1 0 AltDetFail
377459689  2 0 AltDetFail
378584712  1 0 ses2MesFail
378584712  2 0 AltDetFail
378584712  3 0 AltDetFail
379086926  1 0 ses2MesFail
379167988  1 1 PASS
379376585  1 1 PASS
379376585  2 0 SecondaryOfPN_01
379376585  3 0 AltDetFail
379628820  1 1 PASS
379628820  2 0 SecondaryOfPN_01
379628820  3 0 AltDetFail
379631121  1 1 PASS
383598522  1 1 PASS
383598522  2 0 ses2MesFail
383676981  1 1 PASS
387261279  1 1 PASS
387261279  2 0 SecondaryOfPN_01
387290127  1 1 PASS
387330194  1 1 PASS
387330194  2 0 AltDetFail
387352120  1 1 PASS
387356770  1 1 PASS
387356770  2 0 SecondaryOfPN_01
387562256  1 1 PASS
387757610  1 1 PASS
387757610  2 0 AltDetFail
387901176  1 1 PASS
387901176  2 0 SecondaryOfPN_01
388039429  1 0 ses2MesFail
388076435  1 1 PASS
388431706  1 1 PASS
388431711  1 1 PASS
388431711  2 0 SecondaryOfPN_01
388436487  1 1 PASS
388436487  2 0 SecondaryOfPN_01
388508344  1 0 ses2MesFail
388529207  1 1 PASS
388602832  1 0 AltDetFail
388602832  2 0 AltDetFail
389469408  1 0 AltDetFail
389469408  2 0 AltDetFail
389469408  3 0 AltDetFail
389540661  1 1 PASS
389696073  1 0 AltDetFail
389696073  2 0 AltDetFail
389900760  1 1 PASS
389908768  1 1 PASS
389916225  1 1 PASS
389916225  2 0 AltDetFail
389968719  1 1 PASS
389968719  2 0 AltDetFail
389969561  1 1 PASS
390020415  1 1 PASS
390020415  2 1 PASS
392536805  1 1 PASS
393636596  1 1 PASS
393636596  2 0 AltDetFail
393636596  3 0 AltDetFail
393645171  1 1 PASS
393787548  1 1 PASS
393787548  2 0 ChasesFail
393787548  3 0 AltDetFail
393824894  1 0 ses2MesFail
393824894  2 0 SecondaryOfPN_01
393824894  3 0 ses2MesFail
393871721  1 1 PASS
393871721  2 0 AltDetFail
393952062  1 1 PASS
393999666  1 1 PASS
393999666  2 0 AltDetFail
394030788  1 0 ses2MesFail
394030788  2 0 ses2MesFail
395390452  1 1 PASS
395406124  1 0 ses2MesFail
395943466  1 0 AltDetFail
395943466  2 0 AltDetFail
396160206  1 0 ses2MesFail
396201681  1 1 PASS
396201681  2 0 SecondaryOfPN_01
396240233  1 1 PASS
396240233  2 0 AltDetFail
396486931  1 1 PASS
396486931  2 0 SecondaryOfPN_01
396487014  1 0 ChasesFail
396562848  1 1 PASS
396655661  1 0 AltDetFail
396655661  2 0 AltDetFail
396655661  3 0 AltDetFail
396713719  1 1 PASS
397100292  1 1 PASS
397100292  2 0 SecondaryOfPN_01
399271789  1 1 PASS
399271789  2 0 AltDetFail
399737080  1 1 PASS
399737080  2 0 AltDetFail
399788405  1 0 AltDetFail
399788405  2 0 AltDetFail
399788405  3 0 AltDetFail
400940488  1 0 ses2MesFail
401323036  1 0 AltDetFail
401323036  2 0 AltDetFail
401532459  1 0 AltDetFail
402442878  1 1 PASS
402897917  1 0 ses2MesFail
402980664  1 1 PASS
402980664  2 0 SecondaryOfPN_01
402980664  3 0 SecondaryOfPN_01
402980664  4 0 AltDetFail
402980664  5 0 AltDetFail
403117476  1 0 newMesShrink
405543959  1 0 ChasesFail
406681360  1 1 PASS
407236124  1 0 AltDetFail
407347423  1 0 ChasesFail
407515765  1 1 PASS
407515765  2 0 SecondaryOfPN_01
408618999  1 1 PASS
416195870  1 1 PASS
417703706  1 0 AltDetFail
417705690  1 1 PASS
417765877  1 1 PASS
417765877  2 0 SecondaryOfPN_01
418221292  1 1 PASS
418244848  1 1 PASS
418244848  2 0 SecondaryOfPN_01
418260969  1 0 ses2MesFail
418292123  1 1 PASS
418292123  2 0 newMesShrink
418292424  1 1 PASS
418292424  2 0 SecondaryOfPN_01
420108639  1 1 PASS
420110967  1 1 PASS
420114772  1 1 PASS
420114772  2 0 SecondaryOfPN_01
420114776  1 1 PASS
420114776  2 0 SecondaryOfPN_01
420137341  1 1 PASS
420469129  1 1 PASS
420645189  1 0 ses2MesFail
420645952  1 1 PASS
420645952  2 0 SecondaryOfPN_01
420731033  1 0 ses2MesFail
420757505  1 1 PASS
420947520  1 1 PASS
420947520  2 0 SecondaryOfPN_01
422987634  1 1 PASS
423027012  1 1 PASS
423027012  2 0 SecondaryOfPN_01
423954063  1 1 PASS
424435940  1 1 PASS
424439457  1 1 PASS
424439457  2 0 SecondaryOfPN_01
424461577  1 1 PASS
424461577  2 0 AltDetFail
426111509  1 0 AltDetFail
426111509  2 0 AltDetFail
427444335  1 0 ses2MesFail
428679607  1 1 PASS
428705197  1 1 PASS
428705197  2 0 SecondaryOfPN_01
428705197  3 0 AltDetFail
428735978  1 0 AltDetFail
428735978  2 0 SecondaryOfPN_01
428735978  3 0 AltDetFail
428772119  1 1 PASS
428772119  2 0 SecondaryOfPN_01
428784674  1 1 PASS
428784674  2 0 SecondaryOfPN_01
428796528  1 0 AltDetFail
428796528  2 0 AltDetFail
428888136  1 0 ses2MesFail
428962300  1 1 PASS
428987718  1 1 PASS
428987718  2 0 SecondaryOfPN_01
428987718  3 0 AltDetFail
428988656  1 0 ses2MesFail
428991038  1 0 ses2MesFail
428991040  1 0 ses2MesFail
429018845  1 0 AltDetFail
429018845  2 0 AltDetFail
429021446  1 0 ses2MesFail
441716054  1 0 AltDetFail
441732151  1 1 PASS
441734144  1 0 AltDetFail
441734144  2 0 SecondaryOfPN_01
441734910  1 0 ses2MesFail
441734910  2 0 ChasesFail
441739153  1 1 PASS
441739153  2 0 SecondaryOfPN_01
441794509  1 1 PASS
441794509  2 1 PASS
441794509  3 0 SecondaryOfPN_01
441804674  1 1 PASS
441804674  2 0 SecondaryOfPN_01
441804674  3 0 SecondaryOfPN_01
441804888  1 1 PASS
441806350  1 1 PASS
441806350  2 0 AltDetFail
441808796  1 1 PASS
444494319  1 0 ses2MesFail
444584399  1 1 PASS
444801274  1 1 PASS
444801274  2 0 SecondaryOfPN_01
444827931  1 1 PASS
444830499  1 0 ses2MesFail
445884490  1 1 PASS
445889890  1 1 PASS
445914199  1 0 AltDetFail
445914199  2 0 AltDetFail
458490358  1 1 PASS
458490358  2 0 AltDetFail
458512291  1 1 PASS
458512291  2 1 PASS
458514423  1 1 PASS
458521416  1 0 ChasesFail
458524882  1 1 PASS
458553169  1 0 ses2MesFail
458717312  1 1 PASS
458717312  2 0 AltDetFail
458718986  1 1 PASS
458842028  1 1 PASS
459283586  1 0 AltDetFail
459313469  1 1 PASS
459313809  1 1 PASS
459894730  1 1 PASS
459969957  1 0 ses2MesFail
459978466  1 1 PASS
459978466  2 0 AltDetFail
459979709  1 0 AltDetFail
459981365  1 1 PASS
460003787  1 1 PASS
460055375  1 1 PASS
460055375  2 0 SecondaryOfPN_01
460055375  3 0 ses2MesFail
461498341  1 0 ses2MesFail
461512871  1 0 ChasesFail
461512872  1 0 ses2MesFail
461540602  1 0 ses2MesFail
461579405  1 0 ses2MesFail
461579405  2 0 SecondaryOfPN_01
461597569  1 0 ChasesFail
461597569  2 0 newMesBelowThresh
461625381  1 1 PASS
461625381  2 0 AltDetFail
461634737  1 1 PASS
462617334  1 0 AltDetFail
462647020  1 1 PASS
468276605  1 1 PASS
468276746  1 1 PASS
468276746  2 0 AltDetFail
468276746  3 0 AltDetFail
468318035  1 1 PASS
468318035  2 0 AltDetFail
468343249  1 0 ses2MesFail
468670361  1 0 AltDetFail
468739039  1 1 PASS
468754960  1 1 PASS
470124714  1 0 ChasesFail
470196589  1 1 PASS
470208013  1 1 PASS
470208013  2 0 SecondaryOfPN_01
470239358  1 0 newMesBelowThresh
470239358  2 0 ses2MesFail
470239358  3 0 ChasesFail
470269751  1 0 ses2MesFail
470677450  1 1 PASS
470679277  1 0 ses2MesFail
1100711503  1 0 ChasesFail
1100746723  1 1 PASS
1200728443  1 1 PASS
1270146320  1 1 PASS
1400770435  1 1 PASS
1506355332  1 0 AltDetFail
1506355332  2 0 AltDetFail
1551660228  1 0 newMesShrink
1551660228  2 0 ses2MesFail
1981434196  1 0 AltDetFail
2050524843  1 0 ses2MesFail
2050524843  2 0 newMesShrink
2050524843  3 0 AltDetFail
2050524843  4 0 AltDetFail
