197788791  1 1 PASS
 41833926  1 1 PASS
 41833926  2 0 AltDetFail
350145729  1 0 ses2MesFail
260476837  1 1 PASS
299897516  1 1 PASS
 80259373  1 0 AltDetFail
358543427  1 1 PASS
358543427  2 0 ses2MesFail
160148385  1 1 PASS
206328160  1 0 AltDetFail
206328160  2 0 AltDetFail
120606751  1 1 PASS
120606751  2 0 SecondaryOfPN_01
259864042  1 1 PASS
158595208  1 0 ses2MesFail
231907973  1 1 PASS
180724703  1 0 ses2MesFail
180724703  2 0 AltDetFail
237928815  1 1 PASS
425934411  1 1 PASS
 12864374  1 0 ses2MesFail
 12864374  2 0 SecondaryOfPN_01
 30848598  1 1 PASS
 80427281  1 0 ses2MesFail
 25118964  1 0 ses2MesFail
155991368  1 0 ses2MesFail
  9057422  1 1 PASS
  9057422  2 0 SecondaryOfPN_01
  9057422  3 0 ses2MesFail
229091748  1 1 PASS
234489976  1 1 PASS
 32488684  1 1 PASS
 30275662  1 1 PASS
280053651  1 1 PASS
231058925  1 1 PASS
207085748  1 0 AltDetFail
207085748  2 0 AltDetFail
237910557  1 1 PASS
201233610  1 0 ses2MesFail
160084585  1 0 ChasesFail
167554898  1 1 PASS
 89525351  1 0 ses2MesFail
140580579  1 1 PASS
140580579  2 0 SecondaryOfPN_01
 49677785  1 1 PASS
 70788050  1 0 ChasesFail
150442268  1 1 PASS
184240478  1 1 PASS
425940082  1 1 PASS
 24695044  1 1 PASS
 20891744  1 0 ses2MesFail
 76923707  1 1 PASS
 31672006  1 0 newMesShrink
 31672006  2 0 SecondaryOfPN_01
308208458  1 1 PASS
140691463  1 1 PASS
220435095  1 1 PASS
313935474  1 0 ses2MesFail
388105497  1 0 AltDetFail
388105497  2 0 AltDetFail
 31273263  1 0 ses2MesFail
294273900  1 0 ses2MesFail
294273900  2 0 AltDetFail
306828113  1 1 PASS
240663587  1 0 ses2MesFail
  2760219  1 1 PASS
313935348  1 0 ses2MesFail
179308923  1 0 AltDetFail
389669796  1 1 PASS
199731190  1 1 PASS
279741942  1 1 PASS
279741942  2 0 ses2MesFail
279741942  3 0 ses2MesFail
150431617  1 1 PASS
204325097  1 0 ses2MesFail
 25155310  1 1 PASS
280803917  1 1 PASS
369965258  1 1 PASS
306576958  1 0 AltDetFail
382068562  1 1 PASS
197933923  1 0 AltDetFail
197933923  2 0 AltDetFail
145752454  1 0 ses2MesFail
270314434  1 0 AltDetFail
307084982  1 0 ses2MesFail
260370234  1 0 ses2MesFail
145750719  1 1 PASS
 66497310  1 1 PASS
  9727392  1 1 PASS
  9727392  2 0 SecondaryOfPN_01
  9727392  3 0 SecondaryOfPN_01
188594234  1 0 ChasesFail
231017428  1 0 ChasesFail
307783750  1 1 PASS
307783750  2 0 SecondaryOfPN_01
307783750  3 0 AltDetFail
234507163  1 1 PASS
260891473  1 1 PASS
260353507  1 1 PASS
260353507  2 0 AltDetFail
381949410  1 0 ChasesFail
381949410  2 0 ChasesFail
 55601705  1 1 PASS
167418898  1 1 PASS
358576949  1 1 PASS
 31529035  1 0 ses2MesFail
 31529035  2 0 newMesShrink
425068409  1 1 PASS
232069784  1 1 PASS
232069784  2 0 AltDetFail
114852011  1 0 ses2MesFail
167526485  1 1 PASS
 66356824  1 1 PASS
201795667  1 0 ses2MesFail
201795667  2 0 ses2MesFail
  9145889  1 1 PASS
  9145889  2 0 AltDetFail
260505914  1 1 PASS
  9054318  1 0 ses2MesFail
  9054318  2 0 ses2MesFail
  9708387  1 0 ses2MesFail
313935068  1 0 ses2MesFail
313935068  2 1 PASS
144301273  1 1 PASS
287327575  1 0 ses2MesFail
229147922  1 0 ses2MesFail
206609630  1 1 PASS
201919099  1 0 ChasesFail
 55404385  1 1 PASS
 55404385  2 0 SecondaryOfPN_01
260265964  1 1 PASS
299941037  1 1 PASS
340703996  1 0 ses2MesFail
175458617  1 0 AltDetFail
175458617  2 0 AltDetFail
220474209  1 0 ses2MesFail
220474209  2 0 newMesShrink
254295572  1 0 AltDetFail
254295572  2 0 AltDetFail
149216532  1 0 ses2MesFail
382302241  1 1 PASS
200747006  1 0 AltDetFail
200747006  2 0 AltDetFail
373915220  1 1 PASS
373915220  2 0 SecondaryOfPN_01
237885807  1 1 PASS
200789127  1 1 PASS
431383040  1 0 ses2MesFail
229075301  1 1 PASS
314826949  1 1 PASS
  5656273  1 0 ses2MesFail
  5656273  2 0 ChasesFail
  5656273  3 0 ses2MesFail
100097716  1 1 PASS
402313506  1 1 PASS
 43396441  1 0 newMesBelowThresh
246892556  1 1 PASS
246892556  2 0 SecondaryOfPN_01
238018277  1 1 PASS
141768070  1 1 PASS
314829796  1 1 PASS
  9100874  1 1 PASS
339633702  1 1 PASS
349408306  1 1 PASS
349408306  2 0 SecondaryOfPN_01
220564045  1 1 PASS
207084429  1 1 PASS
402026209  1 1 PASS
 24750907  1 1 PASS
 24750907  2 0 SecondaryOfPN_01
175477257  1 1 PASS
188598127  1 1 PASS
230982885  1 1 PASS
 89544985  1 1 PASS
201938513  1 0 ses2MesFail
230981685  1 0 ses2MesFail
254303200  1 0 ses2MesFail
 76989773  1 1 PASS
382602147  1 1 PASS
271799457  1 1 PASS
158623531  1 1 PASS
393491149  1 0 AltDetFail
246887691  1 1 PASS
766145795  1 1 PASS
 67628993  1 1 PASS
 67628993  2 0 SecondaryOfPN_01
 38469354  1 0 ses2MesFail
231279823  1 1 PASS
231279823  2 0 SecondaryOfPN_01
260353841  1 1 PASS
260353841  2 0 AltDetFail
149603524  1 1 PASS
394230860  1 0 ses2MesFail
394230860  2 1 PASS
  8963901  1 0 AltDetFail
  8963901  2 0 AltDetFail
158536052  1 0 ses2MesFail
156016136  1 1 PASS
169747220  1 0 ChasesFail
322054057  1 0 ses2MesFail
102073117  1 0 ses2MesFail
220430912  1 0 ses2MesFail
220430912  2 0 ses2MesFail
277022505  1 0 ses2MesFail
142015852  1 0 ses2MesFail
231914259  1 1 PASS
231914259  2 0 ses2MesFail
231914259  3 1 PASS
229153733  1 1 PASS
150101472  1 1 PASS
150101472  2 0 SecondaryOfPN_01
270429780  1 1 PASS
373918302  1 1 PASS
254303140  1 0 ses2MesFail
270421262  1 1 PASS
270421262  2 1 PASS
270421262  3 1 PASS
144336221  1 1 PASS
144336221  2 0 SecondaryOfPN_01
204318383  1 0 ses2MesFail
279949020  1 1 PASS
364588501  1 0 ChasesFail
364588501  2 0 ses2MesFail
364588501  3 0 ses2MesFail
 12470221  1 1 PASS
238870487  1 0 AltDetFail
102030574  1 1 PASS
 12421477  1 0 ses2MesFail
307433122  1 0 ses2MesFail
238227405  1 0 ses2MesFail
 12863257  1 0 ses2MesFail
158582033  1 1 PASS
158582033  2 0 AltDetFail
 50346583  1 0 ChasesFail
260536927  1 1 PASS
166787511  1 1 PASS
144336525  1 0 AltDetFail
197787155  1 1 PASS
183532608  1 1 PASS
 38699825  1 0 AltDetFail
169285097  1 0 ses2MesFail
240764987  1 0 AltDetFail
240764987  2 0 AltDetFail
246895672  1 1 PASS
246895672  2 0 AltDetFail
246895672  3 0 AltDetFail
349307344  1 0 ses2MesFail
 31703300  1 1 PASS
115443990  1 1 PASS
115443990  2 0 ses2MesFail
115443990  3 0 AltDetFail
207138379  1 0 ses2MesFail
300998506  1 0 ses2MesFail
308452910  1 1 PASS
150359500  1 0 ses2MesFail
260657291  1 1 PASS
425976940  1 1 PASS
  9033392  1 0 ChasesFail
278825715  1 0 ses2MesFail
278825715  2 0 ChasesFail
149828633  1 1 PASS
141268467  1 1 PASS
141268467  2 0 AltDetFail
  2762118  1 0 ses2MesFail
149248196  1 0 ChasesFail
 66533629  1 0 ses2MesFail
 32150999  1 1 PASS
294271676  1 0 ses2MesFail
100014359  1 1 PASS
231063955  1 1 PASS
167891320  1 0 ses2MesFail
 33877343  1 1 PASS
120490566  1 1 PASS
183532609  1 1 PASS
350297825  1 0 ChasesFail
220523369  1 1 PASS
358290150  1 0 ses2MesFail
358290150  2 0 newMesBelowThresh
197829751  1 0 ses2MesFail
197829751  2 0 ses2MesFail
231840927  1 1 PASS
228507250  1 1 PASS
300038246  1 1 PASS
251878904  1 1 PASS
279251651  1 1 PASS
142052876  1 0 ses2MesFail
358107516  1 0 ses2MesFail
251852984  1 1 PASS
271900514  1 0 ses2MesFail
271900514  2 0 ses2MesFail
294206429  1 1 PASS
294206429  2 0 AltDetFail
350954265  1 1 PASS
 76989774  1 1 PASS
237957506  1 0 newMesShrink
237957506  2 0 SecondaryOfPN_01
306773798  1 0 AltDetFail
177283493  1 0 ses2MesFail
120610833  1 1 PASS
271893367  1 1 PASS
175458611  1 0 AltDetFail
175458611  2 0 AltDetFail
141708335  1 1 PASS
 89543317  1 0 newMesShrink
198008281  1 0 AltDetFail
198008281  2 0 AltDetFail
183985191  1 0 ses2MesFail
141975926  1 0 ChasesFail
348995211  1 1 PASS
238059180  1 1 PASS
224285325  1 0 AltDetFail
231850364  1 1 PASS
348995212  1 1 PASS
279740441  1 1 PASS
 77044471  1 1 PASS
381979901  1 1 PASS
273861698  1 0 ses2MesFail
273861698  2 0 SecondaryOfPN_01
273861698  3 0 newMesBelowThresh
 55650494  1 1 PASS
229809557  1 1 PASS
234506911  1 0 ses2MesFail
234506911  2 0 ses2MesFail
149010208  1 1 PASS
350025490  1 1 PASS
388104525  1 1 PASS
471016669  1 0 ses2MesFail
471016669  2 0 ses2MesFail
115443992  1 0 AltDetFail
115443992  2 0 AltDetFail
115443992  3 0 AltDetFail
293345927  1 0 AltDetFail
355509914  1 1 PASS
167303776  1 0 ses2MesFail
167303776  2 0 ses2MesFail
167303776  3 1 PASS
434103039  1 0 ses2MesFail
434103039  2 0 ses2MesFail
198077394  1 1 PASS
220595524  1 1 PASS
 66397732  1 0 ses2MesFail
 66397732  2 0 ChasesFail
177175199  1 1 PASS
271900960  1 1 PASS
270186294  1 0 ses2MesFail
260304800  1 1 PASS
141122198  1 0 ses2MesFail
141122198  2 0 SecondaryOfPN_01
141122198  3 0 AltDetFail
 43397161  1 1 PASS
364538560  1 1 PASS
364538560  2 0 SecondaryOfPN_01
 33864821  1 1 PASS
 33864821  2 0 SecondaryOfPN_01
307214617  1 1 PASS
273792220  1 0 ses2MesFail
272086159  1 1 PASS
306635088  1 1 PASS
180285396  1 1 PASS
234518883  1 0 ChasesFail
232079930  1 1 PASS
260239481  1 0 ses2MesFail
260239481  2 0 newMesShrink
 20903545  1 1 PASS
281728376  1 0 ses2MesFail
179317684  1 1 PASS
307490261  1 1 PASS
231065067  1 1 PASS
231065067  2 0 AltDetFail
313934217  1 0 ses2MesFail
169265855  1 0 ses2MesFail
219998026  1 0 ses2MesFail
219998026  2 0 ses2MesFail
311925584  1 1 PASS
207141131  1 1 PASS
369603748  1 1 PASS
404804908  1 1 PASS
 39046291  1 1 PASS
 66493199  1 0 ses2MesFail
 66493199  2 0 AltDetFail
 38846515  1 1 PASS
260160482  1 0 AltDetFail
 47468134  1 0 ses2MesFail
278725797  1 0 ChasesFail
402340871  1 0 ses2MesFail
114749636  1 1 PASS
184240683  1 1 PASS
140802498  1 0 ses2MesFail
140802498  2 0 SecondaryOfPN_01
382260153  1 1 PASS
237939392  1 0 ses2MesFail
316769246  1 0 ses2MesFail
316769246  2 0 ses2MesFail
260476635  1 1 PASS
204390826  1 0 ses2MesFail
 37651634  1 0 ses2MesFail
167344043  1 0 newMesShrink
272236017  1 1 PASS
425083216  1 1 PASS
321977787  1 0 AltDetFail
321977787  2 0 AltDetFail
321977787  3 0 AltDetFail
231275247  1 1 PASS
231275247  2 0 SecondaryOfPN_01
307435285  1 1 PASS
 70797900  1 0 ses2MesFail
 70797900  2 0 ses2MesFail
188593930  1 1 PASS
382633273  1 0 ses2MesFail
406404875  1 0 ses2MesFail
150166721  1 1 PASS
150166721  2 0 ChasesFail
277173427  1 0 AltDetFail
471015484  1 0 ChasesFail
211438925  1 1 PASS
307368492  1 1 PASS
278683641  1 1 PASS
278683641  2 0 SecondaryOfPN_01
278683641  3 0 SecondaryOfPN_01
234523599  1 1 PASS
234491752  1 0 ses2MesFail
234491752  2 0 ses2MesFail
234491752  3 0 AltDetFail
316769815  1 0 ses2MesFail
316769815  2 0 SecondaryOfPN_01
176280007  1 0 ses2MesFail
167812449  1 1 PASS
184449003  1 0 ses2MesFail
237885040  1 1 PASS
167123841  1 1 PASS
224245334  1 1 PASS
382157212  1 0 ses2MesFail
382157212  2 1 PASS
388198242  1 1 PASS
  9029822  1 1 PASS
  9029822  2 0 SecondaryOfPN_01
155995204  1 1 PASS
218971180  1 0 AltDetFail
 98660075  1 0 ses2MesFail
281459670  1 1 PASS
251855940  1 1 PASS
261136000  1 1 PASS
322493523  1 0 ses2MesFail
322493523  2 0 newMesShrink
  9070179  1 0 newMesShrink
183537452  1 1 PASS
293271581  1 0 AltDetFail
293271581  2 0 AltDetFail
281728276  1 0 AltDetFail
281728276  2 0 AltDetFail
350025488  1 1 PASS
220396259  1 1 PASS
100100827  1 1 PASS
100100827  2 0 SecondaryOfPN_01
117546778  1 0 ses2MesFail
  8962352  1 1 PASS
167896870  1 0 ses2MesFail
350479496  1 0 newMesShrink
350479496  2 0 SecondaryOfPN_01
232071100  1 1 PASS
260502102  1 1 PASS
260502102  2 0 SecondaryOfPN_01
206327795  1 0 AltDetFail
206327795  2 0 AltDetFail
197887879  1 1 PASS
206311113  1 0 ses2MesFail
206311113  2 0 AltDetFail
167574282  1 0 ses2MesFail
 30034081  1 0 ses2MesFail
 30034081  2 0 AltDetFail
294092966  1 1 PASS
294092966  2 0 SecondaryOfPN_01
294092966  3 0 AltDetFail
 77031414  1 1 PASS
 89526034  1 0 newMesBelowThresh
141871560  1 1 PASS
141871560  2 0 AltDetFail
111754005  1 1 PASS
167208380  1 1 PASS
 37663723  1 0 ses2MesFail
160081043  1 0 newMesShrink
160081043  2 0 AltDetFail
231050862  1 0 ses2MesFail
237906138  1 1 PASS
167696013  1 0 ses2MesFail
206544316  1 0 ses2MesFail
206544316  2 0 AltDetFail
348897766  1 0 AltDetFail
441054736  1 0 ses2MesFail
441054736  2 0 ses2MesFail
238870367  1 1 PASS
307571165  1 1 PASS
 30718115  1 0 ses2MesFail
349647488  1 0 ses2MesFail
388106735  1 0 ChasesFail
102069549  1 0 ses2MesFail
289646710  1 0 ses2MesFail
231867117  1 0 ses2MesFail
220537366  1 0 ChasesFail
146165619  1 1 PASS
439399707  1 0 ses2MesFail
146581063  1 0 ses2MesFail
220567625  1 0 ses2MesFail
231828370  1 1 PASS
 38459686  1 1 PASS
 38680052  1 1 PASS
237913194  1 1 PASS
 80429442  1 1 PASS
 38634085  1 1 PASS
 38634085  2 0 SecondaryOfPN_01
372909935  1 1 PASS
350274840  1 1 PASS
198008005  1 1 PASS
175456846  1 0 ChasesFail
 70785910  1 1 PASS
118327550  1 1 PASS
228381868  1 1 PASS
  9067143  1 1 PASS
  9067143  2 0 SecondaryOfPN_01
 31850842  1 1 PASS
 31850842  2 0 ses2MesFail
 31850842  3 0 newMesShrink
 31850842  4 0 AltDetFail
 31850842  5 0 AltDetFail
276934414  1 0 AltDetFail
118586896  1 1 PASS
270622440  1 1 PASS
270622440  2 0 SecondaryOfPN_01
358232450  1 0 ses2MesFail
188579557  1 0 ses2MesFail
183985250  1 1 PASS
389869955  1 1 PASS
156075294  1 1 PASS
111222917  1 1 PASS
149176080  1 0 AltDetFail
149176080  2 0 AltDetFail
735229757  1 0 AltDetFail
735229757  2 0 AltDetFail
183230834  1 1 PASS
183230834  2 0 AltDetFail
382028425  1 1 PASS
382028425  2 0 SecondaryOfPN_01
201287634  1 0 ses2MesFail
304102832  1 1 PASS
304102832  2 0 SecondaryOfPN_01
332517282  1 1 PASS
332517282  2 0 SecondaryOfPN_01
439399635  1 0 ses2MesFail
198076334  1 0 AltDetFail
166739520  1 1 PASS
 55369219  1 0 ses2MesFail
183593642  1 1 PASS
404851207  1 1 PASS
206690179  1 0 ses2MesFail
206690179  2 0 ses2MesFail
183675732  1 1 PASS
 41233728  1 1 PASS
255594396  1 1 PASS
255594396  2 0 SecondaryOfPN_01
382101519  1 0 AltDetFail
382101519  2 0 AltDetFail
382101519  3 0 AltDetFail
471015240  1 0 AltDetFail
 52204645  1 1 PASS
307210830  1 1 PASS
307210830  2 1 PASS
204327008  1 0 ses2MesFail
204327008  2 0 AltDetFail
 66473439  1 0 AltDetFail
303911896  1 1 PASS
303911896  2 0 ChasesFail
402319411  1 1 PASS
150167117  1 0 ses2MesFail
358154354  1 0 AltDetFail
358154354  2 0 AltDetFail
206590268  1 0 ses2MesFail
 38467360  1 0 ses2MesFail
 38467360  2 0 SecondaryOfPN_01
364302118  1 1 PASS
382266319  1 0 ses2MesFail
382266319  2 0 AltDetFail
281541555  1 1 PASS
 30267198  1 1 PASS
167754658  1 1 PASS
167754658  2 0 SecondaryOfPN_01
149990841  1 1 PASS
201938583  1 0 ses2MesFail
313934158  1 1 PASS
234333175  1 0 ses2MesFail
234333175  2 0 ses2MesFail
140900726  1 1 PASS
207200487  1 1 PASS
207200487  2 0 AltDetFail
214657111  1 0 ses2MesFail
165886019  1 0 newMesShrink
 12931121  1 0 ses2MesFail
201233408  1 0 ses2MesFail
260504446  1 0 AltDetFail
276793501  1 0 AltDetFail
144307714  1 0 AltDetFail
313891529  1 0 ses2MesFail
406352710  1 1 PASS
406352710  2 0 SecondaryOfPN_01
198076322  1 1 PASS
198076322  2 0 SecondaryOfPN_01
 33912852  1 1 PASS
137767416  1 0 ses2MesFail
206327797  1 0 AltDetFail
206327797  2 0 AltDetFail
 75352949  1 1 PASS
 75352949  2 0 ChasesFail
 75352949  3 0 AltDetFail
 75352949  4 0 AltDetFail
 12423815  1 1 PASS
154842944  1 0 AltDetFail
154842944  2 0 AltDetFail
300012172  1 0 ses2MesFail
300012172  2 0 AltDetFail
358250091  1 0 AltDetFail
358250091  2 0 AltDetFail
207109794  1 0 ses2MesFail
270218775  1 0 ses2MesFail
 55652896  1 0 ses2MesFail
169765334  1 1 PASS
166852312  1 0 ses2MesFail
 52195943  1 1 PASS
224225541  1 1 PASS
  9054370  1 1 PASS
115242300  1 0 ChasesFail
220433364  1 0 ChasesFail
 47527590  1 0 AltDetFail
 47527590  2 0 AltDetFail
177077475  1 0 ses2MesFail
 27966179  1 1 PASS
321981878  1 0 ses2MesFail
321981878  2 0 AltDetFail
321981878  3 0 AltDetFail
306510653  1 1 PASS
307210445  1 0 ses2MesFail
150432211  1 0 ses2MesFail
279570232  1 0 ses2MesFail
279570232  2 0 ses2MesFail
410487677  1 0 AltDetFail
410487677  2 0 AltDetFail
 39080923  1 1 PASS
279855551  1 1 PASS
238226533  1 1 PASS
234330672  1 1 PASS
273824705  1 1 PASS
273824705  2 0 SecondaryOfPN_01
382523691  1 1 PASS
382523691  2 0 SecondaryOfPN_01
141811446  1 1 PASS
141811446  2 0 SecondaryOfPN_01
321929055  1 0 AltDetFail
224283342  1 1 PASS
224283342  2 0 SecondaryOfPN_01
402112785  1 0 ses2MesFail
204317710  1 1 PASS
 39018208  1 1 PASS
 39018208  2 0 SecondaryOfPN_01
404797151  1 0 ChasesFail
281728275  1 0 AltDetFail
281728275  2 0 AltDetFail
120522352  1 1 PASS
120522352  2 0 SecondaryOfPN_01
  5642294  1 0 ses2MesFail
175482273  1 1 PASS
102063843  1 0 ses2MesFail
102063843  2 0 SecondaryOfPN_01
102063843  3 0 SecondaryOfPN_01
231074850  1 1 PASS
231074850  2 0 SecondaryOfPN_01
220405105  1 0 ses2MesFail
254304339  1 0 ses2MesFail
305048116  1 1 PASS
279740163  1 1 PASS
 63785934  1 0 ses2MesFail
 63785934  2 0 newMesShrink
 89501696  1 0 AltDetFail
 89501696  2 0 AltDetFail
 89501696  3 0 AltDetFail
260161144  1 0 ses2MesFail
260161144  2 0 SecondaryOfPN_01
260161144  3 0 AltDetFail
260161144  4 0 AltDetFail
260161144  5 0 AltDetFail
314864553  1 0 ses2MesFail
149473467  1 0 ses2MesFail
149473467  2 0 AltDetFail
149573659  1 1 PASS
149573659  2 0 SecondaryOfPN_01
300810086  1 1 PASS
142105158  1 1 PASS
101963752  1 1 PASS
155540827  1 0 ses2MesFail
167007869  1 1 PASS
229141709  1 1 PASS
  2761472  1 0 ses2MesFail
  2761472  2 0 newMesBelowThresh
229115650  1 1 PASS
229115650  2 0 SecondaryOfPN_01
220475245  1 1 PASS
 98658304  1 0 ses2MesFail
 98658304  2 0 SecondaryOfPN_01
332488398  1 1 PASS
201858667  1 0 ses2MesFail
201858667  2 0 ses2MesFail
167572975  1 0 ses2MesFail
 32487566  1 1 PASS
  2758565  1 1 PASS
307852136  1 1 PASS
307852136  2 0 SecondaryOfPN_01
 31961007  1 1 PASS
 31961007  2 0 SecondaryOfPN_01
140760434  1 0 ses2MesFail
200670652  1 0 AltDetFail
149826377  1 0 ses2MesFail
237915523  1 0 ses2MesFail
 30531417  1 0 AltDetFail
 30531417  2 0 AltDetFail
 34040424  1 0 ses2MesFail
167344029  1 0 ses2MesFail
369988687  1 1 PASS
207110080  1 1 PASS
415969908  1 1 PASS
176220787  1 1 PASS
382069435  1 0 ses2MesFail
382069435  2 0 SecondaryOfPN_01
382069435  3 0 ses2MesFail
382069435  4 1 PASS
177118939  1 0 AltDetFail
177118939  2 0 AltDetFail
177118939  3 0 AltDetFail
380859887  1 1 PASS
 13098251  1 0 ses2MesFail
224276435  1 0 ses2MesFail
220557792  1 0 ChasesFail
289647113  1 0 ses2MesFail
204376737  1 1 PASS
201753428  1 0 ses2MesFail
 55746262  1 1 PASS
 32487618  1 0 ChasesFail
116156517  1 1 PASS
150187916  1 1 PASS
150187916  2 0 SecondaryOfPN_01
234526939  1 0 ses2MesFail
237979468  1 1 PASS
 38586438  1 1 PASS
201248411  1 1 PASS
237912030  1 0 ses2MesFail
237912030  2 0 ses2MesFail
231833061  1 0 ses2MesFail
306773020  1 1 PASS
180871989  1 1 PASS
180871989  2 0 SecondaryOfPN_01
 25134376  1 0 newMesBelowThresh
 55604447  1 0 ses2MesFail
102071750  1 0 ses2MesFail
260504147  1 0 ses2MesFail
350431335  1 1 PASS
262530873  1 1 PASS
201789285  1 1 PASS
201789285  2 0 SecondaryOfPN_01
220536421  1 0 ses2MesFail
220536421  2 0 ses2MesFail
 70742015  1 0 ses2MesFail
279216869  1 0 newMesBelowThresh
220539110  1 1 PASS
232087348  1 0 ses2MesFail
232087348  2 0 SecondaryOfPN_01
380825087  1 1 PASS
380825087  2 0 SecondaryOfPN_01
 52079677  1 1 PASS
 52079677  2 0 SecondaryOfPN_01
207174524  1 1 PASS
327952677  1 1 PASS
 34040141  1 0 ses2MesFail
 34040141  2 0 SecondaryOfPN_01
246893580  1 0 ses2MesFail
246893580  2 0 AltDetFail
278825952  1 1 PASS
278825952  2 0 ses2MesFail
278825952  3 0 AltDetFail
 25078924  1 0 ses2MesFail
 25078924  2 0 SecondaryOfPN_01
 25078924  3 0 AltDetFail
 25078924  4 0 AltDetFail
201898222  1 1 PASS
220433363  1 0 ChasesFail
350820908  1 0 ses2MesFail
300560295  1 1 PASS
167251459  1 1 PASS
167251459  2 0 newMesBelowThresh
183529691  1 1 PASS
183529691  2 0 SecondaryOfPN_01
  9725627  1 1 PASS
270269606  1 0 ses2MesFail
 33878971  1 0 ses2MesFail
382524455  1 0 ses2MesFail
350443417  1 0 ses2MesFail
350443417  2 0 newMesShrink
350443417  3 0 AltDetFail
177162886  1 1 PASS
229112973  1 0 ses2MesFail
281781140  1 0 ses2MesFail
179308939  1 0 AltDetFail
 12472994  1 1 PASS
404927661  1 1 PASS
280052690  1 1 PASS
 38467100  1 1 PASS
 38679390  1 1 PASS
260269456  1 0 ses2MesFail
260269456  2 0 newMesBelowThresh
100099031  1 1 PASS
 51912829  1 1 PASS
 51912829  2 0 SecondaryOfPN_01
278779561  1 0 ses2MesFail
180145006  1 1 PASS
167201539  1 0 ses2MesFail
308209545  1 0 ses2MesFail
 41861845  1 1 PASS
733027940  1 0 ses2MesFail
733027940  2 0 ses2MesFail
322307342  1 1 PASS
 29778064  1 0 ses2MesFail
 29778064  2 0 AltDetFail
198034151  1 0 ses2MesFail
150357290  1 1 PASS
322048806  1 1 PASS
321978218  1 0 AltDetFail
270622446  1 1 PASS
270622446  2 0 ses2MesFail
140659978  1 1 PASS
140659978  2 0 SecondaryOfPN_01
321982642  1 1 PASS
425933644  1 1 PASS
425933644  2 0 AltDetFail
425933644  3 0 AltDetFail
201793781  1 1 PASS
300141210  1 1 PASS
300293197  1 1 PASS
167602025  1 0 ses2MesFail
183562384  1 0 AltDetFail
201836246  1 1 PASS
  5724891  1 1 PASS
  5724891  2 0 SecondaryOfPN_01
262530407  1 1 PASS
146579202  1 0 ses2MesFail
231050794  1 0 AltDetFail
231050794  2 0 AltDetFail
231050794  3 0 AltDetFail
176874062  1 1 PASS
176874062  2 0 ses2MesFail
 38842861  1 1 PASS
175481469  1 0 ses2MesFail
144276942  1 1 PASS
150429807  1 0 ses2MesFail
 43362048  1 0 ses2MesFail
 41994216  1 0 AltDetFail
326522874  1 1 PASS
279639068  1 0 ses2MesFail
279639068  2 0 AltDetFail
 77031413  1 1 PASS
149060456  1 1 PASS
260298958  1 1 PASS
260003467  1 1 PASS
234494090  1 1 PASS
169286118  1 0 ses2MesFail
201898220  1 1 PASS
279615956  1 1 PASS
183596242  1 1 PASS
183596242  2 0 AltDetFail
183596242  3 0 AltDetFail
269795198  1 0 ses2MesFail
 31743416  1 1 PASS
260654645  1 0 AltDetFail
  9102069  1 0 ChasesFail
231740019  1 1 PASS
231740019  2 0 SecondaryOfPN_01
176956893  1 1 PASS
271795511  1 1 PASS
201177276  1 1 PASS
 43398254  1 0 ChasesFail
167418903  1 1 PASS
402319281  1 0 ses2MesFail
402319281  2 0 AltDetFail
402319281  3 0 AltDetFail
 31780848  1 0 ses2MesFail
 13023378  1 1 PASS
150442264  1 0 ses2MesFail
150442264  2 0 SecondaryOfPN_01
260636730  1 1 PASS
281666783  1 1 PASS
238197638  1 1 PASS
 43374806  1 0 ses2MesFail
167163906  1 0 ses2MesFail
 41858828  1 0 ses2MesFail
349156098  1 1 PASS
349156098  2 0 AltDetFail
 33981987  1 0 ses2MesFail
198008002  1 1 PASS
234519192  1 1 PASS
 20897611  1 1 PASS
426017070  1 1 PASS
272357134  1 1 PASS
272357134  2 0 SecondaryOfPN_01
156002449  1 1 PASS
 66413476  1 1 PASS
255587619  1 1 PASS
2055733261  1 1 PASS
149059954  1 1 PASS
149059954  2 0 AltDetFail
166836920  1 1 PASS
322494232  1 0 newMesBelowThresh
