 16197544  1 0 AltDetFail
 11113164  1 0 ses2MesFail
 16728252  1 0 ses2MesFail
 16728252  2 0 ses2MesFail
 11119600  1 0 AltDetFail
 11119600  2 0 AltDetFail
 16617827  1 0 AltDetFail
 16617827  2 0 AltDetFail
 11480287  1 1 PASS
 16740101  1 1 PASS
 16740101  2 0 AltDetFail
 11480757  1 0 AltDetFail
 11480757  2 0 AltDetFail
 17451194  1 0 ses2MesFail
 11704852  1 0 ChasesFail
 25266621  1 0 ses2MesFail
 11793277  1 0 AltDetFail
 25266623  1 0 newMesShrink
 12494582  1 1 PASS
 12494582  2 0 AltDetFail
 12494582  3 0 AltDetFail
 25676603  1 1 PASS
 12673900  1 0 AltDetFail
 26489741  1 0 ses2MesFail
 26489741  2 0 ses2MesFail
 26489741  3 0 SecondaryOfPN_01
 12915124  1 0 newMesShrink
 12915124  2 0 ses2MesFail
 12915124  3 0 AltDetFail
 26538131  1 0 AltDetFail
 26538131  2 0 AltDetFail
 13499636  1 1 PASS
 26542657  1 0 ses2MesFail
 26542657  2 0 SecondaryOfPN_01
 13684720  1 0 ses2MesFail
 26547036  1 0 ses2MesFail
 13869331  1 1 PASS
 27006880  1 1 PASS
 13974582  1 1 PASS
 13974582  2 0 SecondaryOfPN_01
 26961023  1 1 PASS
 13976604  1 1 PASS
 27014182  1 0 AltDetFail
 14207118  1 1 PASS
 14207118  2 0 SecondaryOfPN_01
 27312189  1 1 PASS
 27312189  2 0 SecondaryOfPN_01
 14323558  1 0 newMesBelowThresh
 27316805  1 0 ChasesFail
 27316805  2 0 ses2MesFail
 14617089  1 1 PASS
 27395746  1 1 PASS
 14842303  1 0 AltDetFail
 14842303  2 0 AltDetFail
 27397122  1 1 PASS
 14844585  1 0 AltDetFail
 27767184  1 1 PASS
 15099904  1 1 PASS
 27839325  1 1 PASS
 15207484  1 1 PASS
 27843942  1 1 PASS
 27843942  2 0 AltDetFail
 27843942  3 0 AltDetFail
 27843942  4 0 AltDetFail
 15795549  1 0 AltDetFail
 15795549  2 0 AltDetFail
 26597569  1 1 PASS
 26656583  1 1 PASS
 26656583  2 0 SecondaryOfPN_01
 27844498  1 1 PASS
 27844498  2 0 ChasesFail
 27845677  1 0 ses2MesFail
 27846645  1 0 ses2MesFail
 27915909  1 1 PASS
 27915909  2 0 SecondaryOfPN_01
 28152801  1 0 ChasesFail
 28159019  1 1 PASS
 28159019  2 0 SecondaryOfPN_01
 28230919  1 1 PASS
 28304399  1 1 PASS
 28359831  1 0 ses2MesFail
 28449295  1 1 PASS
 28449295  2 0 SecondaryOfPN_01
 40038743  1 0 ses2MesFail
 40038743  2 0 newMesBelowThresh
 40219040  1 0 AltDetFail
 40244907  1 0 ses2MesFail
 40244907  2 0 SecondaryOfPN_01
 40378419  1 0 ses2MesFail
 40623328  1 1 PASS
 41998476  1 0 ses2MesFail
 41998476  2 0 SecondaryOfPN_01
 42244951  1 0 ses2MesFail
 42244951  2 0 AltDetFail
 43064903  1 1 PASS
 47579336  1 0 ses2MesFail
 47579336  2 0 ChasesFail
 47579336  3 0 ses2MesFail
 47579336  4 0 ses2MesFail
 47626069  1 0 ChasesFail
 47626069  2 0 AltDetFail
 47757785  1 1 PASS
 47762157  1 1 PASS
 47762157  2 0 SecondaryOfPN_01
 47762157  3 0 AltDetFail
 47762157  4 0 AltDetFail
 47974844  1 0 ChasesFail
 48084398  1 0 ses2MesFail
 48191564  1 1 PASS
 48356677  1 0 ses2MesFail
 48356677  2 0 ses2MesFail
 48356677  3 0 newMesShrink
 48415693  1 0 ses2MesFail
 48450535  1 1 PASS
 48450535  2 0 SecondaryOfPN_01
 48499902  1 1 PASS
 48499902  2 0 AltDetFail
 48506689  1 1 PASS
 48507019  1 1 PASS
 51269322  1 0 ses2MesFail
 55753802  1 0 AltDetFail
 55778901  1 1 PASS
 55778901  2 0 AltDetFail
 63071165  1 1 PASS
 63074282  1 1 PASS
 63205800  1 1 PASS
 63291675  1 1 PASS
 63291675  2 0 SecondaryOfPN_01
 63291675  3 1 PASS
 63315565  1 0 AltDetFail
 63328020  1 1 PASS
 63366439  1 1 PASS
 63367810  1 1 PASS
 63368767  1 0 AltDetFail
 63368767  2 0 AltDetFail
 63370066  1 1 PASS
 63370066  2 0 SecondaryOfPN_01
 63449090  1 1 PASS
 63451547  1 1 PASS
 63451547  2 0 SecondaryOfPN_01
 63452125  1 0 AltDetFail
 63454475  1 0 AltDetFail
 63459761  1 0 newMesShrink
 63459761  2 0 SecondaryOfPN_01
 63550587  1 0 ses2MesFail
 63644417  1 1 PASS
 63916460  1 0 ses2MesFail
 63916460  2 0 SecondaryOfPN_01
 64220043  1 0 newMesShrink
 64220043  2 0 newMesBelowThresh
 64220043  3 0 newMesBelowThresh
 64799884  1 1 PASS
 64799884  2 0 AltDetFail
 64904640  1 1 PASS
 64904640  2 0 SecondaryOfPN_01
 84069091  1 1 PASS
 84069091  2 0 SecondaryOfPN_01
 84069091  3 0 ses2MesFail
 84070123  1 0 ses2MesFail
 84070123  2 0 SecondaryOfPN_01
 84070123  3 0 AltDetFail
 84235704  1 1 PASS
 84312999  1 1 PASS
 85501014  1 0 ses2MesFail
 88589037  1 0 AltDetFail
 90349611  1 1 PASS
 90349611  2 0 newMesShrink
 91704666  1 0 ses2MesFail
 92059645  1 0 ses2MesFail
 92774987  1 0 ses2MesFail
 92776364  1 0 ses2MesFail
 99013269  1 1 PASS
 99381596  1 0 ses2MesFail
 99381596  2 0 ses2MesFail
 99381596  3 0 ses2MesFail
 99381596  4 0 ses2MesFail
100234005  1 0 AltDetFail
100234005  2 0 AltDetFail
104909909  1 0 ses2MesFail
104909909  2 0 AltDetFail
106233506  1 1 PASS
106233506  2 0 AltDetFail
117070953  1 1 PASS
117234769  1 1 PASS
117234769  2 0 SecondaryOfPN_01
117287209  1 0 ses2MesFail
117638854  1 1 PASS
125676179  1 0 ses2MesFail
126336928  1 0 AltDetFail
126449150  1 1 PASS
126550296  1 0 AltDetFail
126675825  1 0 AltDetFail
126755899  1 0 ChasesFail
126816748  1 0 AltDetFail
136317809  1 1 PASS
136317809  2 0 newMesShrink
136656542  1 0 ChasesFail
136732283  1 1 PASS
136879755  1 1 PASS
136879755  2 0 SecondaryOfPN_01
136879755  3 0 AltDetFail
136879755  4 0 AltDetFail
136879755  5 0 AltDetFail
136953667  1 1 PASS
137516558  1 1 PASS
137726810  1 0 ses2MesFail
137803226  1 0 ses2MesFail
137804387  1 0 newMesShrink
138430438  1 1 PASS
138430438  2 0 SecondaryOfPN_01
138578906  1 0 AltDetFail
138578906  2 0 AltDetFail
138639253  1 0 ses2MesFail
138650903  1 1 PASS
138745625  1 0 ses2MesFail
138968089  1 1 PASS
141120071  1 0 ses2MesFail
141120071  2 0 ses2MesFail
141120071  3 0 ses2MesFail
141120071  4 0 ChasesFail
141816993  1 0 ses2MesFail
142276270  1 1 PASS
142308209  1 1 PASS
142308209  2 0 SecondaryOfPN_01
142381532  1 0 ses2MesFail
142394656  1 1 PASS
142848794  1 1 PASS
142979644  1 1 PASS
142979644  2 0 SecondaryOfPN_01
142979644  3 0 ses2MesFail
142979644  4 0 ses2MesFail
147625755  1 0 ses2MesFail
147625755  2 0 SecondaryOfPN_01
147625755  3 0 AltDetFail
147686743  1 0 ses2MesFail
148914403  1 0 ses2MesFail
148914726  1 1 PASS
148963419  1 1 PASS
148963419  2 0 AltDetFail
150326668  1 1 PASS
150326668  2 0 SecondaryOfPN_01
153949511  1 1 PASS
153951307  1 1 PASS
153976712  1 0 ses2MesFail
153977353  1 0 ses2MesFail
153977353  2 1 PASS
153991851  1 0 AltDetFail
153991851  2 0 SecondaryOfPN_01
154067797  1 0 AltDetFail
154067797  2 0 AltDetFail
154089169  1 1 PASS
154108146  1 1 PASS
154108146  2 0 SecondaryOfPN_01
154511165  1 1 PASS
154511165  2 0 AltDetFail
154570928  1 1 PASS
156462488  1 1 PASS
157880551  1 1 PASS
158272742  1 1 PASS
158272742  2 0 AltDetFail
158272742  3 0 AltDetFail
158324245  1 1 PASS
158393140  1 1 PASS
158393140  2 0 AltDetFail
158491288  1 1 PASS
158491288  2 0 SecondaryOfPN_01
158498107  1 0 ses2MesFail
158498107  2 0 ses2MesFail
158561566  1 1 PASS
158579379  1 1 PASS
158579379  2 0 SecondaryOfPN_01
158660631  1 1 PASS
158660631  2 0 AltDetFail
158728853  1 1 PASS
158988347  1 1 PASS
158988347  2 0 SecondaryOfPN_01
159047480  1 1 PASS
159107668  1 1 PASS
159169838  1 1 PASS
159169838  2 0 AltDetFail
159441328  1 0 ses2MesFail
159464498  1 1 PASS
159466193  1 0 AltDetFail
159510109  1 1 PASS
159510109  2 0 ses2MesFail
159580213  1 0 AltDetFail
159613900  1 0 ses2MesFail
159628659  1 0 AltDetFail
159628659  2 0 AltDetFail
159636127  1 1 PASS
159636127  2 0 SecondaryOfPN_01
159719243  1 0 ses2MesFail
159719243  2 0 ses2MesFail
159720778  1 0 ses2MesFail
159720778  2 0 SecondaryOfPN_01
159721038  1 1 PASS
159723646  1 0 AltDetFail
159723646  2 0 AltDetFail
159763687  1 0 ses2MesFail
160104585  1 1 PASS
160472514  1 1 PASS
160472514  2 0 SecondaryOfPN_01
160519380  1 0 AltDetFail
160585813  1 1 PASS
160600404  1 0 ses2MesFail
160618494  1 1 PASS
160618494  2 0 SecondaryOfPN_01
160648169  1 1 PASS
161190740  1 1 PASS
161287859  1 0 AltDetFail
161563111  1 0 ChasesFail
161633889  1 1 PASS
161685732  1 0 ses2MesFail
161687311  1 0 AltDetFail
161687311  2 0 AltDetFail
161687311  3 0 AltDetFail
162035117  1 1 PASS
162035117  2 0 SecondaryOfPN_01
162173122  1 1 PASS
162173122  2 0 AltDetFail
162393956  1 1 PASS
163477895  1 0 ses2MesFail
163477895  2 0 ses2MesFail
163539739  1 1 PASS
164557531  1 0 ses2MesFail
165307617  1 0 ChasesFail
165453878  1 1 PASS
165453878  2 0 SecondaryOfPN_01
165470014  1 0 ses2MesFail
165530589  1 0 ses2MesFail
165599288  1 1 PASS
165599289  1 0 ChasesFail
165991532  1 0 ses2MesFail
166074503  1 0 AltDetFail
166087190  1 0 ses2MesFail
166090445  1 1 PASS
166178948  1 0 ses2MesFail
166773165  1 0 ses2MesFail
166773165  2 0 SecondaryOfPN_01
167196599  1 0 ses2MesFail
167196599  2 0 AltDetFail
168813467  1 1 PASS
169458450  1 1 PASS
169461816  1 0 AltDetFail
169461816  2 0 ses2MesFail
169461816  3 0 AltDetFail
169461816  4 0 AltDetFail
169815918  1 1 PASS
169815918  2 0 AltDetFail
169819162  1 1 PASS
170246850  1 1 PASS
170251756  1 0 AltDetFail
170255099  1 1 PASS
170344769  1 1 PASS
170344769  2 0 SecondaryOfPN_01
170735592  1 1 PASS
170937974  1 1 PASS
170937974  2 0 AltDetFail
171089248  1 0 AltDetFail
171419257  1 1 PASS
172422394  1 1 PASS
172431974  1 1 PASS
172431974  2 0 AltDetFail
184008771  1 0 ses2MesFail
184164428  1 1 PASS
184164428  2 0 ses2MesFail
184246521  1 0 AltDetFail
184947995  1 1 PASS
184998729  1 0 ses2MesFail
185057693  1 1 PASS
185059488  1 1 PASS
185059488  2 0 SecondaryOfPN_01
185060842  1 1 PASS
185060842  2 0 SecondaryOfPN_01
185109374  1 1 PASS
185236439  1 0 ses2MesFail
185236439  2 0 AltDetFail
185336364  1 0 ses2MesFail
185403173  1 1 PASS
185403173  2 0 ses2MesFail
185403173  3 0 ses2MesFail
186185992  1 1 PASS
190693377  1 0 AltDetFail
190693377  2 0 AltDetFail
190734021  1 1 PASS
190734021  2 0 SecondaryOfPN_01
190734021  3 0 AltDetFail
190885165  1 1 PASS
193391232  1 0 ses2MesFail
193391232  2 0 ses2MesFail
193537392  1 1 PASS
193538686  1 0 AltDetFail
193538686  2 0 AltDetFail
193545440  1 1 PASS
193545440  2 0 ChasesFail
193545440  3 0 AltDetFail
193545446  1 1 PASS
193545446  2 0 AltDetFail
193559258  1 1 PASS
193895999  1 0 ses2MesFail
194132691  1 0 ses2MesFail
195605834  1 1 PASS
195605834  2 0 AltDetFail
196066560  1 1 PASS
196273967  1 0 ChasesFail
198181552  1 1 PASS
198187008  1 1 PASS
198213332  1 1 PASS
198241702  1 1 PASS
198313291  1 0 AltDetFail
198313291  2 0 AltDetFail
198354443  1 0 AltDetFail
198354443  2 0 AltDetFail
198382838  1 0 ses2MesFail
198388252  1 0 ses2MesFail
198408416  1 1 PASS
198408416  2 0 ses2MesFail
198408416  3 0 AltDetFail
198416591  1 0 ChasesFail
198457457  1 0 ChasesFail
198516864  1 1 PASS
198537349  1 1 PASS
198537783  1 0 ses2MesFail
198555959  1 0 ses2MesFail
198555959  2 0 SecondaryOfPN_01
199234086  1 1 PASS
199376584  1 0 ses2MesFail
199384061  1 0 AltDetFail
199384061  2 0 AltDetFail
199524888  1 0 ChasesFail
199682037  1 0 AltDetFail
199682037  2 0 AltDetFail
199688409  1 1 PASS
199688472  1 1 PASS
199709055  1 1 PASS
199715706  1 0 ses2MesFail
199716496  1 0 AltDetFail
199716496  2 0 AltDetFail
202299805  1 0 ses2MesFail
202299805  2 0 AltDetFail
202442974  1 0 ses2MesFail
202442974  2 0 SecondaryOfPN_01
202442982  1 1 PASS
202444594  1 1 PASS
202467266  1 0 AltDetFail
202490797  1 1 PASS
202490797  2 1 PASS
202509442  1 0 ses2MesFail
202567458  1 1 PASS
202567458  2 1 PASS
202567458  3 0 AltDetFail
202567458  4 0 AltDetFail
202739600  1 0 ses2MesFail
203001339  1 0 ses2MesFail
203001339  2 0 SecondaryOfPN_01
203054851  1 0 AltDetFail
207493152  1 1 PASS
207496306  1 0 AltDetFail
207496306  2 0 AltDetFail
207496824  1 0 ChasesFail
219033506  1 1 PASS
219033506  2 1 PASS
219033506  3 0 SecondaryOfPN_01
219033752  1 1 PASS
219092860  1 1 PASS
219096494  1 1 PASS
219107776  1 0 AltDetFail
219107776  2 0 AltDetFail
219109908  1 0 AltDetFail
219428571  1 0 ses2MesFail
219435542  1 1 PASS
219738202  1 0 AltDetFail
219738202  2 0 AltDetFail
219740926  1 1 PASS
219750638  1 0 newMesBelowThresh
219750638  2 0 ses2MesFail
219750638  3 0 AltDetFail
219751969  1 1 PASS
219751969  2 0 AltDetFail
219751969  3 0 AltDetFail
219765652  1 1 PASS
219771660  1 1 PASS
219790149  1 0 ChasesFail
219790151  1 0 ses2MesFail
219790151  2 0 ChasesFail
219811129  1 1 PASS
219823570  1 0 AltDetFail
219859691  1 0 ses2MesFail
219859691  2 0 AltDetFail
219874414  1 0 ses2MesFail
219900027  1 0 ses2MesFail
219900027  2 0 AltDetFail
224297258  1 1 PASS
229400643  1 1 PASS
229400643  2 0 AltDetFail
229461186  1 1 PASS
229461186  2 0 AltDetFail
229476285  1 1 PASS
229480487  1 0 ses2MesFail
229480487  2 0 ChasesFail
229487733  1 1 PASS
229495981  1 1 PASS
229501295  1 0 ses2MesFail
229509531  1 1 PASS
229585356  1 0 AltDetFail
229585356  2 0 AltDetFail
229585365  1 1 PASS
229585542  1 0 ChasesFail
229640059  1 0 ses2MesFail
229687624  1 0 AltDetFail
229712257  1 0 ses2MesFail
229742722  1 0 ses2MesFail
229751802  1 0 AltDetFail
229766985  1 0 AltDetFail
229771234  1 0 ses2MesFail
229776076  1 0 ses2MesFail
229776076  2 0 ses2MesFail
229783705  1 0 ChasesFail
229788204  1 0 ses2MesFail
229791903  1 0 ses2MesFail
229791903  2 0 AltDetFail
229791903  3 0 AltDetFail
229913521  1 1 PASS
229914020  1 1 PASS
229914020  2 0 SecondaryOfPN_01
229914020  3 0 AltDetFail
229945262  1 0 ChasesFail
229952300  1 1 PASS
229979731  1 1 PASS
230017324  1 1 PASS
230023734  1 1 PASS
230063769  1 1 PASS
230063769  2 0 ses2MesFail
230063769  3 0 SecondaryOfPN_01
230065962  1 1 PASS
230065962  2 0 ses2MesFail
230079674  1 0 ses2MesFail
230086768  1 0 ses2MesFail
230114503  1 1 PASS
230114503  2 0 SecondaryOfPN_01
230386284  1 1 PASS
230386284  2 0 SecondaryOfPN_01
230389935  1 1 PASS
230478637  1 0 ses2MesFail
230478637  2 0 AltDetFail
230530979  1 1 PASS
230530979  2 0 SecondaryOfPN_01
230726904  1 1 PASS
232540264  1 1 PASS
232612416  1 1 PASS
232628654  1 0 ses2MesFail
232628654  2 0 ChasesFail
232629077  1 1 PASS
232629077  2 0 SecondaryOfPN_01
232634196  1 0 ses2MesFail
232634196  2 0 ses2MesFail
232634196  3 0 SecondaryOfPN_01
232634196  4 0 SecondaryOfPN_01
232643392  1 1 PASS
232643392  2 0 SecondaryOfPN_01
232649837  1 0 AltDetFail
232649837  2 0 AltDetFail
232649837  3 0 AltDetFail
232724170  1 0 AltDetFail
232724170  2 0 AltDetFail
232895170  1 1 PASS
232965249  1 1 PASS
232965249  2 0 SecondaryOfPN_01
232967440  1 1 PASS
232971294  1 1 PASS
232977165  1 1 PASS
232977165  2 0 SecondaryOfPN_01
233079659  1 0 AltDetFail
233080133  1 0 AltDetFail
233087860  1 1 PASS
233093251  1 0 ses2MesFail
233120979  1 1 PASS
233131533  1 0 newMesBelowThresh
233162401  1 0 ses2MesFail
233207585  1 0 AltDetFail
233207585  2 0 AltDetFail
233208885  1 1 PASS
233208885  2 0 ses2MesFail
233208885  3 0 AltDetFail
233211759  1 0 ses2MesFail
233211762  1 1 PASS
233211762  2 0 ses2MesFail
233233639  1 0 AltDetFail
233233639  2 0 AltDetFail
233282561  1 0 ses2MesFail
233282561  2 0 SecondaryOfPN_01
233282561  3 0 AltDetFail
233310793  1 0 AltDetFail
233390838  1 1 PASS
233390838  2 0 SecondaryOfPN_01
233398756  1 1 PASS
233426186  1 1 PASS
233426187  1 1 PASS
233513676  1 1 PASS
233532554  1 0 newMesShrink
233532554  2 0 ses2MesFail
233532554  3 1 PASS
233532554  4 0 ses2MesFail
233532554  5 0 SecondaryOfPN_02
233539736  1 1 PASS
233541860  1 0 AltDetFail
233546272  1 1 PASS
233546272  2 0 SecondaryOfPN_01
233547261  1 0 ses2MesFail
233574062  1 0 AltDetFail
233605432  1 0 ChasesFail
233679640  1 0 ses2MesFail
233679640  2 0 SecondaryOfPN_01
233679640  3 0 SecondaryOfPN_01
233681149  1 1 PASS
233684822  1 1 PASS
233689243  1 1 PASS
233720276  1 1 PASS
233720276  2 0 newMesBelowThresh
233731070  1 0 ses2MesFail
233735068  1 1 PASS
233738458  1 0 ses2MesFail
233751709  1 0 ChasesFail
233751709  2 1 PASS
233799681  1 0 ses2MesFail
233863754  1 0 AltDetFail
233863754  2 0 AltDetFail
233866651  1 1 PASS
233866651  2 0 SecondaryOfPN_01
233866651  3 0 ses2MesFail
233904049  1 0 AltDetFail
233904049  2 0 AltDetFail
233904049  3 0 AltDetFail
233905810  1 1 PASS
233905810  2 0 SecondaryOfPN_01
235678638  1 0 ses2MesFail
236046394  1 0 ses2MesFail
236046394  2 0 ses2MesFail
236046394  3 0 ses2MesFail
236155561  1 1 PASS
236445128  1 1 PASS
236445129  1 1 PASS
236537131  1 0 AltDetFail
236537131  2 0 AltDetFail
236537131  3 0 AltDetFail
236714379  1 1 PASS
236766358  1 0 AltDetFail
236766358  2 0 AltDetFail
236776750  1 0 AltDetFail
236776750  2 0 AltDetFail
236778955  1 0 ChasesFail
236778955  2 0 ses2MesFail
236865152  1 0 ses2MesFail
236876439  1 0 AltDetFail
236876439  2 0 AltDetFail
236896147  1 0 ses2MesFail
236973792  1 1 PASS
236973844  1 0 ChasesFail
236973844  2 1 PASS
236973844  3 0 SecondaryOfPN_02
236982345  1 1 PASS
237113272  1 0 ChasesFail
237130278  1 0 AltDetFail
237130278  2 0 AltDetFail
237200747  1 1 PASS
237222539  1 0 AltDetFail
237222864  1 1 PASS
237277760  1 1 PASS
237277760  2 0 newMesBelowThresh
237277760  3 0 newMesBelowThresh
237277760  4 0 newMesBelowThresh
239262664  1 1 PASS
239290086  1 0 ses2MesFail
239291500  1 0 AltDetFail
239291500  2 0 AltDetFail
239309691  1 0 AltDetFail
239366978  1 0 AltDetFail
240178198  1 0 AltDetFail
243248327  1 1 PASS
243248327  2 0 SecondaryOfPN_01
243316446  1 0 AltDetFail
243316446  2 1 PASS
243319567  1 0 ses2MesFail
243319567  2 0 AltDetFail
243352373  1 1 PASS
243352373  2 0 AltDetFail
243352809  1 0 AltDetFail
243352809  2 0 AltDetFail
247205466  1 1 PASS
247205466  2 0 SecondaryOfPN_01
247248981  1 0 ChasesFail
247317885  1 1 PASS
247317885  2 0 ses2MesFail
255993777  1 0 AltDetFail
255993777  2 0 AltDetFail
256298934  1 1 PASS
256298934  2 0 AltDetFail
256327585  1 1 PASS
256368884  1 1 PASS
256368884  2 0 SecondaryOfPN_01
256512446  1 1 PASS
256512446  2 0 SecondaryOfPN_01
257023157  1 0 ChasesFail
257048642  1 0 ses2MesFail
257048642  2 0 ChasesFail
257060367  1 0 AltDetFail
258351350  1 1 PASS
258351350  2 0 AltDetFail
258771803  1 1 PASS
258771803  2 0 ses2MesFail
258773798  1 0 AltDetFail
258777137  1 1 PASS
258799793  1 0 AltDetFail
258799793  2 0 AltDetFail
258826816  1 0 ses2MesFail
258850493  1 1 PASS
259006174  1 1 PASS
259006185  1 1 PASS
259006185  2 0 SecondaryOfPN_01
259126645  1 1 PASS
259126645  2 0 newMesShrink
259126645  3 0 AltDetFail
259419009  1 1 PASS
259671983  1 1 PASS
259671983  2 0 SecondaryOfPN_01
263930790  1 0 AltDetFail
264175503  1 0 AltDetFail
264301570  1 1 PASS
264301570  2 0 SecondaryOfPN_01
264508409  1 0 AltDetFail
265702175  1 0 ses2MesFail
265885807  1 0 ses2MesFail
266593143  1 1 PASS
266794067  1 0 ses2MesFail
267556582  1 1 PASS
267561446  1 1 PASS
267667621  1 1 PASS
267808239  1 1 PASS
267808239  2 0 SecondaryOfPN_01
267877714  1 1 PASS
268289462  1 0 ses2MesFail
268289462  2 0 AltDetFail
268297677  1 0 ses2MesFail
268297677  2 0 AltDetFail
268299560  1 1 PASS
268305489  1 1 PASS
268380299  1 1 PASS
268380299  2 0 SecondaryOfPN_01
268383780  1 0 ses2MesFail
268383780  2 0 SecondaryOfPN_01
268383780  3 0 newMesBelowThresh
268387175  1 0 AltDetFail
268482699  1 1 PASS
268610013  1 1 PASS
269031095  1 0 ses2MesFail
269126567  1 0 ses2MesFail
269696438  1 1 PASS
269698422  1 1 PASS
269701147  1 1 PASS
270491865  1 0 AltDetFail
270615728  1 0 ses2MesFail
270616815  1 0 ses2MesFail
270616815  2 0 SecondaryOfPN_01
270698296  1 0 AltDetFail
270704947  1 1 PASS
271040768  1 1 PASS
271040947  1 1 PASS
271158877  1 0 AltDetFail
271158877  2 0 AltDetFail
271164763  1 0 AltDetFail
271164763  2 0 AltDetFail
271354390  1 1 PASS
271547896  1 1 PASS
271547896  2 0 SecondaryOfPN_01
271547961  1 1 PASS
271548206  1 1 PASS
271763138  1 0 ses2MesFail
271773721  1 1 PASS
271877841  1 0 ses2MesFail
271958272  1 0 AltDetFail
272074664  1 1 PASS
272074664  2 0 SecondaryOfPN_01
272079818  1 1 PASS
272176884  1 0 ses2MesFail
272368236  1 1 PASS
272369124  1 0 ses2MesFail
272489100  1 1 PASS
272489100  2 0 SecondaryOfPN_01
272489351  1 1 PASS
272598447  1 1 PASS
272609309  1 0 AltDetFail
272615711  1 0 ChasesFail
272650576  1 1 PASS
272705043  1 1 PASS
272705043  2 0 AltDetFail
272718539  1 0 AltDetFail
272841995  1 0 ses2MesFail
272841995  2 0 AltDetFail
272843045  1 1 PASS
272846131  1 0 AltDetFail
272942353  1 1 PASS
272944291  1 1 PASS
272944291  2 0 SecondaryOfPN_01
273036521  1 0 AltDetFail
273036521  2 0 AltDetFail
273042299  1 0 ses2MesFail
273042299  2 0 AltDetFail
273042299  3 0 AltDetFail
273042650  1 1 PASS
273043307  1 0 ses2MesFail
273043307  2 0 ses2MesFail
273043307  3 0 ses2MesFail
273131564  1 1 PASS
273173532  1 0 ses2MesFail
273173532  2 0 SecondaryOfPN_01
273173532  3 0 ses2MesFail
273173532  4 0 SecondaryOfPN_01
273372402  1 1 PASS
273373040  1 1 PASS
273373712  1 1 PASS
273501820  1 0 ses2MesFail
273501820  2 0 SecondaryOfPN_01
273560795  1 1 PASS
273566363  1 1 PASS
273574141  1 1 PASS
273582296  1 0 ses2MesFail
273594287  1 1 PASS
273629437  1 0 AltDetFail
273687627  1 0 ses2MesFail
273872891  1 0 ses2MesFail
273874106  1 1 PASS
273874851  1 0 ses2MesFail
274031155  1 1 PASS
274129522  1 1 PASS
274129522  2 0 SecondaryOfPN_01
274347939  1 0 ses2MesFail
274347939  2 0 newMesBelowThresh
274347939  3 0 newMesShrink
274347939  4 0 ses2MesFail
274347939  5 0 newMesShrink
274347939  6 0 SecondaryOfPN_01
274348764  1 1 PASS
274645120  1 0 ses2MesFail
274645120  2 0 SecondaryOfPN_01
274645120  3 0 SecondaryOfPN_01
274645120  4 0 AltDetFail
274662200  1 1 PASS
274762761  1 1 PASS
275119073  1 1 PASS
275119073  2 0 AltDetFail
275489982  1 1 PASS
275537496  1 0 ses2MesFail
275537496  2 0 AltDetFail
275576176  1 1 PASS
275633324  1 1 PASS
276162169  1 1 PASS
276547773  1 1 PASS
276914715  1 0 AltDetFail
277507814  1 1 PASS
277565268  1 0 ses2MesFail
277565268  2 0 SecondaryOfPN_01
277566482  1 0 ses2MesFail
277571633  1 0 ses2MesFail
277571633  2 1 PASS
278068108  1 0 ses2MesFail
278075650  1 0 ses2MesFail
278075650  2 0 ses2MesFail
278075650  3 0 AltDetFail
278076037  1 1 PASS
278677370  1 1 PASS
278677370  2 0 AltDetFail
278678404  1 1 PASS
279470685  1 0 ses2MesFail
279918206  1 1 PASS
280031832  1 1 PASS
280033918  1 0 AltDetFail
280033934  1 0 AltDetFail
280033934  2 0 AltDetFail
280069113  1 0 ses2MesFail
282368998  1 1 PASS
282368998  2 0 AltDetFail
282925798  1 0 ses2MesFail
284364590  1 0 ses2MesFail
284364590  2 0 AltDetFail
284461108  1 1 PASS
284461108  2 0 AltDetFail
284891601  1 1 PASS
284891601  2 0 AltDetFail
286923464  1 1 PASS
287151976  1 1 PASS
287234729  1 1 PASS
287234729  2 0 SecondaryOfPN_01
288312840  1 1 PASS
288312840  2 0 SecondaryOfPN_01
288312840  3 0 AltDetFail
288312840  4 0 AltDetFail
288344202  1 0 ses2MesFail
288344202  2 1 PASS
288391801  1 0 ses2MesFail
288471108  1 1 PASS
288471108  2 0 SecondaryOfPN_01
289367145  1 1 PASS
289570934  1 1 PASS
289722957  1 0 ses2MesFail
289722957  2 0 newMesBelowThresh
289722957  3 0 ses2MesFail
289722957  4 0 AltDetFail
289890301  1 0 ses2MesFail
290003896  1 1 PASS
290032774  1 0 AltDetFail
290034099  1 0 AltDetFail
290034099  2 0 AltDetFail
290035575  1 1 PASS
290035575  2 0 AltDetFail
290035575  3 0 AltDetFail
290571126  1 0 ses2MesFail
291145873  1 1 PASS
291145873  2 0 ses2MesFail
293954617  1 1 PASS
294469624  1 1 PASS
295111026  1 0 ses2MesFail
295298669  1 1 PASS
295802147  1 1 PASS
295802147  2 0 SecondaryOfPN_01
295803225  1 1 PASS
295803225  2 0 SecondaryOfPN_01
295804815  1 0 ses2MesFail
295804815  2 0 AltDetFail
296012680  1 1 PASS
296321403  1 1 PASS
296321403  2 0 ses2MesFail
297682950  1 1 PASS
298008052  1 1 PASS
298008052  2 0 SecondaryOfPN_01
298009554  1 0 ses2MesFail
298295539  1 0 ses2MesFail
298421458  1 1 PASS
298421458  2 0 AltDetFail
298647682  1 0 ses2MesFail
298665328  1 1 PASS
298666271  1 0 ses2MesFail
298734307  1 0 AltDetFail
298734307  2 0 AltDetFail
298780758  1 0 ses2MesFail
298967445  1 0 ses2MesFail
298967445  2 0 ses2MesFail
298969838  1 1 PASS
299154631  1 1 PASS
299156852  1 1 PASS
299156852  2 0 ChasesFail
299156852  3 0 AltDetFail
299219025  1 0 ses2MesFail
303351921  1 1 PASS
303566738  1 0 AltDetFail
303566738  2 0 AltDetFail
304110186  1 1 PASS
304110186  2 0 AltDetFail
304379558  1 1 PASS
304628774  1 0 AltDetFail
304628774  2 0 AltDetFail
305386053  1 0 ses2MesFail
305386053  2 0 SecondaryOfPN_01
305386053  3 0 AltDetFail
305466446  1 1 PASS
305680327  1 1 PASS
307956653  1 0 ses2MesFail
309720946  1 0 ses2MesFail
309720946  2 0 AltDetFail
310994603  1 1 PASS
310994603  2 0 SecondaryOfPN_01
310994603  3 0 SecondaryOfPN_01
311068873  1 0 ChasesFail
311070085  1 1 PASS
311070085  2 0 SecondaryOfPN_01
311070085  3 0 AltDetFail
311945765  1 0 AltDetFail
311945765  2 0 AltDetFail
312160410  1 1 PASS
312160410  2 0 AltDetFail
312230566  1 1 PASS
312230566  2 0 SecondaryOfPN_01
312286761  1 0 AltDetFail
313883837  1 1 PASS
314340550  1 1 PASS
314389159  1 0 ChasesFail
314459000  1 1 PASS
314459000  2 0 SecondaryOfPN_01
315576282  1 0 ses2MesFail
315777423  1 0 AltDetFail
316333039  1 0 ses2MesFail
316333039  2 0 SecondaryOfPN_01
316450573  1 0 ses2MesFail
316450573  2 0 SecondaryOfPN_01
320323992  1 0 AltDetFail
320323992  2 0 AltDetFail
322361635  1 1 PASS
322845246  1 0 ses2MesFail
322845246  2 0 SecondaryOfPN_01
329246824  1 0 ses2MesFail
329246824  2 0 SecondaryOfPN_01
329248002  1 0 ses2MesFail
330829235  1 1 PASS
331367965  1 0 ChasesFail
331377569  1 0 AltDetFail
331377569  2 0 AltDetFail
332277332  1 1 PASS
332277332  2 0 SecondaryOfPN_01
332277332  3 0 AltDetFail
332334202  1 1 PASS
332334202  2 0 SecondaryOfPN_01
334637029  1 0 ses2MesFail
335682360  1 0 ses2MesFail
336434532  1 1 PASS
336434532  2 1 PASS
341705384  1 1 PASS
341705385  1 0 ses2MesFail
343174242  1 1 PASS
344376832  1 0 ses2MesFail
344376832  2 0 SecondaryOfPN_01
344376832  3 0 SecondaryOfPN_01
344376832  4 0 AltDetFail
345710962  1 1 PASS
350738423  1 1 PASS
350738423  2 0 SecondaryOfPN_01
351193032  1 1 PASS
351193032  2 0 AltDetFail
351297515  1 1 PASS
351297515  2 0 SecondaryOfPN_01
351478077  1 1 PASS
352165018  1 0 ses2MesFail
352165018  2 0 AltDetFail
352554120  1 0 AltDetFail
352693111  1 1 PASS
352762746  1 0 AltDetFail
352764091  1 1 PASS
352915304  1 1 PASS
352954787  1 1 PASS
352954787  2 0 SecondaryOfPN_01
352964170  1 0 ses2MesFail
352964170  2 0 AltDetFail
353780788  1 0 AltDetFail
353854078  1 1 PASS
353854078  2 0 SecondaryOfPN_01
353854078  3 0 SecondaryOfPN_01
353894978  1 0 ses2MesFail
353898013  1 0 ChasesFail
353939279  1 0 ses2MesFail
353939279  2 0 AltDetFail
353939279  3 0 AltDetFail
353989471  1 1 PASS
356632361  1 1 PASS
356701798  1 0 ses2MesFail
356701798  2 0 SecondaryOfPN_01
356701798  3 0 AltDetFail
356701798  4 0 AltDetFail
356820646  1 0 ses2MesFail
356823839  1 1 PASS
356823839  2 0 AltDetFail
356896550  1 0 AltDetFail
356896561  1 0 ses2MesFail
356961571  1 0 AltDetFail
356974629  1 1 PASS
356974629  2 0 SecondaryOfPN_01
356974639  1 1 PASS
356978132  1 0 ses2MesFail
356980223  1 1 PASS
356980223  2 0 ses2MesFail
356980226  1 1 PASS
357031563  1 0 ses2MesFail
357032546  1 0 ChasesFail
357032575  1 0 ChasesFail
357032575  2 0 ses2MesFail
357050556  1 0 AltDetFail
357050556  2 0 AltDetFail
357178622  1 0 AltDetFail
357178622  2 0 AltDetFail
357254364  1 1 PASS
357254364  2 0 AltDetFail
357455825  1 1 PASS
357457104  1 1 PASS
357526042  1 1 PASS
357685999  1 1 PASS
357685999  2 0 AltDetFail
357875887  1 1 PASS
357979050  1 1 PASS
357979050  2 0 SecondaryOfPN_01
359313701  1 0 ses2MesFail
359482529  1 1 PASS
359631482  1 0 AltDetFail
359631482  2 0 AltDetFail
359631482  3 0 AltDetFail
359675849  1 1 PASS
359675849  2 0 SecondaryOfPN_01
359676320  1 0 AltDetFail
359676320  2 0 SecondaryOfPN_01
359677968  1 0 ses2MesFail
359677968  2 0 ses2MesFail
360020620  1 1 PASS
362104293  1 1 PASS
362259855  1 0 AltDetFail
364628248  1 1 PASS
364628248  2 0 SecondaryOfPN_01
364816538  1 1 PASS
364934586  1 0 AltDetFail
364965655  1 0 AltDetFail
365034219  1 0 AltDetFail
365053107  1 0 ses2MesFail
365103851  1 0 AltDetFail
365103851  2 0 AltDetFail
365663227  1 1 PASS
365733349  1 1 PASS
365787759  1 0 AltDetFail
365787759  2 0 AltDetFail
366488318  1 1 PASS
366488318  2 0 AltDetFail
367235822  1 0 ChasesFail
367681735  1 0 AltDetFail
367681735  2 0 AltDetFail
367681735  3 0 AltDetFail
367853806  1 0 ses2MesFail
368040266  1 0 ses2MesFail
368138320  1 1 PASS
368138320  2 0 AltDetFail
371979543  1 0 ChasesFail
372077696  1 1 PASS
372084264  1 0 AltDetFail
372366518  1 0 AltDetFail
372366518  2 0 AltDetFail
373268568  1 1 PASS
373669620  1 1 PASS
375422201  1 0 ses2MesFail
375422201  2 1 PASS
375422201  3 1 PASS
375422201  4 0 SecondaryOfPN_02
375506058  1 1 PASS
377165060  1 0 AltDetFail
377190161  1 0 ses2MesFail
377190161  2 0 newMesBelowThresh
377190161  3 0 newMesShrink
377192659  1 1 PASS
377192659  2 1 PASS
377192675  1 1 PASS
377192675  2 0 SecondaryOfPN_01
377251803  1 0 AltDetFail
377253090  1 0 AltDetFail
377257650  1 1 PASS
377296926  1 0 AltDetFail
377307592  1 1 PASS
377307592  2 0 AltDetFail
377731192  1 1 PASS
377731192  2 0 AltDetFail
377912676  1 1 PASS
378273229  1 0 ses2MesFail
378275454  1 0 ses2MesFail
378275454  2 0 ses2MesFail
378395625  1 0 ses2MesFail
378395625  2 0 AltDetFail
380412757  1 1 PASS
380717159  1 1 PASS
381009148  1 1 PASS
381009497  1 1 PASS
381011161  1 1 PASS
381011161  2 0 SecondaryOfPN_01
383676981  1 1 PASS
389916225  1 1 PASS
389916225  2 0 ses2MesFail
389916225  3 0 AltDetFail
389968535  1 0 ses2MesFail
390021728  1 0 AltDetFail
390021728  2 0 AltDetFail
392536805  1 1 PASS
392536812  1 0 AltDetFail
392536812  2 0 AltDetFail
394131772  1 1 PASS
394881270  1 0 ses2MesFail
399788405  1 1 PASS
399788405  2 0 AltDetFail
399822840  1 1 PASS
399952805  1 1 PASS
400472941  1 0 ses2MesFail
403117476  1 0 newMesBelowThresh
405504882  1 1 PASS
405504882  2 0 newMesShrink
405526704  1 1 PASS
405526704  2 0 ses2MesFail
405526704  3 0 SecondaryOfPN_01
405526704  4 0 SecondaryOfPN_01
405764176  1 0 AltDetFail
406421379  1 0 ses2MesFail
406421379  2 0 ses2MesFail
406484174  1 0 AltDetFail
406926092  1 0 ses2MesFail
406947878  1 0 ses2MesFail
407000096  1 0 ses2MesFail
407000096  2 0 SecondaryOfPN_01
408203470  1 1 PASS
408479509  1 0 ChasesFail
408479509  2 0 ChasesFail
408479509  3 0 ChasesFail
415030187  1 0 ses2MesFail
416195870  1 1 PASS
416264037  1 1 PASS
416264037  2 0 AltDetFail
416635004  1 0 ses2MesFail
417052182  1 1 PASS
417052182  2 0 AltDetFail
417277789  1 0 ChasesFail
417497545  1 0 ses2MesFail
417676216  1 0 AltDetFail
417676216  2 0 AltDetFail
417676622  1 1 PASS
417948359  1 1 PASS
418361542  1 1 PASS
419354107  1 0 AltDetFail
419354107  2 0 AltDetFail
419666455  1 1 PASS
419666455  2 0 AltDetFail
420114772  1 1 PASS
420114772  2 0 SecondaryOfPN_01
420137030  1 0 ses2MesFail
420137341  1 1 PASS
420137341  2 0 SecondaryOfPN_01
421334320  1 1 PASS
421334320  2 0 ses2MesFail
424439457  1 1 PASS
424439457  2 0 SecondaryOfPN_01
424461577  1 0 ses2MesFail
424461577  2 0 AltDetFail
424719589  1 0 ses2MesFail
424719589  2 0 ses2MesFail
424721218  1 0 ses2MesFail
424865156  1 1 PASS
426803687  1 1 PASS
426803687  2 0 ses2MesFail
426803687  3 0 AltDetFail
427041696  1 1 PASS
427041696  2 0 newMesShrink
427041696  3 0 newMesBelowThresh
429044383  1 1 PASS
429044383  2 0 SecondaryOfPN_01
429684827  1 0 AltDetFail
429684827  2 0 AltDetFail
436168322  1 0 ses2MesFail
436168322  2 0 SecondaryOfPN_01
436168322  3 0 SecondaryOfPN_01
441641972  1 1 PASS
441641972  2 0 SecondaryOfPN_01
441687696  1 0 AltDetFail
441687696  2 0 AltDetFail
441690583  1 1 PASS
441690583  2 0 newMesBelowThresh
441690583  3 0 newMesBelowThresh
441694629  1 1 PASS
441694629  2 0 SecondaryOfPN_01
441717812  1 0 ses2MesFail
441717812  2 0 ses2MesFail
441732151  1 1 PASS
441734910  1 0 ses2MesFail
441739153  1 0 ses2MesFail
441739153  2 0 ses2MesFail
441804674  1 1 PASS
441804674  2 0 SecondaryOfPN_01
441804674  3 0 SecondaryOfPN_01
441804674  4 0 ses2MesFail
441804888  1 0 ses2MesFail
441807438  1 0 ses2MesFail
441807438  2 0 ses2MesFail
441808796  1 1 PASS
445836238  1 1 PASS
445859771  1 1 PASS
452544997  1 0 AltDetFail
452563490  1 0 ses2MesFail
452563490  2 0 ses2MesFail
452689159  1 0 AltDetFail
455545990  1 0 ses2MesFail
458461293  1 1 PASS
458478250  1 1 PASS
459969957  1 1 PASS
459978466  1 0 AltDetFail
459978466  2 0 AltDetFail
462573387  1 1 PASS
467179528  1 1 PASS
467186544  1 0 AltDetFail
467186544  2 0 AltDetFail
469460566  1 0 AltDetFail
469463871  1 0 AltDetFail
1400770435  1 1 PASS
1883519478  1 0 ses2MesFail
1883519478  2 0 ses2MesFail
1884067686  1 0 AltDetFail
1944066506  1 0 ses2MesFail
1951845946  1 1 PASS
1957912171  1 0 AltDetFail
1957912171  2 0 AltDetFail
1981303680  1 0 ChasesFail
2003333263  1 0 AltDetFail
