 25132999  1 0 ChasesFail
  2748551  1 0 ses2MesFail
 25155310  1 1 PASS
  3926262  1 0 ChasesFail
 25133286  1 0 ses2MesFail
 16172910  1 0 AltDetFail
 29731593  1 1 PASS
 16288184  1 1 PASS
 16288184  2 1 PASS
 29777922  1 0 AltDetFail
 16753610  1 1 PASS
 29778064  1 1 PASS
 29778064  2 0 AltDetFail
 17055434  1 0 ChasesFail
 29831208  1 1 PASS
 17153995  1 0 AltDetFail
 17153995  2 0 AltDetFail
 29926262  1 1 PASS
 17509396  1 0 ses2MesFail
 29986808  1 1 PASS
 18621876  1 0 AltDetFail
 18621876  2 0 AltDetFail
 29987437  1 0 newMesBelowThresh
 29987437  2 0 ChasesFail
 19053823  1 0 ses2MesFail
 30034081  1 0 ses2MesFail
 30034081  2 0 newMesBelowThresh
 30034081  3 0 newMesShrink
 19651294  1 1 PASS
 30103695  1 1 PASS
 22836043  1 0 ses2MesFail
 30450412  1 1 PASS
 23147531  1 0 ses2MesFail
 30313682  1 0 ses2MesFail
 23756195  1 1 PASS
 30553696  1 1 PASS
 23792490  1 0 ses2MesFail
 30848598  1 0 AltDetFail
 24003713  1 0 ses2MesFail
 31273263  1 0 ses2MesFail
 24069249  1 1 PASS
 31415131  1 0 AltDetFail
 24076561  1 0 ses2MesFail
 31415158  1 1 PASS
 24130764  1 0 newMesShrink
 31511621  1 1 PASS
 24133365  1 0 ses2MesFail
 24133365  2 0 SecondaryOfPN_01
 31529171  1 0 ses2MesFail
 24194061  1 0 ses2MesFail
 24194061  2 0 newMesShrink
 32150630  1 1 PASS
 32150630  2 0 SecondaryOfPN_01
 25078924  1 1 PASS
 25078924  2 0 SecondaryOfPN_01
 30275662  1 1 PASS
 30312676  1 0 ChasesFail
 32959497  1 1 PASS
 33864387  1 0 ChasesFail
 35281513  1 1 PASS
 35349987  1 0 ses2MesFail
 36114961  1 1 PASS
 36594985  1 1 PASS
 38236202  1 1 PASS
 38236202  2 0 AltDetFail
 38236202  3 0 AltDetFail
 38462492  1 1 PASS
 38462522  1 1 PASS
 38494096  1 1 PASS
 38494096  2 0 ChasesFail
 38585053  1 0 ses2MesFail
 38585053  2 0 newMesBelowThresh
 38586438  1 1 PASS
 38597904  1 1 PASS
 38597904  2 0 AltDetFail
 38707340  1 0 AltDetFail
 38707340  2 0 AltDetFail
 38827910  1 0 ses2MesFail
 38842861  1 1 PASS
 38846515  1 1 PASS
 39264033  1 1 PASS
 39645962  1 0 ChasesFail
 40340867  1 1 PASS
 40343782  1 1 PASS
 40749912  1 0 AltDetFail
 41561453  1 1 PASS
 41561453  2 0 SecondaryOfPN_01
 41561453  3 0 SecondaryOfPN_01
 42208475  1 0 ses2MesFail
 42974961  1 0 ses2MesFail
 44475975  1 1 PASS
 44781818  1 1 PASS
 45876104  1 0 ses2MesFail
 46157102  1 0 AltDetFail
 46157102  2 0 AltDetFail
 46338315  1 1 PASS
 47309500  1 0 ses2MesFail
 47309500  2 0 AltDetFail
 47402214  1 1 PASS
 52567021  1 0 AltDetFail
 55269690  1 1 PASS
 55364588  1 1 PASS
 55369125  1 1 PASS
 55404385  1 0 ses2MesFail
 55404385  2 0 SecondaryOfPN_01
 55497281  1 0 ses2MesFail
 55497281  2 0 SecondaryOfPN_01
 55524055  1 1 PASS
 55524055  2 0 SecondaryOfPN_01
 55524055  3 0 ses2MesFail
 55602946  1 1 PASS
 55602946  2 0 SecondaryOfPN_01
 55652785  1 0 ses2MesFail
 55652896  1 1 PASS
 55659311  1 0 ses2MesFail
 55756813  1 0 AltDetFail
 55848818  1 1 PASS
 55848818  2 0 AltDetFail
 55848940  1 0 AltDetFail
 55848940  2 0 AltDetFail
 56004465  1 0 ses2MesFail
 58406077  1 0 ses2MesFail
 58406077  2 0 ses2MesFail
 58482720  1 1 PASS
 58488208  1 1 PASS
 58582428  1 0 ses2MesFail
 58582428  2 0 ChasesFail
 58583881  1 0 ses2MesFail
 58752825  1 1 PASS
 58832313  1 0 newMesBelowThresh
 58832313  2 0 ses2MesFail
 59017926  1 0 ses2MesFail
 59183599  1 0 ChasesFail
 59183599  2 1 PASS
 66818296  1 1 PASS
 66865874  1 1 PASS
 66983185  1 1 PASS
 67173884  1 1 PASS
 67173884  2 0 AltDetFail
 67240043  1 0 ses2MesFail
 67267845  1 0 AltDetFail
 67367816  1 1 PASS
 67368596  1 1 PASS
 67369186  1 1 PASS
 67673203  1 1 PASS
 67822383  1 1 PASS
 67822383  2 0 ses2MesFail
 67824745  1 1 PASS
 67897871  1 0 AltDetFail
 67897871  2 0 AltDetFail
 67897871  3 0 AltDetFail
 67897871  4 0 AltDetFail
 67918692  1 0 ChasesFail
 67982365  1 1 PASS
 67982365  2 0 SecondaryOfPN_01
 68256179  1 0 ses2MesFail
 68326706  1 0 ses2MesFail
 68416596  1 1 PASS
 68416596  2 0 AltDetFail
 68416596  3 0 AltDetFail
 68645477  1 0 ses2MesFail
 68694240  1 1 PASS
 69094113  1 0 ses2MesFail
 69094113  2 0 ses2MesFail
 69420071  1 0 ses2MesFail
 69420071  2 0 ses2MesFail
 69723262  1 0 ses2MesFail
 70966813  1 1 PASS
 70966813  2 0 AltDetFail
 74046141  1 1 PASS
 74188694  1 0 ses2MesFail
 74188694  2 0 ses2MesFail
 74396394  1 1 PASS
 74998547  1 1 PASS
 77468221  1 1 PASS
 77540244  1 1 PASS
 79358659  1 0 ses2MesFail
 79358659  2 0 ses2MesFail
 80358625  1 1 PASS
 84752981  1 0 ChasesFail
 93217008  1 0 ses2MesFail
 93218465  1 0 AltDetFail
 93218465  2 0 AltDetFail
 93699388  1 0 ses2MesFail
 93700013  1 0 ses2MesFail
 93700013  2 0 ses2MesFail
 93705179  1 1 PASS
 94257578  1 1 PASS
 94257578  2 0 SecondaryOfPN_01
 94425232  1 1 PASS
 95000725  1 0 ses2MesFail
 96152143  1 1 PASS
 96157311  1 1 PASS
 96157311  2 0 AltDetFail
 96456050  1 0 newMesShrink
 96671460  1 0 ses2MesFail
 96756148  1 0 AltDetFail
 97014510  1 0 ses2MesFail
 97244278  1 1 PASS
 97440465  1 1 PASS
 98305034  1 0 ses2MesFail
 98468576  1 0 ses2MesFail
 98640290  1 0 newMesBelowThresh
 98900141  1 1 PASS
 98900472  1 0 newMesShrink
 99039842  1 1 PASS
 99041233  1 0 ses2MesFail
 99049425  1 0 ses2MesFail
 99124323  1 1 PASS
 99292788  1 0 ChasesFail
 99324893  1 1 PASS
100190818  1 1 PASS
100310036  1 1 PASS
102643159  1 1 PASS
103640174  1 1 PASS
106321801  1 1 PASS
121757857  1 1 PASS
122645363  1 1 PASS
123519327  1 0 ses2MesFail
124350360  1 1 PASS
124369049  1 0 AltDetFail
124369049  2 0 AltDetFail
124912666  1 1 PASS
125115082  1 1 PASS
125115082  2 0 AltDetFail
125867733  1 0 AltDetFail
125867733  2 0 AltDetFail
125958765  1 0 ChasesFail
130814025  1 1 PASS
131170090  1 1 PASS
131170090  2 0 AltDetFail
133010063  1 0 ses2MesFail
133701671  1 0 ses2MesFail
133701671  2 0 SecondaryOfPN_01
136916387  1 0 ses2MesFail
140659980  1 1 PASS
140659980  2 0 SecondaryOfPN_01
140691463  1 1 PASS
140715180  1 0 AltDetFail
140715180  2 0 AltDetFail
140757590  1 0 AltDetFail
140757590  2 0 AltDetFail
140760434  1 0 ses2MesFail
140830390  1 1 PASS
140891597  1 0 AltDetFail
140891597  2 0 AltDetFail
141096071  1 1 PASS
141124793  1 1 PASS
141268467  1 1 PASS
141268467  2 0 newMesShrink
141333573  1 0 ses2MesFail
141606986  1 1 PASS
141622065  1 0 ses2MesFail
141685465  1 1 PASS
141685465  2 0 SecondaryOfPN_01
141708335  1 1 PASS
141768070  1 1 PASS
141770299  1 0 AltDetFail
141770299  2 0 AltDetFail
141770592  1 1 PASS
141806292  1 1 PASS
141807839  1 0 ses2MesFail
141807839  2 0 ses2MesFail
141809359  1 1 PASS
141865875  1 0 AltDetFail
141943694  1 1 PASS
141978095  1 0 ses2MesFail
141978095  2 0 ses2MesFail
142029327  1 1 PASS
142105299  1 0 ses2MesFail
143938441  1 1 PASS
145516106  1 1 PASS
146928922  1 1 PASS
146928922  2 0 SecondaryOfPN_01
149030418  1 1 PASS
149030418  2 0 SecondaryOfPN_01
149059954  1 0 AltDetFail
149059954  2 0 AltDetFail
149102762  1 1 PASS
149160359  1 0 newMesShrink
149160359  2 0 AltDetFail
149160778  1 0 ses2MesFail
149176080  1 0 AltDetFail
149176080  2 0 AltDetFail
149215262  1 1 PASS
149248196  1 0 ses2MesFail
149248196  2 0 ses2MesFail
149308175  1 0 AltDetFail
149308175  2 0 AltDetFail
149444545  1 1 PASS
149473467  1 0 ses2MesFail
149473467  2 0 AltDetFail
149603524  1 1 PASS
149630160  1 0 ses2MesFail
149990841  1 1 PASS
149992242  1 1 PASS
150031040  1 0 ses2MesFail
150098860  1 1 PASS
150100106  1 1 PASS
150100421  1 0 ChasesFail
150100627  1 0 AltDetFail
150101472  1 1 PASS
150101476  1 1 PASS
150101476  2 0 SecondaryOfPN_01
150101799  1 1 PASS
150145456  1 1 PASS
150145456  2 0 AltDetFail
150166721  1 0 ses2MesFail
150166721  2 0 ChasesFail
150167319  1 0 ses2MesFail
150187916  1 1 PASS
150187916  2 0 SecondaryOfPN_01
150187916  3 1 PASS
150187916  4 0 SecondaryOfPN_03
150273402  1 1 PASS
150300654  1 1 PASS
150300654  2 0 SecondaryOfPN_01
150322340  1 1 PASS
150323334  1 1 PASS
150357064  1 1 PASS
150357290  1 0 ChasesFail
150359982  1 0 ses2MesFail
150361803  1 0 AltDetFail
150361911  1 0 ses2MesFail
150429807  1 0 ses2MesFail
150432211  1 0 ChasesFail
150442264  1 0 ses2MesFail
150442264  2 0 SecondaryOfPN_01
151300352  1 0 ses2MesFail
151300352  2 0 ses2MesFail
151300352  3 0 ChasesFail
151610256  1 1 PASS
152346470  1 0 ses2MesFail
152346470  2 1 PASS
152346470  3 0 ses2MesFail
152377056  1 1 PASS
152377056  2 0 AltDetFail
153810912  1 0 ses2MesFail
154736625  1 0 ChasesFail
157379148  1 0 ses2MesFail
157394675  1 0 ses2MesFail
158903842  1 1 PASS
159803421  1 0 AltDetFail
160367734  1 1 PASS
160367734  2 0 SecondaryOfPN_01
161988269  1 0 ses2MesFail
161988269  2 0 ses2MesFail
163020756  1 0 newMesBelowThresh
166969516  1 0 ChasesFail
166969516  2 0 AltDetFail
167005326  1 1 PASS
167005326  2 0 AltDetFail
167007869  1 1 PASS
167008868  1 0 ses2MesFail
167008868  2 0 ChasesFail
167008868  3 0 ChasesFail
167123841  1 0 AltDetFail
167164631  1 1 PASS
167201539  1 1 PASS
167201539  2 1 PASS
167247123  1 0 ses2MesFail
167303776  1 0 ses2MesFail
167303776  2 1 PASS
167303776  3 1 PASS
167303776  4 0 ChasesFail
167303776  5 0 AltDetFail
167303776  6 0 AltDetFail
167304040  1 0 ses2MesFail
167304040  2 0 ses2MesFail
167338355  1 0 AltDetFail
167338355  2 0 AltDetFail
167344029  1 1 PASS
167344043  1 0 ses2MesFail
167344043  2 0 ses2MesFail
167415965  1 1 PASS
167418903  1 1 PASS
167526477  1 0 ChasesFail
167526485  1 1 PASS
167550778  1 0 ses2MesFail
167570131  1 1 PASS
167602025  1 1 PASS
167602738  1 0 AltDetFail
167602738  2 0 AltDetFail
167656297  1 1 PASS
167692429  1 0 ses2MesFail
167692429  2 0 ses2MesFail
167694820  1 0 AltDetFail
167694820  2 0 AltDetFail
167694820  3 0 AltDetFail
167697604  1 1 PASS
167697604  2 0 SecondaryOfPN_01
167719897  1 1 PASS
167722431  1 0 ses2MesFail
167722431  2 0 SecondaryOfPN_01
167792080  1 1 PASS
167795859  1 1 PASS
167812449  1 1 PASS
167812449  2 0 SecondaryOfPN_01
167890109  1 0 AltDetFail
167890109  2 0 AltDetFail
171898698  1 0 ChasesFail
172608996  1 0 ses2MesFail
172608996  2 0 ses2MesFail
173871956  1 0 newMesShrink
176109599  1 1 PASS
176958076  1 0 AltDetFail
176984236  1 1 PASS
177046404  1 0 newMesShrink
177077475  1 0 ses2MesFail
177118177  1 1 PASS
177118177  2 0 SecondaryOfPN_01
177118376  1 0 AltDetFail
177160057  1 0 AltDetFail
177160057  2 0 AltDetFail
177162886  1 1 PASS
177175199  1 1 PASS
177258700  1 1 PASS
177258700  2 0 AltDetFail
177283727  1 1 PASS
177283727  2 0 SecondaryOfPN_01
177308817  1 0 ses2MesFail
177309964  1 0 AltDetFail
177312861  1 1 PASS
177313167  1 1 PASS
177350401  1 1 PASS
177631209  1 1 PASS
178201756  1 1 PASS
178201756  2 1 PASS
179040607  1 1 PASS
179051609  1 0 ChasesFail
179058103  1 0 ses2MesFail
179304342  1 1 PASS
179308923  1 0 AltDetFail
179317684  1 1 PASS
179380521  1 1 PASS
179637387  1 0 AltDetFail
189084771  1 1 PASS
189084771  2 0 SecondaryOfPN_01
189430890  1 0 ses2MesFail
190372855  1 0 ses2MesFail
190630888  1 0 ses2MesFail
190863171  1 1 PASS
190863171  2 0 AltDetFail
191430151  1 0 AltDetFail
191691348  1 1 PASS
193641523  1 1 PASS
194744695  1 0 ses2MesFail
194819467  1 1 PASS
194819467  2 0 AltDetFail
198076334  1 0 AltDetFail
204875374  1 0 ChasesFail
205106599  1 0 ChasesFail
205106599  2 0 ses2MesFail
206912019  1 1 PASS
206912019  2 0 SecondaryOfPN_01
206912019  3 0 AltDetFail
207034076  1 1 PASS
207034076  2 0 AltDetFail
207264172  1 1 PASS
207693951  1 1 PASS
207693951  2 0 SecondaryOfPN_01
210541258  1 1 PASS
210787500  1 0 ses2MesFail
210787500  2 0 ses2MesFail
210873792  1 1 PASS
211021368  1 1 PASS
211143017  1 0 ses2MesFail
211310047  1 0 ses2MesFail
211459804  1 0 ses2MesFail
211494654  1 1 PASS
212415990  1 1 PASS
212415990  2 0 AltDetFail
212415990  3 0 AltDetFail
212449283  1 1 PASS
212449283  2 0 AltDetFail
212461524  1 1 PASS
213158282  1 0 ChasesFail
213240679  1 0 AltDetFail
213476914  1 0 ses2MesFail
213476914  2 0 ses2MesFail
213514265  1 0 ses2MesFail
213695607  1 1 PASS
213834505  1 1 PASS
213922986  1 1 PASS
213922986  2 0 AltDetFail
214054773  1 0 AltDetFail
214054773  2 0 AltDetFail
214250143  1 1 PASS
214361331  1 1 PASS
214416195  1 1 PASS
214416195  2 0 AltDetFail
214716930  1 0 ses2MesFail
214716930  2 0 ChasesFail
214972970  1 0 ses2MesFail
214972970  2 0 ses2MesFail
214977500  1 0 ses2MesFail
216190934  1 0 newMesShrink
216190934  2 0 newMesShrink
216935214  1 1 PASS
216995338  1 1 PASS
216995338  2 0 SecondaryOfPN_01
217182385  1 0 ses2MesFail
217485538  1 1 PASS
218152299  1 0 ses2MesFail
218263393  1 0 ses2MesFail
218263393  2 0 newMesBelowThresh
218588358  1 0 AltDetFail
218697735  1 1 PASS
218821972  1 1 PASS
218821972  2 0 SecondaryOfPN_01
220397947  1 0 ses2MesFail
220402294  1 1 PASS
220402294  2 0 AltDetFail
220432563  1 0 ses2MesFail
220433363  1 0 ses2MesFail
220433363  2 0 ChasesFail
220433364  1 0 ses2MesFail
220433364  2 1 PASS
220473309  1 0 ChasesFail
220474209  1 1 PASS
220474209  2 0 newMesShrink
220475245  1 1 PASS
221527542  1 1 PASS
222173967  1 1 PASS
222173967  2 0 SecondaryOfPN_01
222720499  1 1 PASS
222945452  1 1 PASS
222945452  2 0 SecondaryOfPN_01
222945452  3 0 AltDetFail
225040372  1 0 ses2MesFail
230029839  1 1 PASS
230690355  1 1 PASS
231081369  1 1 PASS
231093356  1 0 ses2MesFail
233115563  1 1 PASS
233558430  1 1 PASS
233991866  1 0 ses2MesFail
235416087  1 0 AltDetFail
237947691  1 0 AltDetFail
238194430  1 0 ses2MesFail
238196979  1 1 PASS
238196979  2 0 SecondaryOfPN_01
238197638  1 1 PASS
238197709  1 1 PASS
238229705  1 0 ses2MesFail
238932509  1 1 PASS
246074052  1 1 PASS
246074052  2 0 AltDetFail
246119799  1 0 ses2MesFail
246119799  2 0 AltDetFail
246119799  3 0 AltDetFail
246393549  1 1 PASS
246393549  2 0 SecondaryOfPN_01
246991377  1 0 ses2MesFail
247031153  1 1 PASS
247145147  1 1 PASS
247349406  1 1 PASS
247349406  2 0 AltDetFail
247855453  1 1 PASS
247855453  2 0 AltDetFail
247855453  3 0 AltDetFail
247855453  4 0 AltDetFail
247934029  1 1 PASS
248250955  1 1 PASS
254322223  1 0 ses2MesFail
254322223  2 0 ses2MesFail
254487666  1 0 ses2MesFail
254597431  1 0 ses2MesFail
254597431  2 0 ses2MesFail
254597659  1 0 ses2MesFail
254628801  1 0 ses2MesFail
254700590  1 0 ses2MesFail
254740868  1 0 ses2MesFail
254844890  1 0 ChasesFail
254844960  1 0 ChasesFail
254885602  1 0 AltDetFail
254885602  2 0 AltDetFail
254901458  1 0 ChasesFail
255045533  1 1 PASS
255053137  1 0 ses2MesFail
255053137  2 0 ses2MesFail
255262982  1 0 AltDetFail
255319384  1 1 PASS
255350388  1 1 PASS
255350388  2 0 SecondaryOfPN_01
255567460  1 1 PASS
255989698  1 1 PASS
255989698  2 0 SecondaryOfPN_01
256020653  1 1 PASS
256301736  1 0 ses2MesFail
256902444  1 0 ses2MesFail
257737073  1 1 PASS
257737073  2 0 SecondaryOfPN_01
257737073  3 0 AltDetFail
258101273  1 0 ses2MesFail
258497555  1 0 AltDetFail
259731936  1 1 PASS
259731936  2 0 AltDetFail
260003466  1 1 PASS
260043723  1 1 PASS
260128333  1 1 PASS
260160482  1 0 AltDetFail
260161144  1 0 ses2MesFail
260161144  2 0 AltDetFail
260162199  1 0 AltDetFail
260162199  2 0 AltDetFail
260192157  1 1 PASS
260244471  1 1 PASS
260271203  1 1 PASS
260304277  1 1 PASS
260304296  1 1 PASS
260304800  1 1 PASS
260351540  1 0 ses2MesFail
260351540  2 1 PASS
260352096  1 1 PASS
260353507  1 1 PASS
260353507  2 0 AltDetFail
260476837  1 1 PASS
260502102  1 1 PASS
260502102  2 0 SecondaryOfPN_01
260504147  1 0 ses2MesFail
260536927  1 1 PASS
260541250  1 0 AltDetFail
260541250  2 0 AltDetFail
260609205  1 1 PASS
260654645  1 0 AltDetFail
260657291  1 1 PASS
260659986  1 1 PASS
260708271  1 0 ses2MesFail
260984293  1 0 AltDetFail
260984293  2 0 AltDetFail
260985861  1 1 PASS
261089147  1 0 ses2MesFail
261089147  2 0 AltDetFail
261105201  1 0 ses2MesFail
261105201  2 0 SecondaryOfPN_01
261107974  1 1 PASS
261107974  2 0 SecondaryOfPN_01
261136311  1 0 ses2MesFail
261136679  1 1 PASS
261138857  1 0 AltDetFail
261257684  1 1 PASS
261259291  1 0 ses2MesFail
261259291  2 0 AltDetFail
261261490  1 1 PASS
261262721  1 0 AltDetFail
261262721  2 0 AltDetFail
261335113  1 1 PASS
261335113  2 0 SecondaryOfPN_01
261376909  1 0 AltDetFail
261376909  2 0 AltDetFail
261376909  3 0 AltDetFail
261376909  4 0 AltDetFail
261545960  1 0 AltDetFail
261867566  1 1 PASS
263003176  1 1 PASS
263035184  1 0 ses2MesFail
263035184  2 0 AltDetFail
263350818  1 0 ses2MesFail
263385369  1 0 AltDetFail
263668714  1 1 PASS
263952924  1 1 PASS
263977036  1 1 PASS
264855448  1 1 PASS
265179710  1 1 PASS
266271836  1 0 ses2MesFail
267239205  1 1 PASS
267239205  2 0 AltDetFail
269797536  1 0 ses2MesFail
269852699  1 0 ChasesFail
269852699  2 0 AltDetFail
270107026  1 0 ses2MesFail
270507305  1 1 PASS
271594955  1 0 ses2MesFail
271596290  1 1 PASS
271640350  1 1 PASS
271893367  1 1 PASS
271900514  1 0 ses2MesFail
271999940  1 0 AltDetFail
271999940  2 0 AltDetFail
272086159  1 0 ses2MesFail
272086869  1 1 PASS
272086869  2 0 SecondaryOfPN_01
272284933  1 1 PASS
272357134  1 1 PASS
272357134  2 0 SecondaryOfPN_01
272431317  1 1 PASS
272550631  1 0 ses2MesFail
274034106  1 1 PASS
274433672  1 1 PASS
274433672  2 0 SecondaryOfPN_01
276861788  1 1 PASS
276967501  1 0 ses2MesFail
277102246  1 0 ses2MesFail
277108449  1 1 PASS
277300045  1 1 PASS
277539431  1 1 PASS
277539431  2 0 AltDetFail
277634430  1 1 PASS
278036258  1 0 ses2MesFail
278036258  2 0 ses2MesFail
278198753  1 1 PASS
278289141  1 1 PASS
278296621  1 1 PASS
278296621  2 0 SecondaryOfPN_01
278409390  1 0 ses2MesFail
278409392  1 0 ses2MesFail
278477960  1 1 PASS
278542841  1 1 PASS
278542841  2 0 SecondaryOfPN_01
278642297  1 0 ses2MesFail
278683641  1 0 ses2MesFail
278683641  2 0 SecondaryOfPN_01
278683844  1 1 PASS
278729421  1 1 PASS
278822321  1 0 ses2MesFail
278825347  1 1 PASS
278826516  1 1 PASS
278863150  1 1 PASS
278863150  2 0 AltDetFail
278866211  1 1 PASS
278956474  1 1 PASS
278956474  2 1 PASS
278956474  3 0 SecondaryOfPN_02
278956474  4 0 SecondaryOfPN_01
278988794  1 1 PASS
279087522  1 0 ses2MesFail
279089927  1 1 PASS
279089927  2 0 SecondaryOfPN_01
279156705  1 0 ses2MesFail
279156705  2 0 SecondaryOfPN_01
279217728  1 1 PASS
279217728  2 0 ses2MesFail
279251651  1 1 PASS
279319810  1 1 PASS
279319810  2 0 SecondaryOfPN_01
279319810  3 0 ses2MesFail
279322914  1 1 PASS
279323519  1 1 PASS
279323519  2 0 SecondaryOfPN_01
279323859  1 0 AltDetFail
279431011  1 1 PASS
279431011  2 0 AltDetFail
279569707  1 0 ses2MesFail
279569707  2 0 SecondaryOfPN_01
279569718  1 1 PASS
279569718  2 0 SecondaryOfPN_01
279572957  1 0 ses2MesFail
279572957  2 1 PASS
279614617  1 0 ChasesFail
279615956  1 0 AltDetFail
279692257  1 1 PASS
279692257  2 0 SecondaryOfPN_01
279798387  1 1 PASS
279819212  1 0 ses2MesFail
279821618  1 1 PASS
279883855  1 0 ChasesFail
279955276  1 1 PASS
279955276  2 0 AltDetFail
279958827  1 1 PASS
279958827  2 1 PASS
280055342  1 0 AltDetFail
280055342  2 0 AltDetFail
280351891  1 0 ses2MesFail
280352117  1 0 ses2MesFail
280352117  2 1 PASS
280909668  1 0 newMesShrink
281141100  1 1 PASS
281924357  1 1 PASS
281979481  1 1 PASS
282051803  1 0 ses2MesFail
282051803  2 0 SecondaryOfPN_01
282052574  1 0 ses2MesFail
282278844  1 0 ses2MesFail
284783117  1 0 ses2MesFail
286022870  1 0 ses2MesFail
287328866  1 1 PASS
287428184  1 1 PASS
287428184  2 0 SecondaryOfPN_01
287438823  1 0 ses2MesFail
287438823  2 0 ses2MesFail
288027491  1 1 PASS
290410988  1 0 AltDetFail
290550630  1 1 PASS
291235669  1 1 PASS
291235669  2 0 AltDetFail
291320884  1 0 AltDetFail
291320884  2 0 AltDetFail
291451813  1 1 PASS
291651765  1 0 AltDetFail
291651765  2 0 AltDetFail
293148224  1 0 ses2MesFail
293148224  2 0 ses2MesFail
293151358  1 0 ses2MesFail
293151358  2 0 SecondaryOfPN_01
293151358  3 0 AltDetFail
293271581  1 0 AltDetFail
293271581  2 0 AltDetFail
293271581  3 0 AltDetFail
293345927  1 0 AltDetFail
293345927  2 0 AltDetFail
293345927  3 0 AltDetFail
293437214  1 0 ChasesFail
293480903  1 1 PASS
293480903  2 0 SecondaryOfPN_01
293719436  1 1 PASS
293963713  1 0 ses2MesFail
293971867  1 1 PASS
293972244  1 0 ses2MesFail
294059372  1 0 ses2MesFail
294059372  2 0 AltDetFail
294092960  1 1 PASS
294092960  2 0 SecondaryOfPN_01
294092960  3 0 AltDetFail
294092966  1 1 PASS
294092966  2 0 SecondaryOfPN_01
294092966  3 0 AltDetFail
294197236  1 0 ses2MesFail
294200378  1 0 AltDetFail
294206967  1 1 PASS
294206967  2 0 SecondaryOfPN_01
294273900  1 0 ses2MesFail
294273900  2 0 AltDetFail
294754396  1 0 ses2MesFail
294929861  1 1 PASS
294953608  1 0 AltDetFail
294993587  1 1 PASS
295071039  1 0 ses2MesFail
295176393  1 0 ses2MesFail
295600977  1 0 ChasesFail
295899674  1 1 PASS
296264014  1 0 ses2MesFail
296578915  1 1 PASS
296578915  2 0 SecondaryOfPN_01
296578915  3 0 AltDetFail
296578915  4 0 AltDetFail
296672022  1 1 PASS
296672022  2 0 SecondaryOfPN_01
296819795  1 1 PASS
297701617  1 1 PASS
298112357  1 0 AltDetFail
298112357  2 0 AltDetFail
298372701  1 1 PASS
299899924  1 0 AltDetFail
299899924  2 0 AltDetFail
300013489  1 1 PASS
300033585  1 0 AltDetFail
300033585  2 0 AltDetFail
300161053  1 1 PASS
300162674  1 1 PASS
300293197  1 1 PASS
300324638  1 0 ses2MesFail
300446210  1 1 PASS
300446210  2 1 PASS
300446210  3 0 SecondaryOfPN_01
300560295  1 1 PASS
300560295  2 1 PASS
300810086  1 1 PASS
300871376  1 0 AltDetFail
300871376  2 0 AltDetFail
300871376  3 0 AltDetFail
300871545  1 1 PASS
300871545  2 0 SecondaryOfPN_01
300939492  1 1 PASS
301152169  1 1 PASS
301160638  1 1 PASS
301247295  1 0 ses2MesFail
301547937  1 0 ses2MesFail
301547937  2 0 AltDetFail
301547937  3 0 AltDetFail
301842094  1 0 ChasesFail
301842094  2 0 ses2MesFail
301956342  1 1 PASS
301956407  1 1 PASS
301956407  2 0 SecondaryOfPN_01
301956407  3 0 ses2MesFail
302037442  1 0 AltDetFail
302043038  1 1 PASS
302043038  2 0 ses2MesFail
302140455  1 0 AltDetFail
302209741  1 1 PASS
302849952  1 0 AltDetFail
302959739  1 1 PASS
303264387  1 1 PASS
303264387  2 0 AltDetFail
303277487  1 1 PASS
304071827  1 1 PASS
304196197  1 0 AltDetFail
304196197  2 0 AltDetFail
304437284  1 0 ses2MesFail
304486832  1 1 PASS
304844648  1 0 ses2MesFail
304902390  1 1 PASS
305424003  1 1 PASS
306103027  1 1 PASS
306104761  1 1 PASS
306107122  1 0 ses2MesFail
306107122  2 0 SecondaryOfPN_01
306272819  1 1 PASS
306272819  2 0 AltDetFail
306272819  3 0 AltDetFail
306273809  1 1 PASS
306353853  1 0 AltDetFail
306358446  1 0 ses2MesFail
306454254  1 0 AltDetFail
306466421  1 1 PASS
306470921  1 0 AltDetFail
306576384  1 1 PASS
306580215  1 1 PASS
306635088  1 1 PASS
306643277  1 0 AltDetFail
306645591  1 1 PASS
306646972  1 1 PASS
306773798  1 0 AltDetFail
306890368  1 1 PASS
306981513  1 1 PASS
306987941  1 1 PASS
306987941  2 0 AltDetFail
307056527  1 0 AltDetFail
307056527  2 0 AltDetFail
307085577  1 1 PASS
307091504  1 1 PASS
307210830  1 1 PASS
307210830  2 1 PASS
307210830  3 1 PASS
307291318  1 1 PASS
307321757  1 1 PASS
307323609  1 0 AltDetFail
307323609  2 0 AltDetFail
307323738  1 1 PASS
307433122  1 0 ses2MesFail
307488184  1 1 PASS
307488184  2 0 SecondaryOfPN_01
308452910  1 1 PASS
308991822  1 0 ses2MesFail
308991822  2 0 SecondaryOfPN_01
309350921  1 1 PASS
309350921  2 0 SecondaryOfPN_01
309434176  1 0 ses2MesFail
309434176  2 0 ses2MesFail
309617010  1 1 PASS
309619055  1 1 PASS
309619055  2 0 SecondaryOfPN_01
309658221  1 1 PASS
309658984  1 1 PASS
309791057  1 1 PASS
310106386  1 1 PASS
311103813  1 1 PASS
311420180  1 0 ChasesFail
311420180  2 1 PASS
312803013  1 0 ses2MesFail
312803013  2 0 ses2MesFail
314527844  1 1 PASS
314825931  1 0 ChasesFail
316207527  1 1 PASS
316207527  2 0 AltDetFail
316207527  3 0 AltDetFail
317325489  1 0 ChasesFail
318035342  1 1 PASS
318035342  2 0 ses2MesFail
318337089  1 0 ses2MesFail
318337089  2 0 ses2MesFail
319289826  1 1 PASS
319466859  1 0 ChasesFail
322950055  1 0 ses2MesFail
322950055  2 0 ses2MesFail
322950055  3 0 ChasesFail
322950055  4 0 ses2MesFail
323020176  1 1 PASS
323172801  1 0 ses2MesFail
323350447  1 0 ses2MesFail
323354786  1 0 ses2MesFail
323354855  1 0 ChasesFail
323354855  2 0 ChasesFail
323423878  1 1 PASS
323442776  1 0 ses2MesFail
323442776  2 0 SecondaryOfPN_01
323727556  1 1 PASS
323727556  2 0 SecondaryOfPN_01
323968566  1 1 PASS
323968566  2 0 AltDetFail
323968843  1 0 AltDetFail
325526165  1 0 ses2MesFail
325564366  1 1 PASS
325564366  2 0 AltDetFail
326742300  1 1 PASS
327015234  1 0 ses2MesFail
329838443  1 0 ses2MesFail
331961696  1 1 PASS
335376063  1 1 PASS
335376063  2 0 ses2MesFail
336931938  1 0 AltDetFail
336931938  2 0 AltDetFail
337359464  1 0 ChasesFail
337393383  1 0 ses2MesFail
337393383  2 0 ses2MesFail
338248268  1 0 ses2MesFail
338248503  1 0 newMesBelowThresh
338981469  1 1 PASS
339287246  1 1 PASS
339287246  2 0 AltDetFail
339308290  1 0 ses2MesFail
339308290  2 0 ses2MesFail
339566276  1 0 ses2MesFail
339566276  2 0 SecondaryOfPN_01
339566276  3 0 AltDetFail
339633702  1 0 ses2MesFail
339633702  2 0 AltDetFail
339752271  1 1 PASS
339770560  1 0 ChasesFail
340100436  1 1 PASS
340410923  1 0 AltDetFail
340410923  2 0 AltDetFail
340410923  3 0 AltDetFail
340522847  1 1 PASS
340522847  2 0 AltDetFail
340963903  1 0 ses2MesFail
341029467  1 0 ses2MesFail
341029467  2 0 ses2MesFail
341258182  1 0 ses2MesFail
341258182  2 0 SecondaryOfPN_01
341660109  1 0 ChasesFail
341660524  1 0 ses2MesFail
341660524  2 1 PASS
341695745  1 0 AltDetFail
342362414  1 1 PASS
342782002  1 1 PASS
343031995  1 1 PASS
343285974  1 1 PASS
343490143  1 1 PASS
343490143  2 0 AltDetFail
343573964  1 0 AltDetFail
343757299  1 1 PASS
343757299  2 0 SecondaryOfPN_01
346606380  1 0 AltDetFail
347295777  1 0 AltDetFail
347295777  2 0 AltDetFail
347520615  1 0 AltDetFail
348555861  1 1 PASS
348717439  1 0 AltDetFail
348717439  2 0 AltDetFail
348717439  3 0 AltDetFail
348770361  1 1 PASS
348900258  1 0 AltDetFail
348900258  2 0 AltDetFail
348900258  3 0 AltDetFail
349059354  1 0 ses2MesFail
349152048  1 0 ses2MesFail
349154435  1 1 PASS
349154435  2 0 SecondaryOfPN_01
349156098  1 1 PASS
349156098  2 0 AltDetFail
349157164  1 1 PASS
349157164  2 0 AltDetFail
349310205  1 1 PASS
349310205  2 0 AltDetFail
349483495  1 1 PASS
349484636  1 0 AltDetFail
349518145  1 1 PASS
349574148  1 1 PASS
349575563  1 1 PASS
349642881  1 1 PASS
349642881  2 0 SecondaryOfPN_01
349643889  1 0 ses2MesFail
349763482  1 1 PASS
349763482  2 0 SecondaryOfPN_01
349832824  1 0 ses2MesFail
349832824  2 0 newMesShrink
349911034  1 1 PASS
350025490  1 1 PASS
350153977  1 1 PASS
350298314  1 0 ses2MesFail
350442910  1 0 ses2MesFail
350445771  1 1 PASS
350518984  1 0 ses2MesFail
350580526  1 1 PASS
350622185  1 0 AltDetFail
350622185  2 0 AltDetFail
350743714  1 1 PASS
351518773  1 1 PASS
351808240  1 0 AltDetFail
352162554  1 1 PASS
356900912  1 0 ChasesFail
357105141  1 0 ses2MesFail
357105301  1 0 ChasesFail
357203955  1 1 PASS
357567470  1 0 ses2MesFail
357567470  2 0 ses2MesFail
357662316  1 1 PASS
357662316  2 0 SecondaryOfPN_01
357713892  1 1 PASS
357713892  2 0 SecondaryOfPN_01
357911163  1 1 PASS
358022169  1 1 PASS
358022169  2 0 SecondaryOfPN_01
358111274  1 0 ses2MesFail
358176584  1 0 ses2MesFail
358176584  2 0 ses2MesFail
358176584  3 1 PASS
358179405  1 0 AltDetFail
358179405  2 0 AltDetFail
358935454  1 1 PASS
358935454  2 0 AltDetFail
359137193  1 0 ses2MesFail
359356484  1 1 PASS
359357660  1 0 ChasesFail
359641149  1 0 AltDetFail
359641149  2 0 AltDetFail
359641149  3 0 AltDetFail
359766954  1 0 ChasesFail
359766954  2 0 ses2MesFail
359767082  1 0 ses2MesFail
359767082  2 0 ses2MesFail
359767456  1 0 ChasesFail
359892714  1 0 AltDetFail
359987981  1 1 PASS
359987981  2 0 ses2MesFail
359997243  1 1 PASS
360000758  1 0 ses2MesFail
360148823  1 1 PASS
360148823  2 0 ses2MesFail
360148823  3 0 ses2MesFail
360148823  4 1 PASS
360148823  5 1 PASS
360148823  6 1 PASS
360323842  1 0 ses2MesFail
360323842  2 0 ses2MesFail
360339486  1 1 PASS
360339486  2 0 AltDetFail
360571125  1 1 PASS
360571125  2 0 SecondaryOfPN_01
360667618  1 0 ChasesFail
361168660  1 0 ses2MesFail
363265095  1 0 ses2MesFail
363933313  1 1 PASS
363933313  2 0 SecondaryOfPN_01
364017175  1 0 AltDetFail
364017175  2 0 AltDetFail
364107753  1 1 PASS
364200069  1 0 ses2MesFail
364200072  1 0 ses2MesFail
364200513  1 1 PASS
364200608  1 0 ses2MesFail
364302118  1 1 PASS
364325969  1 0 AltDetFail
364325969  2 0 AltDetFail
364588501  1 0 ses2MesFail
364588501  2 1 PASS
367227831  1 1 PASS
367227859  1 1 PASS
368854975  1 1 PASS
368854975  2 0 ses2MesFail
368854975  3 0 ses2MesFail
369327947  1 1 PASS
369369244  1 0 ChasesFail
369818087  1 0 ses2MesFail
370041241  1 1 PASS
370041241  2 0 SecondaryOfPN_01
370101492  1 1 PASS
370101492  2 1 PASS
370101492  3 0 SecondaryOfPN_01
370236000  1 0 AltDetFail
370236000  2 0 AltDetFail
370236000  3 0 AltDetFail
370678161  1 0 ses2MesFail
372515598  1 0 ses2MesFail
372653054  1 1 PASS
372909935  1 1 PASS
373431012  1 0 ChasesFail
373431012  2 0 ses2MesFail
373431012  3 0 ses2MesFail
373918302  1 0 AltDetFail
374447935  1 1 PASS
374648559  1 0 ChasesFail
374732772  1 0 ses2MesFail
374823554  1 0 ses2MesFail
374859582  1 0 AltDetFail
374859582  2 0 AltDetFail
375035936  1 1 PASS
375035936  2 0 AltDetFail
375057226  1 1 PASS
376985426  1 0 AltDetFail
376985426  2 0 AltDetFail
377395178  1 1 PASS
377408464  1 1 PASS
378096497  1 1 PASS
378096497  2 0 AltDetFail
379734909  1 1 PASS
379734909  2 0 ses2MesFail
379806358  1 0 AltDetFail
379865347  1 1 PASS
379865347  2 0 AltDetFail
380079216  1 1 PASS
380464267  1 0 AltDetFail
380464267  2 0 AltDetFail
381285216  1 0 ses2MesFail
381285222  1 0 ses2MesFail
381647722  1 1 PASS
381948745  1 0 ses2MesFail
381949410  1 0 ses2MesFail
381950094  1 0 AltDetFail
381974611  1 1 PASS
381976770  1 1 PASS
381979279  1 0 ses2MesFail
381979901  1 1 PASS
382028425  1 1 PASS
382028425  2 0 SecondaryOfPN_01
382069441  1 1 PASS
382069441  2 0 SecondaryOfPN_01
382198502  1 0 AltDetFail
382256692  1 0 AltDetFail
382256692  2 0 AltDetFail
382266319  1 0 ses2MesFail
382266319  2 0 SecondaryOfPN_01
382517745  1 1 PASS
382517745  2 0 SecondaryOfPN_01
382543452  1 0 ses2MesFail
382624902  1 0 ses2MesFail
382626661  1 1 PASS
382700651  1 0 ses2MesFail
382700651  2 0 ses2MesFail
382794993  1 0 ChasesFail
382874841  1 0 ses2MesFail
383109671  1 1 PASS
383594341  1 1 PASS
383594341  2 0 AltDetFail
383715654  1 0 AltDetFail
383715654  2 0 AltDetFail
384344310  1 0 AltDetFail
384344310  2 0 AltDetFail
384742846  1 0 ses2MesFail
384742846  2 0 SecondaryOfPN_01
384820235  1 1 PASS
384827736  1 0 ses2MesFail
386952124  1 1 PASS
386952124  2 0 AltDetFail
386952124  3 0 AltDetFail
386989382  1 1 PASS
388128308  1 1 PASS
388129029  1 0 AltDetFail
388129029  2 0 AltDetFail
388203226  1 1 PASS
388203226  2 0 AltDetFail
388240837  1 0 ChasesFail
388240837  2 1 PASS
389070884  1 1 PASS
389667572  1 1 PASS
389669796  1 1 PASS
389922504  1 1 PASS
389922504  2 0 SecondaryOfPN_01
391901960  1 0 ChasesFail
391927558  1 0 ses2MesFail
391927558  2 0 AltDetFail
391949880  1 1 PASS
392102549  1 0 ses2MesFail
392322718  1 0 ses2MesFail
392323514  1 0 ses2MesFail
392323519  1 0 ses2MesFail
392325093  1 1 PASS
393491149  1 0 AltDetFail
394241607  1 0 ses2MesFail
394241607  2 1 PASS
394358240  1 0 ses2MesFail
394358240  2 0 newMesBelowThresh
394452884  1 0 AltDetFail
394508465  1 1 PASS
394588234  1 0 ses2MesFail
394657952  1 0 AltDetFail
394658768  1 1 PASS
394658768  2 0 AltDetFail
394698182  1 1 PASS
394698969  1 1 PASS
394698969  2 0 SecondaryOfPN_01
394699148  1 0 AltDetFail
394728064  1 0 ses2MesFail
395118038  1 0 ses2MesFail
395118038  2 1 PASS
395130640  1 0 ChasesFail
395429348  1 1 PASS
395429348  2 0 SecondaryOfPN_01
396004353  1 0 AltDetFail
396004353  2 0 AltDetFail
396004353  3 0 AltDetFail
396655059  1 1 PASS
396655059  2 0 SecondaryOfPN_01
399151944  1 0 ses2MesFail
399151944  2 0 ChasesFail
399151944  3 0 ses2MesFail
399151944  4 0 ses2MesFail
401626459  1 0 ses2MesFail
401626459  2 0 AltDetFail
401820403  1 0 ChasesFail
401820403  2 0 ses2MesFail
401820823  1 0 ses2MesFail
402030332  1 1 PASS
402096125  1 1 PASS
402173302  1 1 PASS
402918060  1 1 PASS
402918064  1 1 PASS
404091542  1 1 PASS
404768019  1 0 ses2MesFail
404804908  1 1 PASS
404851003  1 1 PASS
404927661  1 1 PASS
404927661  2 0 ses2MesFail
405040121  1 0 ses2MesFail
405040121  2 0 ses2MesFail
405077613  1 0 ses2MesFail
406774520  1 1 PASS
406778117  1 1 PASS
406778117  2 0 AltDetFail
406864355  1 0 AltDetFail
406872253  1 0 AltDetFail
406941612  1 1 PASS
406976746  1 1 PASS
407046357  1 0 AltDetFail
407046357  2 0 AltDetFail
407067592  1 1 PASS
407067592  2 0 SecondaryOfPN_01
407091689  1 0 AltDetFail
407091689  2 0 AltDetFail
407126408  1 1 PASS
407147727  1 1 PASS
407147727  2 0 SecondaryOfPN_01
407661994  1 1 PASS
407823917  1 1 PASS
407823917  2 0 SecondaryOfPN_01
407824089  1 0 ses2MesFail
410173987  1 1 PASS
410487677  1 0 AltDetFail
410487677  2 0 AltDetFail
410860364  1 1 PASS
411196218  1 1 PASS
411196218  2 1 PASS
412721957  1 1 PASS
413337672  1 1 PASS
414607269  1 0 ses2MesFail
415937547  1 0 AltDetFail
418253712  1 1 PASS
418295363  1 1 PASS
418471427  1 0 ses2MesFail
418720347  1 0 ses2MesFail
420668268  1 1 PASS
420668268  2 0 AltDetFail
421279374  1 1 PASS
421279374  2 0 AltDetFail
421285598  1 0 ses2MesFail
423100454  1 1 PASS
423220124  1 0 AltDetFail
423987361  1 1 PASS
423987361  2 0 SecondaryOfPN_01
423987361  3 1 PASS
424481065  1 0 ses2MesFail
424481065  2 1 PASS
424481065  3 0 ses2MesFail
425064757  1 0 newMesBelowThresh
425064757  2 0 AltDetFail
425064757  3 0 newMesShrink
426194783  1 1 PASS
426422372  1 1 PASS
426422372  2 0 SecondaryOfPN_01
426452677  1 0 newMesShrink
426497225  1 1 PASS
426497225  2 0 AltDetFail
426541180  1 1 PASS
426541180  2 0 SecondaryOfPN_01
430263572  1 1 PASS
430924152  1 0 newMesBelowThresh
442550265  1 0 ses2MesFail
442567883  1 0 ses2MesFail
442567883  2 0 SecondaryOfPN_01
442567883  3 0 AltDetFail
442571495  1 1 PASS
442571495  2 0 SecondaryOfPN_01
442571495  3 0 AltDetFail
442583304  1 0 ses2MesFail
442583304  2 0 ses2MesFail
442583304  3 0 ses2MesFail
442586321  1 0 ses2MesFail
442623945  1 0 ses2MesFail
442623945  2 0 ses2MesFail
442623945  3 0 ChasesFail
442623945  4 0 ses2MesFail
442689368  1 0 ses2MesFail
442719849  1 0 ses2MesFail
442813719  1 0 ses2MesFail
442829369  1 1 PASS
446850121  1 0 AltDetFail
446872386  1 1 PASS
446872386  2 0 SecondaryOfPN_01
446885705  1 1 PASS
446904698  1 0 ChasesFail
447013978  1 1 PASS
447397562  1 0 ChasesFail
447493530  1 1 PASS
447493530  2 0 SecondaryOfPN_01
447993848  1 0 newMesBelowThresh
447993848  2 0 ses2MesFail
448186109  1 0 ses2MesFail
448513620  1 0 ses2MesFail
448800236  1 0 AltDetFail
448800236  2 0 AltDetFail
448852739  1 1 PASS
448852739  2 0 SecondaryOfPN_01
448853649  1 1 PASS
448912100  1 1 PASS
449067836  1 1 PASS
451497370  1 0 ses2MesFail
451601264  1 1 PASS
452470253  1 1 PASS
452481745  1 0 AltDetFail
452500843  1 1 PASS
452575636  1 1 PASS
452575636  2 0 SecondaryOfPN_01
452591471  1 0 ses2MesFail
452591868  1 0 ses2MesFail
452631268  1 0 ses2MesFail
452632430  1 0 ChasesFail
453094949  1 1 PASS
453095485  1 1 PASS
453095485  2 0 AltDetFail
453095489  1 1 PASS
453097744  1 1 PASS
453097744  2 0 AltDetFail
453216810  1 1 PASS
453216810  2 0 AltDetFail
453237579  1 1 PASS
453319778  1 1 PASS
453322830  1 1 PASS
453588998  1 0 ses2MesFail
453766186  1 0 ses2MesFail
453767182  1 1 PASS
454262852  1 1 PASS
454611617  1 1 PASS
454757744  1 0 AltDetFail
454757744  2 0 AltDetFail
454855280  1 1 PASS
454961345  1 0 ses2MesFail
454961345  2 0 ses2MesFail
455000299  1 0 ses2MesFail
455463415  1 0 ses2MesFail
455463415  2 0 SecondaryOfPN_01
455509774  1 0 ses2MesFail
457957224  1 0 ses2MesFail
457957224  2 0 ChasesFail
457995946  1 0 ses2MesFail
457996506  1 0 ses2MesFail
458177065  1 0 ses2MesFail
461143288  1 1 PASS
461737753  1 1 PASS
461737753  2 0 AltDetFail
462146834  1 0 newMesShrink
462146834  2 0 ses2MesFail
463229791  1 1 PASS
463229791  2 0 ses2MesFail
463386468  1 0 ses2MesFail
465088681  1 0 ChasesFail
466484360  1 1 PASS
