289277328  1 1 PASS
323878236  1 1 PASS
382028425  1 1 PASS
382028425  2 0 SecondaryOfPN_01
311380607  1 0 AltDetFail
303611085  1 1 PASS
303611085  2 1 PASS
198076334  1 0 AltDetFail
292204625  1 0 ses2MesFail
292204625  2 0 ses2MesFail
330287387  1 0 ChasesFail
330287387  2 0 ses2MesFail
 61397786  1 1 PASS
 61397786  2 0 SecondaryOfPN_01
389869955  1 1 PASS
359991588  1 1 PASS
129557086  1 1 PASS
 75873633  1 0 ses2MesFail
 75873633  2 0 ses2MesFail
125924288  1 1 PASS
122076494  1 0 ses2MesFail
454511901  1 1 PASS
735229757  1 0 AltDetFail
735229757  2 0 AltDetFail
322950055  1 0 ses2MesFail
322950055  2 0 ses2MesFail
322950055  3 0 ChasesFail
309155144  1 1 PASS
309714906  1 0 ses2MesFail
149176080  1 0 AltDetFail
149176080  2 0 AltDetFail
383704691  1 0 ses2MesFail
383704691  2 0 ses2MesFail
383704691  3 0 ses2MesFail
329888006  1 1 PASS
371371379  1 1 PASS
309550419  1 0 AltDetFail
309550419  2 0 AltDetFail
471015240  1 0 AltDetFail
382101519  1 0 AltDetFail
382101519  2 0 AltDetFail
255594396  1 1 PASS
255594396  2 0 SecondaryOfPN_01
 99039842  1 1 PASS
443604913  1 1 PASS
443604913  2 0 AltDetFail
241417750  1 1 PASS
130814025  1 1 PASS
127311608  1 0 ses2MesFail
127311608  2 0 ses2MesFail
127311608  3 0 ChasesFail
127311608  4 0 ses2MesFail
150105822  1 1 PASS
307210830  1 1 PASS
307210830  2 1 PASS
307210830  3 1 PASS
258412311  1 0 AltDetFail
148158169  1 0 ses2MesFail
261376909  1 0 AltDetFail
261376909  2 0 AltDetFail
242594123  1 1 PASS
242594123  2 0 ChasesFail
238926969  1 0 AltDetFail
449486448  1 0 ses2MesFail
282330896  1 0 AltDetFail
282330896  2 0 AltDetFail
404851207  1 0 AltDetFail
327650008  1 1 PASS
241739877  1 0 ses2MesFail
 55369219  1 0 ses2MesFail
394561119  1 1 PASS
313174898  1 1 PASS
313174898  2 0 SecondaryOfPN_01
    31122  1 1 PASS
372909935  1 1 PASS
 83936359  1 0 ses2MesFail
270348090  1 1 PASS
418213759  1 0 ses2MesFail
418213759  2 0 newMesShrink
418213759  3 0 newMesShrink
418213759  4 0 newMesShrink
 38634085  1 0 newMesShrink
 38634085  2 0 SecondaryOfPN_01
393360571  1 1 PASS
 47617161  1 1 PASS
438775149  1 0 ses2MesFail
438775149  2 0 ses2MesFail
319219289  1 1 PASS
422566556  1 1 PASS
422566556  2 1 PASS
392557724  1 1 PASS
360670755  1 1 PASS
 24133365  1 0 ses2MesFail
 24133365  2 0 newMesShrink
450420664  1 0 ses2MesFail
450420664  2 0 ses2MesFail
140891597  1 0 AltDetFail
397127102  1 0 ses2MesFail
397127102  2 1 PASS
411614400  1 0 ses2MesFail
396004353  1 0 AltDetFail
396004353  2 0 AltDetFail
396004353  3 0 AltDetFail
300244770  1 0 ChasesFail
302443822  1 0 newMesBelowThresh
 38680052  1 1 PASS
438135575  1 1 PASS
146639038  1 0 AltDetFail
 38459686  1 1 PASS
402726435  1 0 AltDetFail
448165364  1 0 ses2MesFail
149436670  1 1 PASS
149436670  2 0 SecondaryOfPN_01
149436670  3 1 PASS
149436670  4 0 AltDetFail
394562880  1 1 PASS
253132689  1 1 PASS
301087992  1 0 ses2MesFail
358935454  1 1 PASS
358935454  2 0 SecondaryOfPN_01
149004988  1 1 PASS
339108522  1 0 AltDetFail
339108522  2 0 AltDetFail
453766335  1 0 ses2MesFail
396537777  1 0 AltDetFail
396537777  2 0 AltDetFail
396537777  3 0 AltDetFail
396537777  4 0 AltDetFail
166184428  1 1 PASS
274361254  1 0 AltDetFail
302995864  1 0 ses2MesFail
167862308  1 1 PASS
406731362  1 1 PASS
406731362  2 0 SecondaryOfPN_01
276934414  1 0 AltDetFail
 75869558  1 1 PASS
272232401  1 0 ses2MesFail
272232401  2 1 PASS
272232401  3 0 ses2MesFail
272232401  4 1 PASS
272904110  1 1 PASS
272904110  2 0 SecondaryOfPN_01
261202953  1 0 AltDetFail
261202953  2 0 AltDetFail
350274840  1 1 PASS
1023690348  1 0 AltDetFail
323478101  1 1 PASS
323478101  2 0 AltDetFail
449704419  1 1 PASS
449704419  2 1 PASS
260419124  1 0 AltDetFail
260419124  2 0 AltDetFail
372376841  1 1 PASS
372376841  2 0 SecondaryOfPN_01
464846595  1 0 ses2MesFail
464846595  2 0 ses2MesFail
1176782124  1 0 ses2MesFail
 83839151  1 1 PASS
394277816  1 0 ses2MesFail
394277816  2 0 AltDetFail
394277816  3 0 AltDetFail
394277816  4 0 AltDetFail
167696013  1 0 ses2MesFail
253434221  1 1 PASS
374861595  1 1 PASS
276457924  1 1 PASS
460205581  1 1 PASS
  7551387  1 0 AltDetFail
  7551387  2 0 AltDetFail
  7549413  1 0 ses2MesFail
323981906  1 0 ChasesFail
   113883  1 0 ses2MesFail
355303117  1 1 PASS
245068274  1 0 ses2MesFail
245068274  2 0 SecondaryOfPN_01
296278142  1 1 PASS
290215112  1 1 PASS
243430178  1 1 PASS
395181620  1 0 AltDetFail
395181620  2 0 AltDetFail
167208380  1 1 PASS
379717270  1 1 PASS
 98861602  1 0 ses2MesFail
 61446902  1 0 ses2MesFail
303443210  1 0 ses2MesFail
303443210  2 0 ses2MesFail
303443210  3 0 ChasesFail
303443210  4 0 ChasesFail
412904424  1 0 AltDetFail
141871560  1 0 ses2MesFail
141871560  2 0 AltDetFail
357536526  1 1 PASS
242628844  1 0 ses2MesFail
242628844  2 0 ses2MesFail
242628844  3 1 PASS
 48111992  1 0 ses2MesFail
313038875  1 1 PASS
149109912  1 1 PASS
150098860  1 1 PASS
302133793  1 1 PASS
365717153  1 1 PASS
365717153  2 0 SecondaryOfPN_01
376486632  1 0 ses2MesFail
413890807  1 1 PASS
454888671  1 0 AltDetFail
454888671  2 0 AltDetFail
307571165  1 1 PASS
258329658  1 1 PASS
241682179  1 0 AltDetFail
241682179  2 0 AltDetFail
241682179  3 0 AltDetFail
241682179  4 0 AltDetFail
371119381  1 0 AltDetFail
371119381  2 0 AltDetFail
177352893  1 0 ses2MesFail
159490807  1 0 ses2MesFail
348897766  1 0 AltDetFail
 23448486  1 0 ses2MesFail
349647488  1 0 ses2MesFail
349647488  2 0 SecondaryOfPN_01
261754181  1 1 PASS
371803111  1 0 AltDetFail
242323067  1 1 PASS
242323067  2 0 SecondaryOfPN_01
350025488  1 1 PASS
256596287  1 1 PASS
189784898  1 0 AltDetFail
243269466  1 0 AltDetFail
243269466  2 0 AltDetFail
243269466  3 0 AltDetFail
185466937  1 0 AltDetFail
307314350  1 0 ses2MesFail
209834917  1 1 PASS
209834917  2 0 SecondaryOfPN_01
262859209  1 0 AltDetFail
127793615  1 1 PASS
179051609  1 0 ChasesFail
179051609  2 0 ses2MesFail
149639944  1 0 ses2MesFail
243662768  1 1 PASS
363777106  1 0 AltDetFail
243391171  1 1 PASS
243391171  2 0 SecondaryOfPN_01
310556491  1 0 ses2MesFail
310556491  2 0 SecondaryOfPN_01
261956446  1 1 PASS
443658196  1 1 PASS
 99286892  1 1 PASS
381387264  1 1 PASS
242367499  1 0 ses2MesFail
344412752  1 1 PASS
259731936  1 1 PASS
259731936  2 0 AltDetFail
278138619  1 1 PASS
468162834  1 1 PASS
329538966  1 1 PASS
452419843  1 1 PASS
452419843  2 0 SecondaryOfPN_01
  7957665  1 1 PASS
312908709  1 1 PASS
295354126  1 1 PASS
350479496  1 1 PASS
350479496  2 0 SecondaryOfPN_01
359618989  1 0 ses2MesFail
359618989  2 0 AltDetFail
359618989  3 0 AltDetFail
359618989  4 0 AltDetFail
167896870  1 0 ses2MesFail
    52357  1 0 ses2MesFail
    52357  2 0 AltDetFail
392789528  1 0 ses2MesFail
 76706808  1 0 ses2MesFail
242620663  1 1 PASS
242620663  2 0 AltDetFail
302041425  1 1 PASS
302041425  2 0 SecondaryOfPN_01
302041425  3 0 SecondaryOfPN_01
259520803  1 1 PASS
 30034081  1 0 ses2MesFail
 30034081  2 0 newMesShrink
 30034081  3 0 ses2MesFail
440927657  1 0 ses2MesFail
128833743  1 0 newMesBelowThresh
128833743  2 1 PASS
145211449  1 0 ses2MesFail
364424010  1 1 PASS
260502102  1 1 PASS
260502102  2 0 SecondaryOfPN_01
148905216  1 1 PASS
329301718  1 1 PASS
329301718  2 0 AltDetFail
142505974  1 0 ChasesFail
142505974  2 0 SecondaryOfPN_01
 23760148  1 1 PASS
 23760148  2 0 SecondaryOfPN_01
379118953  1 1 PASS
379118953  2 0 SecondaryOfPN_01
404797151  1 0 ChasesFail
256250186  1 1 PASS
256250186  2 0 AltDetFail
272235688  1 1 PASS
150440755  1 0 AltDetFail
148772375  1 0 ChasesFail
443147035  1 1 PASS
225707690  1 0 ChasesFail
468162837  1 1 PASS
306410072  1 1 PASS
149807407  1 0 ChasesFail
369864738  1 1 PASS
243294322  1 1 PASS
242172297  1 1 PASS
242172297  2 0 SecondaryOfPN_01
158978373  1 1 PASS
309403898  1 1 PASS
280667150  1 1 PASS
280667150  2 0 AltDetFail
448186109  1 0 ses2MesFail
448186109  2 0 ses2MesFail
141811446  1 1 PASS
141811446  2 0 SecondaryOfPN_01
261089147  1 0 ses2MesFail
261089147  2 0 newMesShrink
410921432  1 1 PASS
377263958  1 1 PASS
349576089  1 1 PASS
149573659  1 1 PASS
149573659  2 0 SecondaryOfPN_01
149473467  1 0 ses2MesFail
149473467  2 0 AltDetFail
260143379  1 0 AltDetFail
260143379  2 0 AltDetFail
333836103  1 1 PASS
260161144  1 0 ses2MesFail
260161144  2 0 AltDetFail
147786801  1 0 ses2MesFail
149526106  1 1 PASS
149526106  2 0 AltDetFail
241582805  1 1 PASS
141914082  1 0 ses2MesFail
141914082  2 0 ses2MesFail
411731278  1 1 PASS
343424798  1 1 PASS
404970655  1 1 PASS
360205899  1 1 PASS
360205899  2 0 AltDetFail
220405105  1 0 ses2MesFail
231074850  1 1 PASS
231074850  2 0 SecondaryOfPN_01
176874136  1 1 PASS
332600127  1 0 ses2MesFail
332600127  2 0 AltDetFail
166896407  1 1 PASS
166896407  2 0 SecondaryOfPN_01
242588592  1 1 PASS
1004103418  1 0 ses2MesFail
1004103418  2 0 SecondaryOfPN_01
335001355  1 1 PASS
335001355  2 0 SecondaryOfPN_01
338895052  1 1 PASS
307291308  1 1 PASS
148305766  1 0 ses2MesFail
147925015  1 1 PASS
145204835  1 1 PASS
145204835  2 0 SecondaryOfPN_01
145204835  3 0 AltDetFail
383704693  1 0 ses2MesFail
383704693  2 0 ses2MesFail
 23632376  1 1 PASS
400270805  1 1 PASS
320228013  1 1 PASS
320228013  2 0 SecondaryOfPN_01
373843852  1 1 PASS
287584993  1 0 ses2MesFail
287584993  2 0 ChasesFail
287584993  3 1 PASS
179319057  1 1 PASS
 23017313  1 0 AltDetFail
 23017313  2 0 AltDetFail
363255513  1 0 ChasesFail
363255513  2 0 AltDetFail
371098432  1 1 PASS
341972039  1 0 ses2MesFail
 55652896  1 1 PASS
159655365  1 1 PASS
 38827910  1 1 PASS
1175822370  1 0 ses2MesFail
160889020  1 1 PASS
374018378  1 0 ses2MesFail
362123558  1 0 ses2MesFail
362123558  2 0 ses2MesFail
129623324  1 0 AltDetFail
460497990  1 1 PASS
    74178  1 1 PASS
148653543  1 1 PASS
 33832085  1 1 PASS
462014230  1 0 ses2MesFail
167669276  1 1 PASS
349576261  1 0 ses2MesFail
455630863  1 0 AltDetFail
400481508  1 1 PASS
364589441  1 0 newMesBelowThresh
411644771  1 0 ChasesFail
149171698  1 1 PASS
149171698  2 0 AltDetFail
371596233  1 0 AltDetFail
307210445  1 0 ses2MesFail
307210445  2 0 AltDetFail
306510653  1 1 PASS
448069430  1 1 PASS
448069430  2 0 AltDetFail
361958013  1 1 PASS
361958013  2 0 AltDetFail
357105301  1 0 ChasesFail
357105301  2 0 ses2MesFail
452479048  1 0 newMesBelowThresh
452479048  2 0 ses2MesFail
410487677  1 0 AltDetFail
410487677  2 0 AltDetFail
177309964  1 1 PASS
177309964  2 0 AltDetFail
149774834  1 0 ses2MesFail
177077475  1 0 ses2MesFail
452591868  1 0 ChasesFail
  7441558  1 0 ses2MesFail
371451519  1 1 PASS
122057276  1 0 ses2MesFail
122057276  2 0 AltDetFail
359143948  1 0 ChasesFail
   167710  1 0 ses2MesFail
261335869  1 0 ChasesFail
 48229529  1 1 PASS
277634430  1 1 PASS
219194201  1 1 PASS
358463513  1 1 PASS
439670072  1 1 PASS
439670072  2 0 ses2MesFail
257585585  1 0 AltDetFail
257585585  2 0 AltDetFail
174527909  1 0 ses2MesFail
303028157  1 0 AltDetFail
303028157  2 0 AltDetFail
303028157  3 0 AltDetFail
300651846  1 1 PASS
300651846  2 0 SecondaryOfPN_01
300651846  3 0 AltDetFail
193641523  1 1 PASS
  7473539  1 0 ses2MesFail
337359464  1 0 ses2MesFail
198076322  1 1 PASS
198076322  2 0 AltDetFail
340223010  1 1 PASS
302959739  1 1 PASS
418658225  1 1 PASS
917799978  1 1 PASS
917799978  2 0 newMesShrink
260504446  1 0 AltDetFail
260504446  2 0 SecondaryOfPN_01
 54750488  1 1 PASS
 54750488  2 0 SecondaryOfPN_01
466773964  1 0 AltDetFail
243287588  1 0 ses2MesFail
147696253  1 0 ses2MesFail
147696253  2 0 ses2MesFail
122244909  1 0 AltDetFail
122244909  2 0 AltDetFail
 89157148  1 0 ses2MesFail
323292655  1 0 AltDetFail
467947619  1 1 PASS
253451973  1 1 PASS
382188882  1 1 PASS
276793501  1 0 AltDetFail
438638623  1 0 ChasesFail
 61223283  1 0 ses2MesFail
349367583  1 0 ChasesFail
391941900  1 1 PASS
323685105  1 0 ses2MesFail
288598068  1 1 PASS
307610438  1 1 PASS
404797355  1 0 AltDetFail
294930324  1 0 AltDetFail
357040925  1 0 AltDetFail
413285274  1 1 PASS
413285274  2 0 SecondaryOfPN_01
300012172  1 0 ses2MesFail
300012172  2 0 AltDetFail
315806481  1 0 ses2MesFail
315806481  2 1 PASS
160828759  1 0 ChasesFail
308726487  1 0 AltDetFail
220304960  1 0 ses2MesFail
974128107  1 0 ses2MesFail
974128107  2 1 PASS
974128107  3 0 AltDetFail
974128107  4 0 AltDetFail
974128107  5 0 AltDetFail
231799463  1 0 ses2MesFail
149244842  1 1 PASS
260473548  1 0 AltDetFail
277103955  1 1 PASS
 98967356  1 0 ses2MesFail
160214771  1 0 ChasesFail
379783522  1 0 ses2MesFail
167754658  1 1 PASS
454250729  1 1 PASS
454250729  2 0 AltDetFail
308451526  1 1 PASS
453789494  1 1 PASS
309146836  1 0 ses2MesFail
309146836  2 0 ses2MesFail
453464017  1 1 PASS
442623945  1 0 ses2MesFail
442623945  2 0 ses2MesFail
442623945  3 1 PASS
442623945  4 0 ses2MesFail
442623945  5 0 ses2MesFail
148600067  1 0 AltDetFail
148600067  2 0 AltDetFail
309627556  1 1 PASS
425594181  1 1 PASS
327647797  1 1 PASS
327647797  2 0 AltDetFail
390356435  1 1 PASS
350480660  1 1 PASS
316430346  1 0 ses2MesFail
316430346  2 1 PASS
316430346  3 0 ses2MesFail
149990841  1 1 PASS
288971260  1 0 ses2MesFail
288971260  2 0 ses2MesFail
358154354  1 0 AltDetFail
358154354  2 0 AltDetFail
442571495  1 1 PASS
442571495  2 0 SecondaryOfPN_01
442571495  3 0 AltDetFail
404875128  1 0 ses2MesFail
349055915  1 0 ses2MesFail
414291509  1 0 AltDetFail
383531859  1 1 PASS
383531859  2 0 SecondaryOfPN_01
304809203  1 1 PASS
382266319  1 0 AltDetFail
382266319  2 0 AltDetFail
364302118  1 0 newMesShrink
 38467360  1 0 ses2MesFail
 38467360  2 0 newMesShrink
296113066  1 1 PASS
372894789  1 0 AltDetFail
253148023  1 0 AltDetFail
253148023  2 0 AltDetFail
243581050  1 1 PASS
383812154  1 1 PASS
383812154  2 0 AltDetFail
296944238  1 0 AltDetFail
296944238  2 0 AltDetFail
296944238  3 0 AltDetFail
296944238  4 0 AltDetFail
296944238  5 0 AltDetFail
335314692  1 0 ses2MesFail
257776944  1 0 ses2MesFail
257776944  2 0 AltDetFail
257776944  3 0 AltDetFail
225884857  1 0 ses2MesFail
280055342  1 0 AltDetFail
280055342  2 0 AltDetFail
414929408  1 1 PASS
382200986  1 0 ses2MesFail
179609144  1 1 PASS
238932509  1 1 PASS
250427297  1 0 ChasesFail
250427297  2 0 newMesShrink
378804584  1 1 PASS
412540862  1 0 ses2MesFail
271806353  1 1 PASS
298112357  1 0 AltDetFail
298112357  2 0 AltDetFail
  7791094  1 0 ses2MesFail
  7791094  2 0 SecondaryOfPN_01
177631037  1 1 PASS
147809487  1 0 ses2MesFail
179006947  1 0 ChasesFail
140900726  1 1 PASS
129062381  1 0 AltDetFail
381750314  1 1 PASS
381750314  2 0 SecondaryOfPN_01
319936228  1 1 PASS
319936228  2 0 ses2MesFail
150428135  1 0 ses2MesFail
418794892  1 1 PASS
418794892  2 0 SecondaryOfPN_01
254692825  1 1 PASS
254692825  2 0 AltDetFail
398148520  1 1 PASS
278137593  1 0 AltDetFail
397128124  1 1 PASS
278684936  1 1 PASS
413920366  1 1 PASS
294784522  1 0 AltDetFail
294784522  2 0 ChasesFail
294784522  3 0 AltDetFail
278825952  1 0 ses2MesFail
278825952  2 0 ses2MesFail
278825952  3 0 AltDetFail
 25078924  1 1 PASS
 25078924  2 0 SecondaryOfPN_01
 25078924  3 0 AltDetFail
 98921788  1 1 PASS
 98921788  2 0 SecondaryOfPN_01
326170150  1 1 PASS
242111232  1 1 PASS
287355511  1 0 ses2MesFail
287355511  2 0 ses2MesFail
287355511  3 0 AltDetFail
166527623  1 0 ses2MesFail
166527623  2 1 PASS
166527623  3 0 ses2MesFail
310294189  1 1 PASS
316152267  1 0 ses2MesFail
125739286  1 1 PASS
360474354  1 1 PASS
306664945  1 0 ses2MesFail
371098435  1 0 AltDetFail
332011736  1 1 PASS
261867566  1 1 PASS
261010726  1 1 PASS
122932763  1 0 AltDetFail
133701671  1 1 PASS
133701671  2 0 SecondaryOfPN_01
179308939  1 0 AltDetFail
 55497266  1 1 PASS
 55497266  2 0 ses2MesFail
291429783  1 0 AltDetFail
291429783  2 0 AltDetFail
387079085  1 1 PASS
332674122  1 1 PASS
    64267  1 0 ses2MesFail
460244920  1 1 PASS
 98862412  1 0 ses2MesFail
260269456  1 1 PASS
 48227288  1 0 ses2MesFail
 48227288  2 0 SecondaryOfPN_01
 38679390  1 1 PASS
141624659  1 1 PASS
404927661  1 0 ses2MesFail
404927661  2 0 ses2MesFail
 38467100  1 1 PASS
167810285  1 0 ses2MesFail
322552490  1 1 PASS
300560295  1 1 PASS
300560295  2 0 SecondaryOfPN_01
320863824  1 0 ses2MesFail
320863824  2 0 AltDetFail
127439831  1 1 PASS
454859654  1 1 PASS
454859654  2 0 SecondaryOfPN_01
350443417  1 1 PASS
350443417  2 0 newMesShrink
350443417  3 0 AltDetFail
359404038  1 1 PASS
302659412  1 1 PASS
381185646  1 1 PASS
 33878971  1 0 ses2MesFail
180024399  1 0 AltDetFail
180024399  2 0 AltDetFail
405448680  1 1 PASS
405448680  2 0 AltDetFail
253085110  1 0 ChasesFail
260504147  1 1 PASS
  8203033  1 0 AltDetFail
125433832  1 0 AltDetFail
446322711  1 0 ses2MesFail
405805240  1 1 PASS
404064733  1 0 ses2MesFail
360812545  1 0 AltDetFail
360812545  2 0 AltDetFail
350431335  1 1 PASS
350431335  2 0 SecondaryOfPN_01
329656666  1 1 PASS
253425832  1 0 AltDetFail
322811947  1 0 ses2MesFail
320855910  1 0 ses2MesFail
 38586438  1 1 PASS
179193934  1 1 PASS
440885019  1 0 ses2MesFail
452591819  1 1 PASS
306420990  1 1 PASS
306420990  2 0 SecondaryOfPN_01
383763886  1 1 PASS
148087292  1 1 PASS
376985426  1 0 AltDetFail
376985426  2 0 AltDetFail
 44550552  1 1 PASS
 44550552  2 0 ses2MesFail
306773020  1 1 PASS
402227264  1 0 AltDetFail
402227264  2 0 AltDetFail
279088392  1 1 PASS
394816692  1 0 ses2MesFail
242295957  1 0 ses2MesFail
260268898  1 1 PASS
322949743  1 1 PASS
399989113  1 1 PASS
399989113  2 0 SecondaryOfPN_01
179741841  1 1 PASS
302726143  1 1 PASS
306021078  1 1 PASS
313907706  1 0 ses2MesFail
    73478  1 0 ses2MesFail
448336009  1 1 PASS
454291768  1 0 ses2MesFail
279216869  1 0 ses2MesFail
400320132  1 0 newMesBelowThresh
316898097  1 1 PASS
316898097  2 0 SecondaryOfPN_01
394728064  1 0 ChasesFail
273031342  1 1 PASS
339752384  1 0 ChasesFail
339752384  2 0 ses2MesFail
339752384  3 0 AltDetFail
396651131  1 0 ChasesFail
291766513  1 0 ses2MesFail
291766513  2 0 AltDetFail
311328485  1 0 AltDetFail
148312560  1 0 ses2MesFail
142109430  1 0 AltDetFail
382069435  1 0 ses2MesFail
382069435  2 0 SecondaryOfPN_01
382069435  3 0 SecondaryOfPN_01
382069435  4 0 SecondaryOfPN_01
382069435  5 0 AltDetFail
450861969  1 0 AltDetFail
  8423012  1 0 ses2MesFail
338248268  1 1 PASS
453216810  1 1 PASS
453216810  2 0 AltDetFail
190271688  1 1 PASS
190271688  2 0 ses2MesFail
382528174  1 0 AltDetFail
382528174  2 0 AltDetFail
323292484  1 0 ses2MesFail
323292484  2 0 ses2MesFail
323292484  3 1 PASS
390072759  1 1 PASS
371596256  1 0 ses2MesFail
443102233  1 1 PASS
411359725  1 1 PASS
242140438  1 1 PASS
1176133307  1 1 PASS
1176133307  2 0 AltDetFail
411704509  1 0 ses2MesFail
411704509  2 0 SecondaryOfPN_01
411704509  3 0 AltDetFail
404340025  1 1 PASS
296484514  1 1 PASS
296484514  2 0 ses2MesFail
296484514  3 0 AltDetFail
278024057  1 0 ses2MesFail
278024057  2 0 ses2MesFail
308843453  1 1 PASS
388240837  1 0 ses2MesFail
438832923  1 0 AltDetFail
438832923  2 0 AltDetFail
150187916  1 1 PASS
150187916  2 0 SecondaryOfPN_01
150187916  3 0 newMesShrink
150187916  4 0 ses2MesFail
394098627  1 1 PASS
379128266  1 1 PASS
419855341  1 0 ses2MesFail
419855341  2 0 ses2MesFail
419855341  3 0 ses2MesFail
 55746262  1 1 PASS
174214450  1 0 AltDetFail
460984940  1 1 PASS
148218929  1 1 PASS
148218929  2 0 AltDetFail
179966966  1 1 PASS
179966966  2 0 AltDetFail
177118939  1 0 AltDetFail
177118939  2 0 AltDetFail
177118939  3 0 AltDetFail
408147984  1 0 AltDetFail
 83911836  1 0 ses2MesFail
274145115  1 1 PASS
160703925  1 0 ChasesFail
284194837  1 0 AltDetFail
121784072  1 1 PASS
121784072  2 0 ChasesFail
434664688  1 0 ses2MesFail
 23441641  1 0 ses2MesFail
466055538  1 1 PASS
339770560  1 0 ChasesFail
309130165  1 1 PASS
460844584  1 0 ses2MesFail
323880595  1 1 PASS
323354786  1 0 ses2MesFail
314267932  1 1 PASS
314267932  2 0 SecondaryOfPN_01
274109735  1 1 PASS
325584493  1 1 PASS
408139056  1 1 PASS
325112329  1 1 PASS
325112329  2 0 SecondaryOfPN_01
160089427  1 1 PASS
160089427  2 0 SecondaryOfPN_01
159421340  1 0 ses2MesFail
159710402  1 1 PASS
242316748  1 1 PASS
242316748  2 0 SecondaryOfPN_01
242316748  3 0 ses2MesFail
136908542  1 1 PASS
142105158  1 1 PASS
167007869  1 0 ChasesFail
148609887  1 1 PASS
300810086  1 1 PASS
172944200  1 1 PASS
172944200  2 0 AltDetFail
417068600  1 0 AltDetFail
438699027  1 0 AltDetFail
121668539  1 1 PASS
300448520  1 1 PASS
360709162  1 0 ses2MesFail
461042839  1 0 AltDetFail
315035146  1 0 ses2MesFail
461116484  1 1 PASS
278731274  1 0 ses2MesFail
250144006  1 1 PASS
304021498  1 1 PASS
392702098  1 1 PASS
 77469001  1 0 ses2MesFail
272433444  1 0 ChasesFail
162695785  1 1 PASS
140830390  1 1 PASS
309271494  1 0 ChasesFail
309271494  2 0 ChasesFail
220473309  1 0 ses2MesFail
220473309  2 0 ses2MesFail
167572975  1 0 ses2MesFail
398782078  1 0 AltDetFail
398782078  2 0 AltDetFail
324993853  1 1 PASS
270348555  1 0 ses2MesFail
465461999  1 0 AltDetFail
411900341  1 0 ses2MesFail
261401023  1 1 PASS
261401023  2 0 SecondaryOfPN_01
383351449  1 0 AltDetFail
 46817697  1 0 AltDetFail
307852136  1 1 PASS
307852136  2 0 ses2MesFail
307852136  3 0 newMesShrink
307852136  4 0 newMesBelowThresh
 89026133  1 1 PASS
 89026133  2 0 SecondaryOfPN_01
 89026133  3 0 AltDetFail
271123329  1 0 ses2MesFail
400066956  1 0 AltDetFail
400066956  2 1 PASS
400066956  3 0 AltDetFail
400066956  4 0 AltDetFail
993389489  1 0 ses2MesFail
993389489  2 0 AltDetFail
 54075933  1 1 PASS
    49779  1 0 ses2MesFail
349904363  1 0 ses2MesFail
260837727  1 0 AltDetFail
260837727  2 0 AltDetFail
260837727  3 0 AltDetFail
349156098  1 1 PASS
349156098  2 0 SecondaryOfPN_01
242442464  1 1 PASS
395398543  1 0 AltDetFail
395398543  2 0 AltDetFail
278199349  1 1 PASS
280153317  1 0 ses2MesFail
454323762  1 0 ses2MesFail
454323762  2 0 newMesShrink
454323762  3 0 ses2MesFail
454323762  4 0 ChasesFail
453936887  1 1 PASS
453936887  2 0 AltDetFail
277300141  1 1 PASS
735128403  1 0 AltDetFail
735128403  2 0 AltDetFail
167415965  1 1 PASS
395117856  1 1 PASS
312576659  1 0 AltDetFail
312576659  2 0 AltDetFail
312576659  3 0 AltDetFail
312576659  4 0 AltDetFail
399994952  1 1 PASS
313044214  1 1 PASS
 40310458  1 1 PASS
 40310458  2 0 SecondaryOfPN_01
448388317  1 1 PASS
179439014  1 1 PASS
179439014  2 0 SecondaryOfPN_01
300290824  1 0 ChasesFail
300290824  2 0 newMesBelowThresh
149059954  1 0 AltDetFail
149059954  2 0 AltDetFail
438699024  1 0 AltDetFail
309299238  1 1 PASS
309299238  2 0 SecondaryOfPN_01
399969067  1 1 PASS
413337672  1 1 PASS
421472164  1 0 AltDetFail
149118068  1 0 ses2MesFail
149118068  2 0 AltDetFail
323079769  1 0 AltDetFail
307291318  1 1 PASS
307291318  2 0 SecondaryOfPN_01
380695355  1 1 PASS
371188886  1 1 PASS
312962106  1 1 PASS
330857999  1 1 PASS
397791443  1 0 AltDetFail
397791443  2 0 AltDetFail
380480505  1 1 PASS
380480505  2 0 SecondaryOfPN_01
208312914  1 1 PASS
335676632  1 1 PASS
388857263  1 0 ses2MesFail
177635952  1 1 PASS
169475779  1 1 PASS
350520348  1 0 newMesBelowThresh
350520348  2 0 newMesShrink
166414247  1 1 PASS
461143288  1 1 PASS
386872373  1 0 ses2MesFail
255587619  1 1 PASS
272357134  1 1 PASS
272357134  2 0 SecondaryOfPN_01
374518149  1 1 PASS
374518149  2 0 AltDetFail
382980571  1 1 PASS
243475355  1 0 ses2MesFail
243475355  2 0 newMesShrink
260654645  1 0 AltDetFail
260654645  2 0 AltDetFail
260654645  3 0 AltDetFail
139485725  1 1 PASS
179609529  1 1 PASS
243391162  1 1 PASS
219212899  1 0 ses2MesFail
452388538  1 1 PASS
139485616  1 0 newMesBelowThresh
176956893  1 1 PASS
141608198  1 1 PASS
399853374  1 0 ChasesFail
399853374  2 1 PASS
304090823  1 1 PASS
243499565  1 1 PASS
231740019  1 1 PASS
231740019  2 0 SecondaryOfPN_01
349647610  1 0 ChasesFail
150358433  1 1 PASS
453095489  1 1 PASS
453095489  2 0 AltDetFail
140859822  1 0 ses2MesFail
438790188  1 0 ses2MesFail
279615956  1 0 AltDetFail
394241607  1 0 ses2MesFail
129419697  1 1 PASS
 46041992  1 0 ses2MesFail
241709335  1 0 AltDetFail
241709335  2 0 AltDetFail
 54449487  1 0 AltDetFail
 54449487  2 0 AltDetFail
243198007  1 1 PASS
371443216  1 1 PASS
282050293  1 0 ses2MesFail
282050293  2 0 AltDetFail
150442264  1 1 PASS
150442264  2 0 SecondaryOfPN_01
150442264  3 0 SecondaryOfPN_01
150442264  4 0 ses2MesFail
150442264  5 0 ses2MesFail
276453848  1 0 ses2MesFail
370868125  1 1 PASS
370868125  2 0 AltDetFail
186902199  1 0 ses2MesFail
429516602  1 1 PASS
243506007  1 1 PASS
260636730  1 0 ChasesFail
260636730  2 0 newMesShrink
410654298  1 0 ses2MesFail
399022128  1 0 ses2MesFail
167418903  1 1 PASS
  7868082  1 0 ses2MesFail
129778070  1 0 AltDetFail
129778070  2 0 AltDetFail
129778070  3 0 AltDetFail
439168784  1 0 ses2MesFail
439168784  2 0 newMesShrink
439168784  3 0 AltDetFail
439168784  4 0 AltDetFail
402096125  1 0 ses2MesFail
186690445  1 0 ses2MesFail
186690445  2 0 ses2MesFail
364395234  1 1 PASS
364395234  2 1 PASS
136274063  1 1 PASS
271795511  1 1 PASS
396653520  1 1 PASS
302373103  1 0 newMesShrink
302373103  2 0 AltDetFail
391903064  1 0 ChasesFail
327741622  1 0 AltDetFail
278415929  1 1 PASS
261089844  1 0 AltDetFail
261089844  2 0 AltDetFail
261089844  3 0 AltDetFail
397577473  1 1 PASS
242402846  1 0 AltDetFail
242402846  2 0 AltDetFail
272167060  1 1 PASS
250185862  1 1 PASS
294911443  1 1 PASS
410662434  1 1 PASS
191327580  1 1 PASS
377658867  1 0 AltDetFail
377658867  2 0 AltDetFail
150429807  1 0 ses2MesFail
281757097  1 1 PASS
281757097  2 0 AltDetFail
369880022  1 0 AltDetFail
127091856  1 1 PASS
127091856  2 0 AltDetFail
149298138  1 0 AltDetFail
149298138  2 0 AltDetFail
271891552  1 1 PASS
348839788  1 0 ses2MesFail
438628169  1 1 PASS
241532550  1 1 PASS
125990857  1 0 ses2MesFail
313054196  1 1 PASS
370440624  1 0 newMesShrink
370440624  2 0 ses2MesFail
370440624  3 0 SecondaryOfPN_02
370440624  4 0 SecondaryOfPN_01
370440624  5 0 AltDetFail
370440624  6 0 AltDetFail
302444319  1 1 PASS
448438719  1 0 newMesBelowThresh
147817271  1 0 ses2MesFail
350563998  1 0 AltDetFail
350563998  2 0 AltDetFail
 38842861  1 0 AltDetFail
467368706  1 0 ses2MesFail
176874062  1 1 PASS
176874062  2 0 SecondaryOfPN_01
309485800  1 1 PASS
149060456  1 0 ses2MesFail
452501234  1 0 newMesShrink
160486013  1 1 PASS
127382459  1 1 PASS
 89206454  1 0 ses2MesFail
219205407  1 1 PASS
1159846786  1 0 ses2MesFail
326173914  1 1 PASS
148824066  1 1 PASS
148824066  2 0 SecondaryOfPN_01
148824066  3 0 newMesShrink
270507305  1 1 PASS
322098744  1 1 PASS
322098744  2 0 AltDetFail
360630575  1 1 PASS
149481745  1 0 AltDetFail
149481745  2 0 AltDetFail
260003467  1 1 PASS
402675246  1 1 PASS
402675246  2 0 SecondaryOfPN_01
359641042  1 0 ses2MesFail
359641042  2 0 ses2MesFail
357662316  1 1 PASS
357662316  2 0 SecondaryOfPN_01
260298958  1 1 PASS
147881799  1 0 ChasesFail
389926045  1 1 PASS
389926045  2 0 AltDetFail
448442236  1 0 ses2MesFail
149771158  1 1 PASS
457204720  1 1 PASS
304299578  1 0 AltDetFail
  8008612  1 0 ses2MesFail
  8008612  2 0 AltDetFail
300561485  1 0 ses2MesFail
323350241  1 0 ChasesFail
446784098  1 1 PASS
310198518  1 0 ses2MesFail
375310963  1 0 ses2MesFail
442382439  1 0 AltDetFail
442382439  2 0 AltDetFail
290678703  1 1 PASS
290678703  2 1 PASS
290678703  3 1 PASS
300741820  1 0 AltDetFail
300741820  2 0 AltDetFail
359107805  1 1 PASS
242247435  1 1 PASS
242247435  2 0 SecondaryOfPN_01
 29778064  1 0 ses2MesFail
 29778064  2 0 AltDetFail
394918211  1 1 PASS
350298319  1 0 ses2MesFail
 76702258  1 0 ses2MesFail
338465029  1 0 ses2MesFail
260162387  1 0 ses2MesFail
260162387  2 0 ses2MesFail
 55497265  1 1 PASS
 89068918  1 0 ses2MesFail
 54892864  1 0 ChasesFail
 54892864  2 0 ChasesFail
177631209  1 1 PASS
167201539  1 1 PASS
167201539  2 0 SecondaryOfPN_01
325172035  1 1 PASS
179253444  1 1 PASS
300141210  1 1 PASS
300141210  2 0 SecondaryOfPN_01
150068381  1 0 ses2MesFail
150068381  2 0 AltDetFail
329064084  1 1 PASS
453754190  1 1 PASS
453754190  2 0 AltDetFail
454790725  1 1 PASS
454790725  2 0 ses2MesFail
400323948  1 1 PASS
243192504  1 1 PASS
243192504  2 0 SecondaryOfPN_01
243192504  3 1 PASS
243192504  4 0 AltDetFail
404144841  1 1 PASS
270472265  1 1 PASS
399492452  1 0 ses2MesFail
399492452  2 0 ses2MesFail
399492452  3 1 PASS
368723998  1 1 PASS
368723998  2 0 AltDetFail
349273278  1 0 AltDetFail
300293197  1 1 PASS
220476782  1 0 AltDetFail
220476782  2 0 AltDetFail
209241947  1 0 ses2MesFail
467316701  1 1 PASS
322764257  1 1 PASS
148152192  1 0 AltDetFail
262126225  1 1 PASS
262126225  2 0 ses2MesFail
314232607  1 1 PASS
261259291  1 0 ses2MesFail
261259291  2 0 SecondaryOfPN_01
261259291  3 0 newMesBelowThresh
278863611  1 1 PASS
278863611  2 0 ses2MesFail
278863611  3 0 AltDetFail
418794680  1 1 PASS
1005005438  1 1 PASS
140659978  1 1 PASS
140659978  2 0 SecondaryOfPN_01
467485829  1 1 PASS
440870231  1 0 ses2MesFail
394589198  1 0 ses2MesFail
 43724169  1 1 PASS
 43724169  2 1 PASS
272466980  1 0 AltDetFail
271220795  1 0 AltDetFail
440817830  1 1 PASS
440817830  2 1 PASS
395181648  1 0 ses2MesFail
307084982  1 1 PASS
307084982  2 0 SecondaryOfPN_01
461737753  1 1 PASS
461737753  2 0 AltDetFail
159930156  1 0 ses2MesFail
159930156  2 0 ses2MesFail
159930156  3 0 ses2MesFail
396420159  1 1 PASS
396420159  2 0 AltDetFail
287638396  1 0 AltDetFail
287638396  2 0 AltDetFail
287638396  3 0 AltDetFail
391925531  1 0 ses2MesFail
357299790  1 1 PASS
357299790  2 0 SecondaryOfPN_01
150431920  1 1 PASS
 23201702  1 0 ses2MesFail
 40340867  1 1 PASS
323341780  1 1 PASS
306576958  1 1 PASS
261993765  1 1 PASS
1176830815  1 0 ses2MesFail
 54811224  1 0 ses2MesFail
309659124  1 0 AltDetFail
282051790  1 0 ses2MesFail
312410638  1 1 PASS
312410638  2 0 SecondaryOfPN_01
312410638  3 0 AltDetFail
308146525  1 1 PASS
454493113  1 0 AltDetFail
441171967  1 1 PASS
440995893  1 1 PASS
440995893  2 0 AltDetFail
468095832  1 1 PASS
303217455  1 1 PASS
359767456  1 0 ses2MesFail
273026743  1 0 ses2MesFail
273026743  2 0 SecondaryOfPN_01
263211771  1 0 AltDetFail
259019958  1 1 PASS
 55601705  1 1 PASS
466945788  1 1 PASS
242120884  1 1 PASS
448313205  1 1 PASS
438600110  1 1 PASS
438600110  2 0 SecondaryOfPN_01
438600110  3 0 AltDetFail
323680311  1 1 PASS
358460464  1 1 PASS
358460464  2 0 SecondaryOfPN_01
307783750  1 1 PASS
307783750  2 0 SecondaryOfPN_01
287215989  1 0 ses2MesFail
421549145  1 1 PASS
294328887  1 1 PASS
294328887  2 0 SecondaryOfPN_01
294328887  3 0 AltDetFail
291651765  1 1 PASS
291651765  2 0 AltDetFail
381949410  1 0 ses2MesFail
260891473  1 1 PASS
171607812  1 0 newMesBelowThresh
260353507  1 1 PASS
260353507  2 0 AltDetFail
307290964  1 0 ses2MesFail
280675564  1 0 ses2MesFail
306828113  1 1 PASS
 31273263  1 0 ses2MesFail
294273900  1 0 AltDetFail
257383864  1 1 PASS
257383864  2 1 PASS
128453434  1 0 ses2MesFail
388105497  1 0 AltDetFail
388105497  2 0 AltDetFail
388105497  3 0 AltDetFail
140691463  1 1 PASS
254384111  1 1 PASS
254384111  2 0 AltDetFail
220435095  1 1 PASS
 23255952  1 0 ses2MesFail
271274326  1 1 PASS
271274326  2 0 AltDetFail
457185838  1 0 ses2MesFail
241629469  1 0 ses2MesFail
260131643  1 0 AltDetFail
238914789  1 0 AltDetFail
377022512  1 1 PASS
259226909  1 1 PASS
280909668  1 0 newMesShrink
260043723  1 1 PASS
448852739  1 1 PASS
448852739  2 0 SecondaryOfPN_01
339308290  1 1 PASS
339308290  2 0 SecondaryOfPN_01
150273402  1 1 PASS
140758953  1 0 ses2MesFail
219196506  1 1 PASS
189931058  1 0 AltDetFail
302037442  1 0 AltDetFail
302037442  2 0 AltDetFail
150320620  1 1 PASS
    60583  1 0 ses2MesFail
 25155310  1 1 PASS
295858238  1 1 PASS
295858238  2 0 AltDetFail
277108449  1 1 PASS
453625820  1 1 PASS
453625820  2 0 SecondaryOfPN_01
309371306  1 1 PASS
376027411  1 1 PASS
337368060  1 1 PASS
337368060  2 0 SecondaryOfPN_01
466451695  1 1 PASS
466451695  2 1 PASS
389669796  1 1 PASS
 83495651  1 0 ses2MesFail
179308923  1 1 PASS
179308923  2 0 SecondaryOfPN_01
160708862  1 1 PASS
370227221  1 0 ses2MesFail
370227221  2 1 PASS
317297606  1 0 newMesBelowThresh
329316212  1 0 ChasesFail
332118197  1 1 PASS
 60768924  1 1 PASS
242304187  1 1 PASS
242595135  1 1 PASS
242595135  2 0 ChasesFail
394896142  1 0 ses2MesFail
271278742  1 1 PASS
357023705  1 0 ses2MesFail
376424857  1 0 newMesShrink
376424857  2 0 SecondaryOfPN_01
167554898  1 1 PASS
146350469  1 1 PASS
242273353  1 1 PASS
179790704  1 0 ses2MesFail
450918869  1 0 ses2MesFail
327924174  1 1 PASS
327924174  2 0 SecondaryOfPN_01
261570990  1 1 PASS
261570990  2 0 AltDetFail
303443247  1 0 ses2MesFail
381974193  1 0 ses2MesFail
436382800  1 0 ses2MesFail
149073617  1 1 PASS
241655722  1 1 PASS
241655722  2 0 AltDetFail
244882956  1 0 ChasesFail
244882956  2 0 ses2MesFail
 98964307  1 1 PASS
140580579  1 0 ses2MesFail
140580579  2 0 SecondaryOfPN_01
141663464  1 1 PASS
299314463  1 1 PASS
299314463  2 0 AltDetFail
314724818  1 1 PASS
314724818  2 0 SecondaryOfPN_01
 30275662  1 1 PASS
147743978  1 0 ses2MesFail
377263944  1 1 PASS
377263944  2 0 SecondaryOfPN_01
420636075  1 1 PASS
336278309  1 0 AltDetFail
448517318  1 1 PASS
374910314  1 0 ses2MesFail
429382046  1 1 PASS
242238486  1 1 PASS
242238486  2 0 AltDetFail
242238486  3 0 AltDetFail
983240328  1 0 ses2MesFail
379329149  1 0 ses2MesFail
333745188  1 1 PASS
333745188  2 0 ses2MesFail
219164846  1 1 PASS
335667409  1 0 ses2MesFail
335667409  2 0 SecondaryOfPN_01
335667409  3 0 AltDetFail
257589689  1 1 PASS
128449971  1 1 PASS
254364517  1 1 PASS
243265638  1 0 ses2MesFail
274359490  1 1 PASS
 41483281  1 0 AltDetFail
 41483281  2 0 AltDetFail
 41483281  3 0 AltDetFail
166388351  1 0 ses2MesFail
166388351  2 0 ses2MesFail
278198753  1 1 PASS
107546467  1 0 ses2MesFail
438777610  1 0 AltDetFail
150442268  1 1 PASS
150442268  2 0 SecondaryOfPN_01
125080827  1 1 PASS
245132906  1 0 AltDetFail
245132906  2 0 AltDetFail
245132906  3 0 AltDetFail
166324888  1 0 AltDetFail
275781213  1 0 AltDetFail
 22959701  1 0 ses2MesFail
121856754  1 0 ses2MesFail
121856754  2 0 SecondaryOfPN_01
126973308  1 1 PASS
300323829  1 1 PASS
296358487  1 1 PASS
296358487  2 0 AltDetFail
242536549  1 1 PASS
313174125  1 0 AltDetFail
149771878  1 1 PASS
394239801  1 0 ses2MesFail
394239801  2 0 SecondaryOfPN_01
330147511  1 0 AltDetFail
  7590917  1 0 ses2MesFail
 23562487  1 1 PASS
260476837  1 1 PASS
343709282  1 1 PASS
358870376  1 1 PASS
241877818  1 0 AltDetFail
378885645  1 1 PASS
378885645  2 0 ses2MesFail
269797536  1 0 ChasesFail
438641803  1 0 ChasesFail
  7439481  1 1 PASS
303547792  1 1 PASS
320851362  1 1 PASS
320851362  2 0 AltDetFail
405700729  1 1 PASS
 44662107  1 1 PASS
438838902  1 0 ses2MesFail
438838902  2 1 PASS
438838902  3 0 AltDetFail
238925893  1 1 PASS
327166211  1 1 PASS
327166211  2 0 SecondaryOfPN_01
 25118964  1 0 ses2MesFail
464901555  1 1 PASS
261802074  1 1 PASS
261802074  2 0 AltDetFail
440887364  1 1 PASS
440887364  2 1 PASS
 30848598  1 1 PASS
335376063  1 0 ses2MesFail
333029653  1 0 AltDetFail
333029653  2 0 AltDetFail
 48315020  1 1 PASS
 48315020  2 0 SecondaryOfPN_01
260985861  1 1 PASS
149487875  1 1 PASS
149487875  2 0 SecondaryOfPN_01
325980188  1 1 PASS
325980188  2 0 SecondaryOfPN_01
 55269690  1 0 ChasesFail
142015852  1 0 ses2MesFail
312621168  1 0 ses2MesFail
312621168  2 0 AltDetFail
309598681  1 1 PASS
309598681  2 0 AltDetFail
453416841  1 0 ses2MesFail
453416841  2 1 PASS
318269941  1 0 ses2MesFail
242126596  1 1 PASS
242328834  1 0 ses2MesFail
242328834  2 0 ses2MesFail
313829900  1 1 PASS
313829900  2 0 SecondaryOfPN_01
460102290  1 1 PASS
148158540  1 0 AltDetFail
242562241  1 1 PASS
149539114  1 0 ses2MesFail
383109671  1 1 PASS
394915583  1 1 PASS
313831611  1 1 PASS
466765143  1 1 PASS
337713834  1 0 AltDetFail
440813098  1 1 PASS
324395151  1 1 PASS
405754448  1 0 ses2MesFail
405754448  2 0 AltDetFail
405754448  3 0 AltDetFail
405754448  4 0 AltDetFail
295562522  1 1 PASS
 89069027  1 1 PASS
127955334  1 1 PASS
127955334  2 0 SecondaryOfPN_01
313526034  1 0 AltDetFail
406506263  1 0 AltDetFail
388672832  1 0 ses2MesFail
150101472  1 1 PASS
150101472  2 0 SecondaryOfPN_01
160059092  1 0 ses2MesFail
160059092  2 0 ses2MesFail
160059092  3 1 PASS
262154810  1 0 AltDetFail
262154810  2 0 AltDetFail
281582156  1 0 ses2MesFail
281582156  2 0 ses2MesFail
303777241  1 1 PASS
303777241  2 0 SecondaryOfPN_01
 54595692  1 0 ses2MesFail
276348995  1 1 PASS
209707952  1 1 PASS
209707952  2 0 SecondaryOfPN_01
 66818296  1 1 PASS
270429780  1 1 PASS
270429780  2 0 AltDetFail
338464960  1 0 ses2MesFail
456984116  1 1 PASS
142513212  1 1 PASS
142513212  2 0 AltDetFail
121554775  1 0 ses2MesFail
309659126  1 0 AltDetFail
 83914837  1 0 AltDetFail
 83914837  2 0 AltDetFail
 83914837  3 0 AltDetFail
 83914837  4 0 AltDetFail
 83914837  5 0 AltDetFail
 83914837  6 0 AltDetFail
260351540  1 0 ses2MesFail
260351540  2 0 ses2MesFail
392789534  1 0 ses2MesFail
396368313  1 1 PASS
455430360  1 0 ses2MesFail
455430360  2 0 AltDetFail
271799457  1 1 PASS
288712144  1 0 newMesShrink
288712144  2 0 AltDetFail
406047945  1 1 PASS
167119957  1 1 PASS
167119957  2 0 AltDetFail
448889664  1 1 PASS
149247198  1 1 PASS
382626661  1 1 PASS
412377174  1 1 PASS
412377174  2 0 AltDetFail
356675238  1 1 PASS
160635896  1 1 PASS
380486560  1 1 PASS
390363092  1 0 AltDetFail
172937278  1 0 AltDetFail
370745311  1 1 PASS
370745311  2 1 PASS
370745311  3 0 AltDetFail
454264443  1 0 ses2MesFail
468130429  1 1 PASS
241594233  1 1 PASS
241594233  2 0 AltDetFail
150437346  1 1 PASS
241463276  1 0 ses2MesFail
392024925  1 1 PASS
261335113  1 1 PASS
261335113  2 0 SecondaryOfPN_01
140635111  1 1 PASS
149603524  1 1 PASS
241750015  1 0 ses2MesFail
295911223  1 1 PASS
295911223  2 0 ses2MesFail
401675210  1 0 ses2MesFail
401675210  2 0 SecondaryOfPN_01
401675210  3 0 AltDetFail
401675210  4 0 AltDetFail
401675210  5 0 AltDetFail
438790187  1 0 ChasesFail
179058103  1 0 ses2MesFail
122291862  1 1 PASS
122291862  2 0 AltDetFail
1003231665  1 0 AltDetFail
1003231665  2 0 AltDetFail
133702204  1 1 PASS
133702204  2 0 SecondaryOfPN_01
393491149  1 0 AltDetFail
253302516  1 0 ses2MesFail
253302516  2 0 SecondaryOfPN_01
258407237  1 1 PASS
438733975  1 1 PASS
438733975  2 0 ses2MesFail
127249954  1 1 PASS
 99126646  1 0 AltDetFail
 90152998  1 1 PASS
 90152998  2 0 AltDetFail
260353841  1 1 PASS
260353841  2 0 AltDetFail
193413306  1 1 PASS
 38469354  1 0 ses2MesFail
278477960  1 1 PASS
397346299  1 1 PASS
397346299  2 0 SecondaryOfPN_01
356522323  1 0 AltDetFail
311327881  1 0 ses2MesFail
242286588  1 1 PASS
323485429  1 1 PASS
186896477  1 0 ses2MesFail
316380301  1 1 PASS
452521611  1 1 PASS
338981469  1 1 PASS
450690604  1 1 PASS
450690604  2 1 PASS
260972843  1 0 AltDetFail
260972843  2 0 AltDetFail
141334293  1 0 ses2MesFail
306560367  1 1 PASS
 54661425  1 1 PASS
 54661425  2 0 AltDetFail
122162363  1 1 PASS
314248004  1 0 ses2MesFail
314248004  2 0 SecondaryOfPN_01
373915220  1 1 PASS
373915220  2 0 SecondaryOfPN_01
148609257  1 1 PASS
237922465  1 1 PASS
243423596  1 0 AltDetFail
 23266205  1 0 ses2MesFail
 23266205  2 0 AltDetFail
 23266205  3 0 AltDetFail
331521972  1 1 PASS
331521972  2 0 SecondaryOfPN_01
141187075  1 1 PASS
358176584  1 0 newMesShrink
358176584  2 0 ChasesFail
360945306  1 1 PASS
399642075  1 1 PASS
356747847  1 1 PASS
309257814  1 1 PASS
309257814  2 1 PASS
 35905913  1 1 PASS
147924002  1 1 PASS
276860175  1 0 ChasesFail
453515748  1 0 ses2MesFail
260372062  1 0 ChasesFail
 23195390  1 1 PASS
 23195390  2 0 SecondaryOfPN_01
400342125  1 1 PASS
271725674  1 0 newMesBelowThresh
324122526  1 0 AltDetFail
149109861  1 1 PASS
149109861  2 0 ses2MesFail
149109861  3 0 SecondaryOfPN_01
149109861  4 0 AltDetFail
349408306  1 1 PASS
349408306  2 0 SecondaryOfPN_01
341787179  1 0 ses2MesFail
329012708  1 1 PASS
 75490265  1 1 PASS
 75490265  2 0 SecondaryOfPN_01
219155856  1 1 PASS
395182898  1 1 PASS
395182898  2 0 SecondaryOfPN_01
395182898  3 0 ses2MesFail
395182898  4 0 ses2MesFail
260417932  1 1 PASS
370236000  1 0 AltDetFail
370236000  2 0 AltDetFail
141768070  1 1 PASS
140945145  1 0 ses2MesFail
305751503  1 1 PASS
144638835  1 1 PASS
460680743  1 1 PASS
460680743  2 0 AltDetFail
127089264  1 0 ChasesFail
127089264  2 0 ses2MesFail
149291634  1 0 AltDetFail
  7958041  1 0 AltDetFail
260505914  1 1 PASS
361158915  1 1 PASS
443665153  1 1 PASS
443665153  2 0 ses2MesFail
457463263  1 1 PASS
405911276  1 0 ses2MesFail
405911276  2 0 AltDetFail
405911276  3 0 AltDetFail
281166560  1 0 ChasesFail
369779127  1 0 ses2MesFail
160578764  1 1 PASS
 31529035  1 0 ses2MesFail
 31529035  2 0 newMesShrink
     1886  1 1 PASS
219164819  1 1 PASS
442830360  1 0 AltDetFail
442830360  2 0 AltDetFail
309203777  1 0 AltDetFail
309203777  2 0 AltDetFail
309203777  3 0 AltDetFail
167526485  1 1 PASS
 66751677  1 0 ChasesFail
 66751677  2 1 PASS
 66751677  3 0 ses2MesFail
 66751677  4 0 AltDetFail
 40518041  1 0 ses2MesFail
 40518041  2 1 PASS
278409390  1 0 ses2MesFail
278409390  2 0 newMesShrink
278409390  3 0 ses2MesFail
442807621  1 1 PASS
442807621  2 0 AltDetFail
425068409  1 0 AltDetFail
148608963  1 1 PASS
 23448786  1 0 ses2MesFail
438600085  1 1 PASS
438600085  2 0 SecondaryOfPN_01
220474209  1 0 ses2MesFail
220474209  2 0 AltDetFail
443562032  1 1 PASS
320079492  1 1 PASS
314104600  1 0 AltDetFail
292227381  1 1 PASS
405513314  1 1 PASS
405513314  2 0 AltDetFail
   131769  1 0 ses2MesFail
395833811  1 0 ses2MesFail
395833811  2 0 ses2MesFail
303861796  1 1 PASS
382302241  1 1 PASS
402624000  1 1 PASS
260265964  1 1 PASS
 55404385  1 0 ses2MesFail
 55404385  2 0 SecondaryOfPN_01
269850928  1 1 PASS
243640576  1 1 PASS
  7413227  1 1 PASS
179672062  1 1 PASS
179672062  2 0 AltDetFail
464901115  1 1 PASS
299678612  1 1 PASS
299678612  2 0 AltDetFail
141428309  1 0 ses2MesFail
391241402  1 1 PASS
194961978  1 1 PASS
299941037  1 1 PASS
299941037  2 0 ses2MesFail
452591471  1 1 PASS
452591471  2 0 ses2MesFail
360943695  1 1 PASS
306773798  1 1 PASS
448165340  1 0 ses2MesFail
371733347  1 0 ses2MesFail
294206429  1 1 PASS
294206429  2 0 AltDetFail
294206429  3 0 AltDetFail
294206429  4 0 AltDetFail
350954265  1 1 PASS
395052612  1 0 AltDetFail
330791148  1 1 PASS
330791148  2 0 ChasesFail
306736831  1 0 ChasesFail
306736831  2 0 ses2MesFail
147695265  1 1 PASS
295901750  1 0 ses2MesFail
149652741  1 0 AltDetFail
149652741  2 0 AltDetFail
149652741  3 0 AltDetFail
137872682  1 0 ses2MesFail
137872682  2 0 ses2MesFail
137872682  3 0 AltDetFail
318377553  1 0 AltDetFail
318377553  2 0 AltDetFail
318377553  3 0 AltDetFail
177283493  1 0 ses2MesFail
312907176  1 0 AltDetFail
312907176  2 0 AltDetFail
127530399  1 1 PASS
 54748407  1 0 ses2MesFail
 54748407  2 1 PASS
279251651  1 1 PASS
    42817  1 1 PASS
402126030  1 0 AltDetFail
242300136  1 0 AltDetFail
242300136  2 0 AltDetFail
143705205  1 1 PASS
300038246  1 1 PASS
304023339  1 1 PASS
242473776  1 1 PASS
438622519  1 0 AltDetFail
258812822  1 1 PASS
258812822  2 0 SecondaryOfPN_01
111947267  1 0 ses2MesFail
322826591  1 1 PASS
404768019  1 0 newMesBelowThresh
404768019  2 0 ses2MesFail
348995211  1 1 PASS
149913598  1 0 ChasesFail
141975926  1 0 ses2MesFail
260128333  1 1 PASS
260128333  2 0 SecondaryOfPN_01
    72331  1 0 ses2MesFail
378117290  1 1 PASS
141961374  1 0 ses2MesFail
334957332  1 1 PASS
334957332  2 0 SecondaryOfPN_01
334957332  3 0 SecondaryOfPN_01
344176375  1 0 ChasesFail
 29984014  1 0 AltDetFail
176737476  1 1 PASS
176737476  2 0 SecondaryOfPN_01
149365605  1 0 ses2MesFail
393411975  1 1 PASS
302987876  1 1 PASS
449704546  1 1 PASS
442615457  1 0 ses2MesFail
348898049  1 1 PASS
 61485689  1 0 ses2MesFail
167664935  1 0 ses2MesFail
167664935  2 0 SecondaryOfPN_01
167664935  3 0 AltDetFail
166882964  1 1 PASS
166882964  2 0 newMesBelowThresh
166882964  3 0 newMesBelowThresh
166882964  4 0 newMesBelowThresh
166882964  5 0 AltDetFail
318667559  1 0 AltDetFail
394452884  1 0 ses2MesFail
394452884  2 0 AltDetFail
363852956  1 0 newMesShrink
363852956  2 0 SecondaryOfPN_01
297662647  1 1 PASS
 33877343  1 1 PASS
 33877343  2 0 ses2MesFail
 23069961  1 0 ses2MesFail
 67326261  1 0 ChasesFail
149484722  1 0 ses2MesFail
149484722  2 0 ses2MesFail
452466679  1 0 AltDetFail
452466679  2 0 AltDetFail
 68179248  1 0 ses2MesFail
453577605  1 1 PASS
309582191  1 0 ses2MesFail
309582191  2 0 ses2MesFail
309582191  3 0 AltDetFail
383346621  1 0 ses2MesFail
315708896  1 0 AltDetFail
315708896  2 0 AltDetFail
278594030  1 0 newMesShrink
278594030  2 0 AltDetFail
323521281  1 0 ses2MesFail
399490653  1 1 PASS
399490653  2 0 AltDetFail
305206774  1 1 PASS
421260279  1 0 ses2MesFail
421260279  2 0 SecondaryOfPN_01
421260279  3 0 AltDetFail
415097626  1 0 ses2MesFail
415097626  2 0 ses2MesFail
271701765  1 0 ChasesFail
422566060  1 0 ses2MesFail
392645846  1 1 PASS
253318028  1 1 PASS
394508465  1 1 PASS
360923618  1 0 AltDetFail
356900912  1 0 ses2MesFail
443704084  1 1 PASS
 33714944  1 0 ChasesFail
 55497281  1 0 ses2MesFail
270677813  1 0 ses2MesFail
270677813  2 0 newMesBelowThresh
309254930  1 1 PASS
451112995  1 1 PASS
410418820  1 0 ChasesFail
410418820  2 0 ses2MesFail
410418820  3 0 SecondaryOfPN_01
410418820  4 0 newMesShrink
410418820  5 1 PASS
410418820  6 1 PASS
323780590  1 1 PASS
271705063  1 1 PASS
271705063  2 0 AltDetFail
 61223277  1 0 ses2MesFail
    34900  1 0 ses2MesFail
388287047  1 0 ses2MesFail
310112784  1 0 ChasesFail
310112784  2 0 newMesShrink
310112784  3 1 PASS
310112784  4 0 ses2MesFail
160059095  1 0 ses2MesFail
358290150  1 1 PASS
358290150  2 0 newMesBelowThresh
308542808  1 0 ses2MesFail
335092511  1 0 AltDetFail
328483577  1 0 ses2MesFail
279614617  1 0 ChasesFail
452590903  1 0 newMesBelowThresh
452590903  2 0 ChasesFail
294923253  1 1 PASS
418471427  1 0 ses2MesFail
418471427  2 1 PASS
418471427  3 1 PASS
 31183609  1 1 PASS
241483053  1 1 PASS
242506731  1 0 ChasesFail
328234948  1 0 ChasesFail
437920598  1 0 ses2MesFail
150359500  1 0 ses2MesFail
449665636  1 1 PASS
142106818  1 0 AltDetFail
142106818  2 0 AltDetFail
142106818  3 0 AltDetFail
308452910  1 1 PASS
   120016  1 0 AltDetFail
 75615806  1 0 AltDetFail
388483448  1 1 PASS
388483448  2 0 SecondaryOfPN_01
    23369  1 0 ses2MesFail
      358  1 0 ses2MesFail
      358  2 0 ses2MesFail
397664946  1 0 AltDetFail
399492439  1 1 PASS
399492439  2 0 SecondaryOfPN_01
372304515  1 1 PASS
 30275737  1 1 PASS
242544363  1 1 PASS
359357695  1 1 PASS
438734016  1 1 PASS
453463733  1 0 ses2MesFail
411451519  1 0 ses2MesFail
411451519  2 0 SecondaryOfPN_01
457395330  1 1 PASS
457395330  2 0 SecondaryOfPN_01
220407530  1 0 ses2MesFail
360553262  1 0 AltDetFail
360553262  2 0 AltDetFail
370085638  1 1 PASS
370085638  2 0 SecondaryOfPN_01
 32150999  1 1 PASS
 32150999  2 0 SecondaryOfPN_01
148952071  1 1 PASS
148952071  2 0 AltDetFail
148952071  3 0 AltDetFail
297348512  1 0 AltDetFail
297348512  2 0 AltDetFail
349907707  1 1 PASS
254334148  1 0 ses2MesFail
262577838  1 0 ses2MesFail
166894438  1 0 AltDetFail
166894438  2 0 AltDetFail
415937547  1 1 PASS
415937547  2 0 ChasesFail
415937547  3 0 AltDetFail
 47833707  1 1 PASS
144645881  1 1 PASS
376483392  1 1 PASS
412494825  1 1 PASS
412494825  2 0 newMesShrink
412494825  3 0 AltDetFail
334911765  1 1 PASS
 23997017  1 1 PASS
296264014  1 0 ses2MesFail
260657291  1 1 PASS
186476457  1 0 ses2MesFail
271701447  1 0 AltDetFail
271701447  2 0 AltDetFail
271701447  3 0 AltDetFail
149248196  1 0 ses2MesFail
149248196  2 1 PASS
149248196  3 0 ses2MesFail
149248196  4 0 ses2MesFail
149248196  5 0 ses2MesFail
141268467  1 1 PASS
141268467  2 0 newMesBelowThresh
413885551  1 0 ses2MesFail
307160124  1 0 ses2MesFail
141335886  1 1 PASS
412444432  1 0 ChasesFail
412444432  2 0 ses2MesFail
412444432  3 0 SecondaryOfPN_02
412444432  4 0 AltDetFail
348842168  1 1 PASS
398085678  1 1 PASS
398085678  2 0 newMesBelowThresh
166624433  1 1 PASS
166624433  2 0 ses2MesFail
166624433  3 0 ChasesFail
307433122  1 0 ses2MesFail
413514661  1 1 PASS
413514661  2 0 AltDetFail
281979481  1 1 PASS
147688342  1 0 ses2MesFail
350094361  1 0 ses2MesFail
438600097  1 1 PASS
438600097  2 0 SecondaryOfPN_01
392671053  1 1 PASS
307314361  1 0 ses2MesFail
150430484  1 1 PASS
300871376  1 0 AltDetFail
300871376  2 0 AltDetFail
300871376  3 0 AltDetFail
146454560  1 1 PASS
279958827  1 0 AltDetFail
309365800  1 1 PASS
309365800  2 0 SecondaryOfPN_01
148646689  1 0 ses2MesFail
148646689  2 1 PASS
311515799  1 1 PASS
241857040  1 1 PASS
241857040  2 0 SecondaryOfPN_01
177336303  1 0 ses2MesFail
1030035125  1 0 ses2MesFail
1030035125  2 0 AltDetFail
371867468  1 1 PASS
 38699825  1 0 AltDetFail
294725817  1 1 PASS
294725817  2 0 AltDetFail
166184426  1 1 PASS
280867169  1 1 PASS
280867169  2 0 SecondaryOfPN_01
 83833793  1 0 newMesShrink
 83833793  2 0 newMesShrink
242589597  1 1 PASS
173268508  1 1 PASS
173268508  2 0 SecondaryOfPN_01
300013489  1 1 PASS
129116176  1 1 PASS
129116176  2 0 SecondaryOfPN_01
129116176  3 0 AltDetFail
272396062  1 1 PASS
272396062  2 0 AltDetFail
272194883  1 0 ses2MesFail
 83550735  1 1 PASS
260536927  1 1 PASS
242423459  1 1 PASS
242423459  2 0 AltDetFail
425064757  1 0 AltDetFail
425064757  2 0 AltDetFail
261261490  1 1 PASS
335448954  1 1 PASS
914254660  1 1 PASS
126970144  1 1 PASS
126970144  2 1 PASS
361954427  1 0 ses2MesFail
243550034  1 0 ses2MesFail
243550034  2 0 ses2MesFail
328702100  1 0 ChasesFail
 54747851  1 0 ses2MesFail
 54747851  2 0 ses2MesFail
 54747851  3 0 ses2MesFail
179668928  1 0 AltDetFail
403770188  1 1 PASS
403770188  2 0 AltDetFail
167812449  1 1 PASS
167812449  2 0 SecondaryOfPN_01
394509844  1 1 PASS
369506001  1 1 PASS
304030311  1 1 PASS
304030311  2 0 newMesShrink
304030311  3 0 SecondaryOfPN_01
 23070748  1 0 AltDetFail
 23070748  2 0 AltDetFail
261581139  1 1 PASS
261581139  2 0 SecondaryOfPN_01
1124890088  1 0 AltDetFail
111874795  1 0 AltDetFail
 43821893  1 1 PASS
 43821893  2 0 ses2MesFail
 43094517  1 1 PASS
147744732  1 0 ses2MesFail
219164808  1 1 PASS
335675779  1 0 AltDetFail
392736631  1 0 ChasesFail
241737622  1 1 PASS
 76652075  1 0 ses2MesFail
278683641  1 1 PASS
278683641  2 0 SecondaryOfPN_01
307368492  1 1 PASS
    46937  1 1 PASS
    46937  2 0 AltDetFail
406333777  1 0 newMesShrink
461669715  1 1 PASS
438798219  1 1 PASS
438798219  2 0 SecondaryOfPN_01
261257684  1 1 PASS
189315969  1 1 PASS
317642317  1 0 ses2MesFail
317642317  2 0 SecondaryOfPN_01
317642317  3 0 AltDetFail
359766954  1 0 ses2MesFail
 47955595  1 1 PASS
375034557  1 1 PASS
375034557  2 0 ChasesFail
292206680  1 0 ses2MesFail
179956109  1 0 ses2MesFail
280945693  1 1 PASS
399642071  1 1 PASS
323968843  1 0 ses2MesFail
323968843  2 0 SecondaryOfPN_01
406336313  1 1 PASS
261136000  1 1 PASS
323338753  1 0 AltDetFail
411502344  1 1 PASS
   159261  1 1 PASS
418614625  1 0 ses2MesFail
418614625  2 0 AltDetFail
225801957  1 0 ses2MesFail
225801957  2 0 SecondaryOfPN_01
359834490  1 1 PASS
316651612  1 1 PASS
160630509  1 1 PASS
149778645  1 1 PASS
379670931  1 0 AltDetFail
179958960  1 0 ses2MesFail
149308175  1 0 AltDetFail
273996323  1 1 PASS
401590951  1 1 PASS
179739831  1 0 AltDetFail
179739831  2 0 AltDetFail
148822705  1 0 AltDetFail
261136679  1 1 PASS
 48227278  1 1 PASS
 48227278  2 0 SecondaryOfPN_01
276935987  1 0 ChasesFail
272236017  1 1 PASS
271722899  1 1 PASS
294754396  1 0 ses2MesFail
260476635  1 0 AltDetFail
764425749  1 1 PASS
764425749  2 0 SecondaryOfPN_01
111837183  1 1 PASS
400331058  1 0 ChasesFail
372014313  1 0 ses2MesFail
405756510  1 1 PASS
253380837  1 0 AltDetFail
396693868  1 0 ses2MesFail
448794437  1 1 PASS
350332997  1 1 PASS
220389469  1 0 ses2MesFail
303686163  1 1 PASS
303686163  2 0 AltDetFail
405695928  1 1 PASS
382260153  1 1 PASS
140802498  1 1 PASS
140802498  2 0 SecondaryOfPN_01
381997057  1 1 PASS
391814255  1 1 PASS
456388692  1 1 PASS
456388692  2 0 SecondaryOfPN_01
277173427  1 0 AltDetFail
331183881  1 0 ses2MesFail
331183881  2 0 ses2MesFail
331183881  3 0 newMesBelowThresh
339812943  1 1 PASS
127664388  1 0 ses2MesFail
441546821  1 0 ses2MesFail
344813638  1 1 PASS
344813638  2 0 AltDetFail
150166721  1 1 PASS
150166721  2 0 ChasesFail
150166721  3 0 AltDetFail
310713487  1 1 PASS
167670025  1 0 AltDetFail
167670025  2 0 AltDetFail
322985477  1 1 PASS
322985477  2 0 SecondaryOfPN_01
442567883  1 0 ses2MesFail
442567883  2 0 AltDetFail
359282087  1 0 ChasesFail
359282087  2 0 ses2MesFail
359282087  3 0 ses2MesFail
241409833  1 0 ChasesFail
241409833  2 0 ses2MesFail
398723597  1 1 PASS
  7589380  1 0 ses2MesFail
 76501494  1 0 ses2MesFail
 76501494  2 0 ses2MesFail
 47709651  1 0 ses2MesFail
272248916  1 1 PASS
272248916  2 0 SecondaryOfPN_01
272248916  3 0 AltDetFail
141865875  1 0 AltDetFail
141865875  2 0 AltDetFail
141865875  3 0 AltDetFail
243192743  1 1 PASS
179317684  1 1 PASS
317791613  1 0 AltDetFail
453802826  1 0 ses2MesFail
415191100  1 1 PASS
453808153  1 0 ChasesFail
449356205  1 1 PASS
449356205  2 0 SecondaryOfPN_01
306635088  1 0 ses2MesFail
306635088  2 1 PASS
394914071  1 0 ses2MesFail
272086159  1 0 ses2MesFail
442570321  1 0 ses2MesFail
442570321  2 0 AltDetFail
442570321  3 0 AltDetFail
308183430  1 0 ChasesFail
185047944  1 0 ses2MesFail
261262184  1 0 AltDetFail
261262184  2 0 AltDetFail
160442175  1 0 ses2MesFail
160442175  2 0 newMesBelowThresh
404851936  1 1 PASS
321455348  1 1 PASS
 23997000  1 1 PASS
 23997000  2 0 SecondaryOfPN_01
454534617  1 1 PASS
276128561  1 1 PASS
260239481  1 1 PASS
260239481  2 0 SecondaryOfPN_01
243324400  1 0 ses2MesFail
 38846515  1 1 PASS
220478846  1 1 PASS
359579041  1 1 PASS
359579041  2 0 SecondaryOfPN_01
209291266  1 1 PASS
209291266  2 0 newMesShrink
 54172975  1 0 ses2MesFail
 54172975  2 0 ChasesFail
121553642  1 1 PASS
278725797  1 0 ses2MesFail
260160482  1 0 AltDetFail
260160482  2 0 AltDetFail
399639698  1 0 ChasesFail
399639698  2 1 PASS
322078735  1 1 PASS
322078735  2 0 SecondaryOfPN_01
322078735  3 0 SecondaryOfPN_01
307255082  1 1 PASS
394203427  1 0 ses2MesFail
1174761001  1 0 AltDetFail
404804908  1 1 PASS
398650935  1 1 PASS
259230140  1 1 PASS
140715180  1 0 AltDetFail
140715180  2 0 AltDetFail
140715180  3 0 AltDetFail
140715180  4 0 AltDetFail
383634892  1 1 PASS
383634892  2 0 SecondaryOfPN_01
307993483  1 0 AltDetFail
382624902  1 0 ses2MesFail
288593930  1 1 PASS
278683844  1 1 PASS
203352495  1 1 PASS
203352495  2 0 AltDetFail
293345927  1 0 AltDetFail
293345927  2 0 AltDetFail
1051774930  1 1 PASS
1051774930  2 0 AltDetFail
141770592  1 1 PASS
383299547  1 0 AltDetFail
312972825  1 1 PASS
350025490  1 1 PASS
250236605  1 1 PASS
302040469  1 1 PASS
357911163  1 1 PASS
166302995  1 1 PASS
166302995  2 0 ses2MesFail
166969346  1 1 PASS
166969346  2 0 AltDetFail
302720622  1 0 ChasesFail
302720622  2 0 ses2MesFail
302720622  3 1 PASS
348995212  1 1 PASS
 55650494  1 1 PASS
272456799  1 0 ses2MesFail
272456799  2 0 ses2MesFail
272456799  3 0 ses2MesFail
334524122  1 0 ses2MesFail
381979901  1 1 PASS
241552893  1 0 ses2MesFail
326751253  1 1 PASS
326751253  2 0 SecondaryOfPN_01
405910546  1 1 PASS
 45254409  1 0 ChasesFail
 40452881  1 0 AltDetFail
219201178  1 1 PASS
219201178  2 0 SecondaryOfPN_01
344329766  1 1 PASS
296155090  1 1 PASS
296155090  2 0 AltDetFail
 31381651  1 0 AltDetFail
253153103  1 0 ses2MesFail
253153103  2 0 SecondaryOfPN_01
253153103  3 0 AltDetFail
141122198  1 0 ses2MesFail
141122198  2 0 ses2MesFail
141122198  3 0 ses2MesFail
388105183  1 1 PASS
441006548  1 0 newMesShrink
441006548  2 0 AltDetFail
441006548  3 0 AltDetFail
460977279  1 0 AltDetFail
178463456  1 0 AltDetFail
127315102  1 1 PASS
127315102  2 0 SecondaryOfPN_01
 48664372  1 1 PASS
 33864821  1 1 PASS
 33864821  2 0 SecondaryOfPN_01
 33864821  3 0 AltDetFail
364538560  1 1 PASS
364538560  2 0 SecondaryOfPN_01
279425357  1 1 PASS
121554771  1 0 ses2MesFail
179367270  1 0 ses2MesFail
273817886  1 0 ses2MesFail
186471748  1 0 AltDetFail
136916387  1 0 ses2MesFail
136916387  2 0 ses2MesFail
167303776  1 1 PASS
167303776  2 0 ses2MesFail
167303776  3 1 PASS
167303776  4 1 PASS
167303776  5 1 PASS
167303776  6 1 PASS
245380652  1 1 PASS
245380652  2 0 ses2MesFail
295885511  1 0 ses2MesFail
278296621  1 1 PASS
278296621  2 0 SecondaryOfPN_01
269916109  1 1 PASS
412904376  1 0 ses2MesFail
412904376  2 1 PASS
412904376  3 0 ses2MesFail
 23134951  1 0 AltDetFail
260304800  1 1 PASS
411049587  1 1 PASS
323172801  1 1 PASS
323172801  2 0 ses2MesFail
319936861  1 0 AltDetFail
271169413  1 1 PASS
177175199  1 1 PASS
