102840239  1 1 PASS
167800877  1 1 PASS
167800877  2 0 SecondaryOfPN_01
185223458  1 0 AltDetFail
382069435  1 0 ses2MesFail
341186896  1 1 PASS
 53855835  1 1 PASS
 53855835  2 0 AltDetFail
341192914  1 1 PASS
341192914  2 0 SecondaryOfPN_01
141096229  1 0 ses2MesFail
309616590  1 0 AltDetFail
309616590  2 0 AltDetFail
281581467  1 1 PASS
468997317  1 1 PASS
167344029  1 0 ses2MesFail
382528174  1 1 PASS
382528174  2 0 AltDetFail
 38697411  1 1 PASS
 36459439  1 0 ses2MesFail
 36459439  2 0 SecondaryOfPN_01
147340931  1 1 PASS
382147080  1 0 newMesShrink
377877712  1 1 PASS
 55746262  1 1 PASS
118461919  1 0 AltDetFail
118461919  2 0 AltDetFail
150187916  1 1 PASS
150187916  2 0 SecondaryOfPN_01
150187916  3 1 PASS
 55106032  1 0 ses2MesFail
 23328912  1 1 PASS
 23328912  2 0 SecondaryOfPN_01
400524503  1 1 PASS
464668753  1 1 PASS
439511833  1 0 ses2MesFail
439511833  2 0 ses2MesFail
439511833  3 1 PASS
462267998  1 0 ses2MesFail
462267998  2 0 AltDetFail
106149491  1 1 PASS
106149491  2 0 SecondaryOfPN_01
140693756  1 1 PASS
293083061  1 0 newMesShrink
293083061  2 0 ses2MesFail
177118939  1 0 AltDetFail
177118939  2 0 AltDetFail
177118939  3 0 AltDetFail
260848905  1 0 ses2MesFail
264767454  1 1 PASS
 57528302  1 1 PASS
391746189  1 0 AltDetFail
294191640  1 1 PASS
294191640  2 0 SecondaryOfPN_01
180258068  1 0 ses2MesFail
180258068  2 0 ses2MesFail
385624852  1 0 ses2MesFail
220475245  1 1 PASS
442653596  1 0 ses2MesFail
 34228656  1 0 ses2MesFail
 34228656  2 0 AltDetFail
464498986  1 0 ses2MesFail
464498986  2 0 ses2MesFail
120302919  1 1 PASS
120302919  2 0 AltDetFail
219698950  1 1 PASS
 47725412  1 1 PASS
 71029363  1 0 ses2MesFail
437268723  1 0 ses2MesFail
437268723  2 0 ses2MesFail
437268723  3 0 AltDetFail
437268723  4 0 AltDetFail
437268723  5 0 AltDetFail
142105158  1 1 PASS
167007869  1 1 PASS
300810086  1 1 PASS
  1538794  1 0 AltDetFail
  1538794  2 0 AltDetFail
458859364  1 0 AltDetFail
460874627  1 0 ChasesFail
 47428347  1 0 ses2MesFail
363193496  1 1 PASS
363193496  2 0 SecondaryOfPN_01
 72605231  1 1 PASS
 72605231  2 0 SecondaryOfPN_01
272349442  1 1 PASS
140830390  1 1 PASS
140648948  1 1 PASS
140760434  1 0 ses2MesFail
 30531417  1 0 AltDetFail
 30531417  2 0 AltDetFail
 93997237  1 0 AltDetFail
187970011  1 0 AltDetFail
187970011  2 0 AltDetFail
304021498  1 1 PASS
340179350  1 1 PASS
340179350  2 0 SecondaryOfPN_01
307852136  1 1 PASS
106402532  1 1 PASS
102625324  1 1 PASS
391745744  1 1 PASS
142096904  1 0 newMesShrink
142096904  2 0 ses2MesFail
286853222  1 1 PASS
458236657  1 1 PASS
220473309  1 0 ses2MesFail
220473309  2 0 ChasesFail
220473309  3 0 ses2MesFail
220433363  1 0 ses2MesFail
220433363  2 0 ChasesFail
220433363  3 0 ses2MesFail
220433363  4 0 ses2MesFail
 25078924  1 1 PASS
 25078924  2 0 SecondaryOfPN_01
 25078924  3 0 AltDetFail
278825952  1 1 PASS
278825952  2 0 newMesBelowThresh
278825952  3 0 newMesBelowThresh
458263480  1 0 ChasesFail
294784522  1 0 ses2MesFail
 45887812  1 0 AltDetFail
 45887812  2 0 AltDetFail
925539965  1 0 AltDetFail
140254249  1 1 PASS
356245399  1 1 PASS
152806278  1 1 PASS
152806278  2 0 SecondaryOfPN_01
150249543  1 0 ChasesFail
359902754  1 0 ChasesFail
150428135  1 1 PASS
358557578  1 1 PASS
 35516889  1 1 PASS
314864866  1 0 ChasesFail
341419787  1 1 PASS
  3129778  1 1 PASS
458856514  1 1 PASS
385309262  1 0 newMesShrink
 38679390  1 1 PASS
457796270  1 1 PASS
404927661  1 0 ses2MesFail
404927661  2 0 ses2MesFail
457872192  1 1 PASS
457872192  2 1 PASS
349192028  1 0 ChasesFail
286311568  1 1 PASS
286311568  2 0 SecondaryOfPN_01
373424049  1 1 PASS
290162844  1 0 AltDetFail
363154652  1 0 AltDetFail
363154652  2 0 AltDetFail
260269456  1 1 PASS
260269456  2 0 AltDetFail
177162886  1 1 PASS
179308939  1 0 AltDetFail
 48103627  1 1 PASS
147340930  1 1 PASS
306931200  1 0 ses2MesFail
158719398  1 0 AltDetFail
158719398  2 0 AltDetFail
445648583  1 1 PASS
350443417  1 1 PASS
350443417  2 0 newMesShrink
350443417  3 0 AltDetFail
293968698  1 0 ses2MesFail
293968698  2 0 ses2MesFail
  4803974  1 1 PASS
167251459  1 1 PASS
167251459  2 0 newMesBelowThresh
167251459  3 0 newMesBelowThresh
167251459  4 0 newMesBelowThresh
296863792  1 1 PASS
361413119  1 1 PASS
300560295  1 1 PASS
300560295  2 0 SecondaryOfPN_01
 38824355  1 0 ChasesFail
157266693  1 1 PASS
350431335  1 1 PASS
350431335  2 0 AltDetFail
220411388  1 0 ses2MesFail
  5390942  1 1 PASS
 33159045  1 1 PASS
260504147  1 1 PASS
309792357  1 0 ses2MesFail
168384036  1 0 AltDetFail
168384036  2 0 AltDetFail
383055703  1 0 newMesShrink
383055703  2 0 AltDetFail
 20318709  1 1 PASS
152176559  1 1 PASS
152176559  2 0 ses2MesFail
167983141  1 1 PASS
286331949  1 0 ses2MesFail
294394049  1 1 PASS
294394049  2 0 AltDetFail
306773020  1 1 PASS
 35044762  1 1 PASS
 35044762  2 0 SecondaryOfPN_01
 54000650  1 0 ses2MesFail
 54000650  2 0 ses2MesFail
151684687  1 0 ses2MesFail
 38586438  1 1 PASS
 38586438  2 0 ChasesFail
460172517  1 1 PASS
410448693  1 1 PASS
458593861  1 0 ses2MesFail
302726143  1 1 PASS
428657074  1 0 ses2MesFail
280206394  1 1 PASS
192991819  1 0 AltDetFail
192991819  2 0 AltDetFail
192991819  3 0 AltDetFail
 38160558  1 0 ses2MesFail
448585724  1 0 ses2MesFail
448585724  2 0 SecondaryOfPN_01
385621721  1 1 PASS
 31810287  1 1 PASS
 31810287  2 0 newMesShrink
 31810287  3 0 SecondaryOfPN_01
 31810287  4 0 ses2MesFail
238235254  1 1 PASS
 20489675  1 1 PASS
146244533  1 1 PASS
811717112  1 0 AltDetFail
457801419  1 0 ses2MesFail
147020894  1 1 PASS
147020894  2 0 SecondaryOfPN_01
271891552  1 1 PASS
145243254  1 0 AltDetFail
 57715720  1 1 PASS
150429807  1 0 ses2MesFail
851641022  1 0 ses2MesFail
851641022  2 0 ses2MesFail
458861722  1 0 ChasesFail
377658867  1 0 AltDetFail
101628447  1 0 ses2MesFail
 20318757  1 1 PASS
176874062  1 0 ses2MesFail
176874062  2 0 SecondaryOfPN_01
141807839  1 0 ses2MesFail
 41230180  1 1 PASS
 80312842  1 1 PASS
370440624  1 0 newMesShrink
370440624  2 0 newMesShrink
370440624  3 0 ses2MesFail
370440624  4 0 SecondaryOfPN_01
370440624  5 0 AltDetFail
370440624  6 0 AltDetFail
 55222541  1 1 PASS
385626253  1 1 PASS
 38637595  1 0 ChasesFail
 77555999  1 0 ses2MesFail
 77555999  2 0 AltDetFail
 23582886  1 0 AltDetFail
287438823  1 0 ses2MesFail
447593079  1 1 PASS
447593079  2 0 AltDetFail
447593079  3 0 AltDetFail
118541883  1 0 ses2MesFail
118541883  2 1 PASS
146172354  1 1 PASS
260298958  1 1 PASS
287354092  1 0 ses2MesFail
453465810  1 0 newMesShrink
260003467  1 1 PASS
 93195980  1 1 PASS
 93195980  2 0 SecondaryOfPN_01
 92837305  1 0 AltDetFail
149060456  1 0 ses2MesFail
167551757  1 0 ses2MesFail
167551757  2 0 ses2MesFail
103555745  1 1 PASS
103555745  2 0 SecondaryOfPN_01
151828882  1 0 ChasesFail
151828882  2 0 ses2MesFail
363260203  1 1 PASS
144123749  1 1 PASS
304299578  1 0 AltDetFail
101955023  1 1 PASS
146315639  1 1 PASS
146315639  2 0 SecondaryOfPN_01
 45302816  1 0 ses2MesFail
145883532  1 1 PASS
238616361  1 1 PASS
 29778064  1 0 newMesShrink
434486077  1 1 PASS
309787037  1 1 PASS
 29933671  1 1 PASS
158592843  1 1 PASS
147024206  1 1 PASS
294255925  1 0 ses2MesFail
 53696303  1 1 PASS
150357290  1 1 PASS
 38116677  1 1 PASS
192942178  1 0 ses2MesFail
158450472  1 1 PASS
 57151431  1 1 PASS
 57151431  2 1 PASS
259999047  1 0 ChasesFail
375310963  1 1 PASS
733027940  1 0 ses2MesFail
733027940  2 1 PASS
167201539  1 1 PASS
167201539  2 1 PASS
429152610  1 0 ChasesFail
429152610  2 0 ses2MesFail
429152610  3 0 newMesShrink
429152610  4 1 PASS
902175596  1 1 PASS
 76903841  1 1 PASS
260162387  1 0 ses2MesFail
359740883  1 0 ses2MesFail
300293197  1 1 PASS
167602025  1 0 ses2MesFail
374753270  1 0 AltDetFail
374753270  2 0 AltDetFail
 20499329  1 1 PASS
385307168  1 0 ses2MesFail
397424972  1 0 ses2MesFail
397424972  2 0 AltDetFail
397424972  3 0 AltDetFail
300141210  1 1 PASS
150068381  1 0 ses2MesFail
335542261  1 1 PASS
162523286  1 1 PASS
162523286  2 0 SecondaryOfPN_01
162523286  3 0 SecondaryOfPN_01
140659978  1 1 PASS
140659978  2 0 SecondaryOfPN_01
294269932  1 0 ses2MesFail
294269932  2 0 ses2MesFail
268290940  1 1 PASS
 29049712  1 0 AltDetFail
297967252  1 1 PASS
278863611  1 1 PASS
278863611  2 0 AltDetFail
341929911  1 1 PASS
193092806  1 0 AltDetFail
193092806  2 0 AltDetFail
447283466  1 0 AltDetFail
294396726  1 0 ses2MesFail
294396726  2 0 AltDetFail
220457603  1 0 ses2MesFail
349156098  1 1 PASS
349156098  2 0 SecondaryOfPN_01
 72661923  1 1 PASS
444842193  1 1 PASS
187999414  1 1 PASS
 53208610  1 0 newMesShrink
 35913152  1 1 PASS
 35913152  2 0 SecondaryOfPN_01
 38087946  1 1 PASS
167415965  1 1 PASS
238197638  1 1 PASS
 53735810  1 1 PASS
162208751  1 0 ses2MesFail
307291318  1 1 PASS
181150051  1 1 PASS
181150051  2 0 SecondaryOfPN_01
371188886  1 1 PASS
149059954  1 0 AltDetFail
149059954  2 0 AltDetFail
428643392  1 0 ses2MesFail
146589986  1 1 PASS
294254647  1 0 ses2MesFail
 49504742  1 0 ses2MesFail
272357134  1 1 PASS
272357134  2 0 SecondaryOfPN_01
162211294  1 1 PASS
188032971  1 0 ses2MesFail
188032971  2 0 AltDetFail
188032971  3 0 AltDetFail
360779428  1 0 ses2MesFail
 55242082  1 0 ses2MesFail
458199516  1 1 PASS
458199516  2 0 SecondaryOfPN_01
102195891  1 1 PASS
 23325655  1 0 ses2MesFail
 23325655  2 1 PASS
429165846  1 0 newMesBelowThresh
304090823  1 1 PASS
460538679  1 0 ses2MesFail
460538679  2 0 AltDetFail
231740019  1 1 PASS
150358433  1 1 PASS
 89615899  1 1 PASS
176956893  1 1 PASS
152803446  1 0 ses2MesFail
374518149  1 1 PASS
374518149  2 0 AltDetFail
 34568317  1 1 PASS
439139241  1 1 PASS
 31921921  1 0 ses2MesFail
102195354  1 1 PASS
 49003142  1 0 ses2MesFail
282050293  1 0 ses2MesFail
282050293  2 0 AltDetFail
371443216  1 1 PASS
269683433  1 1 PASS
119925436  1 1 PASS
167087044  1 0 ChasesFail
279615956  1 1 PASS
 34383246  1 0 AltDetFail
 32636486  1 0 ses2MesFail
260636730  1 0 ses2MesFail
260636730  2 1 PASS
260636730  3 0 ses2MesFail
 40555189  1 0 ses2MesFail
388567031  1 0 AltDetFail
 31537728  1 0 AltDetFail
 31537728  2 0 AltDetFail
457982035  1 1 PASS
150442264  1 1 PASS
150442264  2 0 SecondaryOfPN_01
437242640  1 1 PASS
302373103  1 0 ses2MesFail
302373103  2 0 AltDetFail
421152732  1 1 PASS
421152732  2 0 AltDetFail
333734769  1 1 PASS
364395234  1 1 PASS
364395234  2 1 PASS
 23185734  1 1 PASS
271795511  1 1 PASS
271795511  2 0 SecondaryOfPN_01
463402815  1 1 PASS
167418903  1 1 PASS
296648318  1 1 PASS
389879982  1 0 AltDetFail
389879982  2 0 AltDetFail
444837461  1 1 PASS
444837461  2 1 PASS
375471732  1 1 PASS
422371105  1 0 AltDetFail
374861595  1 1 PASS
144306296  1 0 ses2MesFail
428685233  1 0 ses2MesFail
 77853537  1 1 PASS
 77853537  2 0 ses2MesFail
335499997  1 1 PASS
150441015  1 0 AltDetFail
141871560  1 0 ses2MesFail
141871560  2 0 AltDetFail
342454977  1 1 PASS
342454977  2 0 SecondaryOfPN_01
393420032  1 0 AltDetFail
393420032  2 0 AltDetFail
167208380  1 1 PASS
 53189332  1 1 PASS
303443210  1 0 ses2MesFail
303443210  2 0 ses2MesFail
303443210  3 0 ses2MesFail
303443210  4 0 ses2MesFail
303336116  1 1 PASS
294329266  1 0 ChasesFail
302133793  1 0 AltDetFail
302133793  2 0 AltDetFail
302133793  3 0 AltDetFail
302133793  4 0 AltDetFail
302133793  5 0 AltDetFail
302133793  6 0 AltDetFail
 75581763  1 0 ses2MesFail
  4850022  1 0 AltDetFail
  4850022  2 0 AltDetFail
181804752  1 1 PASS
101630269  1 0 ses2MesFail
 45688604  1 1 PASS
 45688604  2 0 SecondaryOfPN_01
150098860  1 1 PASS
303333075  1 1 PASS
 53190694  1 1 PASS
349647488  1 1 PASS
349647488  2 0 SecondaryOfPN_01
185220522  1 0 ses2MesFail
371803111  1 0 AltDetFail
177352893  1 0 ses2MesFail
348897766  1 0 AltDetFail
348897766  2 0 AltDetFail
350146388  1 0 ChasesFail
371017146  1 1 PASS
307571165  1 1 PASS
 89535068  1 1 PASS
 44645230  1 0 ses2MesFail
350477767  1 0 ChasesFail
220396259  1 1 PASS
357633579  1 0 ses2MesFail
447206604  1 1 PASS
382575967  1 0 ses2MesFail
350025488  1 1 PASS
 38132622  1 0 ChasesFail
447062900  1 1 PASS
458302199  1 1 PASS
 89619125  1 1 PASS
260164371  1 0 ses2MesFail
220479565  1 1 PASS
148559140  1 0 ses2MesFail
148559140  2 0 AltDetFail
286935497  1 1 PASS
286935497  2 0 SecondaryOfPN_01
 30562668  1 1 PASS
 30562668  2 0 ses2MesFail
281924357  1 0 ses2MesFail
203233711  1 1 PASS
 74199070  1 1 PASS
162922904  1 1 PASS
340483972  1 0 ses2MesFail
162437782  1 0 ses2MesFail
 73674320  1 1 PASS
294092966  1 1 PASS
294092966  2 0 SecondaryOfPN_01
294092966  3 0 AltDetFail
459582002  1 1 PASS
340359630  1 1 PASS
260502102  1 1 PASS
260502102  2 0 SecondaryOfPN_01
 30034081  1 1 PASS
 30034081  2 0 ses2MesFail
 30034081  3 0 newMesBelowThresh
389625539  1 1 PASS
302041425  1 1 PASS
302041425  2 0 SecondaryOfPN_01
350479496  1 1 PASS
350479496  2 0 SecondaryOfPN_01
 53547349  1 0 ses2MesFail
 55781202  1 0 ses2MesFail
303611085  1 1 PASS
 71542177  1 1 PASS
145112971  1 0 ses2MesFail
382028425  1 1 PASS
413302872  1 0 ses2MesFail
448416124  1 1 PASS
 73260087  1 0 ses2MesFail
 73260087  2 0 ses2MesFail
181817731  1 0 ses2MesFail
181817731  2 0 SecondaryOfPN_01
149176080  1 0 AltDetFail
149176080  2 0 AltDetFail
735229757  1 0 AltDetFail
735229757  2 0 AltDetFail
393471167  1 1 PASS
 54085154  1 1 PASS
389869955  1 1 PASS
389869955  2 0 AltDetFail
389869955  3 0 AltDetFail
150105822  1 1 PASS
307210830  1 1 PASS
307210830  2 1 PASS
398328564  1 1 PASS
106498211  1 1 PASS
144932696  1 1 PASS
168067848  1 0 ses2MesFail
448589187  1 1 PASS
382101519  1 0 AltDetFail
167524561  1 1 PASS
167524561  2 0 AltDetFail
 41233728  1 1 PASS
 41233728  2 0 AltDetFail
458202449  1 0 ses2MesFail
471015240  1 0 AltDetFail
404851207  1 0 AltDetFail
 55369219  1 1 PASS
277298771  1 1 PASS
277298771  2 0 ses2MesFail
459997997  1 1 PASS
 38634085  1 1 PASS
 38634085  2 0 SecondaryOfPN_01
 38634085  3 0 AltDetFail
 38634085  4 0 AltDetFail
141937127  1 1 PASS
141937127  2 0 AltDetFail
372909935  1 1 PASS
437261733  1 1 PASS
162893536  1 0 ses2MesFail
363252180  1 0 ses2MesFail
178653947  1 1 PASS
 80626650  1 1 PASS
 38680052  1 1 PASS
 98751019  1 0 ses2MesFail
372913439  1 1 PASS
460722920  1 0 AltDetFail
303644090  1 0 newMesShrink
303644090  2 0 SecondaryOfPN_01
272232401  1 1 PASS
272232401  2 0 ses2MesFail
141227133  1 1 PASS
461080504  1 1 PASS
276934414  1 0 AltDetFail
812787337  1 1 PASS
302995864  1 0 AltDetFail
302995864  2 0 AltDetFail
302995864  3 0 AltDetFail
461772368  1 0 ses2MesFail
461772368  2 0 SecondaryOfPN_01
 45493428  1 0 AltDetFail
162143408  1 0 ses2MesFail
162143408  2 0 ses2MesFail
 52197558  1 1 PASS
 52197558  2 0 AltDetFail
 52197558  3 0 AltDetFail
384855693  1 1 PASS
151764983  1 0 ses2MesFail
272550631  1 0 ses2MesFail
 14614418  1 1 PASS
375879013  1 0 AltDetFail
375879013  2 0 AltDetFail
375879013  3 0 AltDetFail
342167886  1 0 ses2MesFail
350274840  1 1 PASS
332774134  1 1 PASS
458076434  1 1 PASS
458076434  2 0 ChasesFail
335380087  1 0 ses2MesFail
302959739  1 0 ses2MesFail
463230082  1 0 ses2MesFail
300651846  1 1 PASS
300651846  2 0 SecondaryOfPN_01
300651846  3 0 AltDetFail
177078970  1 0 ses2MesFail
276793501  1 0 AltDetFail
131966355  1 1 PASS
143058907  1 0 ses2MesFail
143058907  2 0 AltDetFail
309025182  1 0 newMesShrink
309025182  2 0 newMesShrink
382188882  1 1 PASS
375052613  1 1 PASS
902544510  1 0 ses2MesFail
 54044474  1 1 PASS
 57532920  1 0 ses2MesFail
260504446  1 1 PASS
260504446  2 0 SecondaryOfPN_01
260504446  3 0 AltDetFail
333736132  1 0 ses2MesFail
 82768709  1 1 PASS
 29052041  1 0 ses2MesFail
193271278  1 1 PASS
193271278  2 0 SecondaryOfPN_01
314825931  1 0 ChasesFail
300012172  1 0 ses2MesFail
300012172  2 0 AltDetFail
 74887313  1 1 PASS
 82949776  1 1 PASS
 82949776  2 0 AltDetFail
 82949776  3 0 AltDetFail
 82949776  4 0 AltDetFail
 82949776  5 0 AltDetFail
142087638  1 1 PASS
 48476907  1 1 PASS
231799463  1 0 newMesBelowThresh
231799463  2 0 ses2MesFail
429358906  1 1 PASS
443584715  1 0 ses2MesFail
443584715  2 0 ses2MesFail
462038629  1 1 PASS
286065379  1 0 ses2MesFail
461874418  1 1 PASS
461874418  2 0 SecondaryOfPN_01
314826870  1 0 ses2MesFail
126737992  1 1 PASS
350480660  1 1 PASS
350480660  2 0 SecondaryOfPN_01
192990023  1 0 ses2MesFail
192990023  2 0 AltDetFail
309146836  1 0 newMesShrink
309627556  1 1 PASS
436894188  1 1 PASS
308451526  1 1 PASS
308451526  2 0 AltDetFail
308451526  3 0 AltDetFail
   990903  1 0 ses2MesFail
   990903  2 0 newMesBelowThresh
 35009898  1 1 PASS
 30267198  1 1 PASS
167754658  1 1 PASS
238592526  1 0 ses2MesFail
382266319  1 0 ses2MesFail
382266319  2 0 AltDetFail
364302118  1 0 newMesShrink
364302118  2 0 AltDetFail
464665587  1 0 AltDetFail
464665587  2 0 AltDetFail
151641253  1 1 PASS
151641253  2 0 SecondaryOfPN_01
151641253  3 0 AltDetFail
144189704  1 0 ChasesFail
 93911780  1 1 PASS
150167117  1 0 ses2MesFail
458536977  1 1 PASS
458536977  2 0 SecondaryOfPN_01
177033503  1 0 ChasesFail
447061717  1 0 ses2MesFail
152852327  1 1 PASS
147466817  1 1 PASS
167526477  1 1 PASS
 53178352  1 0 ses2MesFail
 53178352  2 0 AltDetFail
144192174  1 0 ses2MesFail
120302781  1 1 PASS
 93269120  1 1 PASS
335588842  1 0 ses2MesFail
260411041  1 0 AltDetFail
146810480  1 0 AltDetFail
146810480  2 0 AltDetFail
453450581  1 1 PASS
464125146  1 1 PASS
 57830249  1 0 ses2MesFail
 57830249  2 1 PASS
188241305  1 0 AltDetFail
140900726  1 1 PASS
 33731507  1 1 PASS
 33731507  2 0 SecondaryOfPN_01
458857720  1 1 PASS
152108700  1 1 PASS
370956584  1 1 PASS
180991313  1 1 PASS
277100604  1 1 PASS
286935502  1 1 PASS
286935502  2 0 SecondaryOfPN_01
901146127  1 1 PASS
901146127  2 0 AltDetFail
901146127  3 0 AltDetFail
901146127  4 0 AltDetFail
 40534599  1 0 ChasesFail
274791367  1 0 AltDetFail
341729521  1 1 PASS
341729521  2 0 SecondaryOfPN_01
259648079  1 0 ses2MesFail
259648079  2 0 ses2MesFail
259648079  3 0 ses2MesFail
362672910  1 0 ChasesFail
362672910  2 0 ses2MesFail
362672910  3 0 AltDetFail
362672910  4 0 AltDetFail
141811446  1 1 PASS
141811446  2 0 SecondaryOfPN_01
309403898  1 0 ses2MesFail
 35655828  1 1 PASS
 35655828  2 1 PASS
238226533  1 1 PASS
 38132345  1 0 ChasesFail
149473467  1 0 newMesShrink
260161144  1 0 ses2MesFail
260161144  2 0 AltDetFail
457864221  1 1 PASS
464296022  1 1 PASS
192562305  1 1 PASS
192562305  2 0 SecondaryOfPN_01
192562305  3 0 SecondaryOfPN_01
192562305  4 0 ses2MesFail
332773380  1 1 PASS
332773380  2 0 AltDetFail
149573659  1 1 PASS
149573659  2 0 SecondaryOfPN_01
294396667  1 1 PASS
294396667  2 0 SecondaryOfPN_01
 89702406  1 0 ses2MesFail
 57513388  1 1 PASS
 57513388  2 0 ses2MesFail
281428790  1 1 PASS
 31063696  1 0 ses2MesFail
360205899  1 1 PASS
220405105  1 0 ses2MesFail
231074850  1 1 PASS
231074850  2 0 SecondaryOfPN_01
176874136  1 1 PASS
458599043  1 0 ChasesFail
404970655  1 1 PASS
141914082  1 1 PASS
 57650781  1 1 PASS
220433364  1 0 ChasesFail
220433364  2 0 newMesShrink
220433364  3 0 ChasesFail
220433364  4 0 newMesBelowThresh
220433364  5 0 ChasesFail
287078193  1 1 PASS
 73010274  1 1 PASS
469216438  1 1 PASS
437248515  1 1 PASS
340356526  1 0 AltDetFail
340356526  2 0 AltDetFail
 55652896  1 0 ses2MesFail
219189765  1 1 PASS
 38827910  1 0 ChasesFail
443614071  1 1 PASS
364398410  1 0 ses2MesFail
364398410  2 0 AltDetFail
363255513  1 0 ses2MesFail
429152614  1 0 ses2MesFail
429152614  2 0 ses2MesFail
 29871807  1 1 PASS
177309964  1 0 AltDetFail
260493043  1 1 PASS
180259852  1 0 newMesShrink
307210445  1 0 ses2MesFail
 70715021  1 0 ses2MesFail
 70715021  2 0 SecondaryOfPN_01
306510653  1 1 PASS
178709444  1 1 PASS
358463513  1 1 PASS
460071288  1 0 AltDetFail
460071288  2 0 AltDetFail
460071288  3 0 AltDetFail
 74482749  1 1 PASS
460417238  1 1 PASS
158455623  1 1 PASS
158455623  2 0 SecondaryOfPN_01
177077475  1 0 ses2MesFail
177077475  2 0 ses2MesFail
371451519  1 1 PASS
 48779170  1 0 ses2MesFail
 48779170  2 1 PASS
 48779170  3 0 AltDetFail
158588995  1 1 PASS
150359500  1 0 ses2MesFail
150359500  2 0 ses2MesFail
150359500  3 1 PASS
388413127  1 1 PASS
460120116  1 1 PASS
469212332  1 0 ses2MesFail
308537791  1 0 AltDetFail
308537791  2 0 AltDetFail
 30275737  1 1 PASS
446764692  1 0 newMesShrink
413376180  1 1 PASS
179576115  1 1 PASS
 57531201  1 1 PASS
460600835  1 1 PASS
 70717462  1 1 PASS
458342769  1 1 PASS
146846569  1 1 PASS
157788555  1 0 AltDetFail
349907707  1 0 ses2MesFail
262577838  1 0 newMesBelowThresh
145508960  1 1 PASS
  4970499  1 0 AltDetFail
  4970499  2 0 AltDetFail
294271676  1 1 PASS
294271676  2 0 ChasesFail
294271676  3 0 AltDetFail
294271676  4 0 AltDetFail
 32150999  1 1 PASS
 32150999  2 0 SecondaryOfPN_01
278825715  1 0 ses2MesFail
149248196  1 0 ses2MesFail
141268467  1 1 PASS
141268467  2 0 AltDetFail
260657291  1 1 PASS
459162034  1 1 PASS
307433122  1 0 ses2MesFail
238227405  1 0 ses2MesFail
143034559  1 0 AltDetFail
308932824  1 0 ses2MesFail
152479307  1 0 ses2MesFail
 46106659  1 0 ses2MesFail
 71222516  1 0 ChasesFail
459707738  1 0 AltDetFail
459707738  2 0 AltDetFail
162585282  1 0 ses2MesFail
162585282  2 0 ses2MesFail
348842168  1 1 PASS
460140752  1 1 PASS
375362058  1 1 PASS
145879095  1 1 PASS
364588501  1 0 ses2MesFail
448358913  1 1 PASS
300871376  1 0 AltDetFail
300871376  2 0 AltDetFail
300871376  3 0 AltDetFail
458859193  1 0 AltDetFail
300013489  1 1 PASS
349307344  1 0 newMesBelowThresh
458739300  1 0 ses2MesFail
 98753307  1 1 PASS
371867468  1 1 PASS
 38699825  1 0 AltDetFail
176980970  1 0 newMesBelowThresh
398243122  1 0 AltDetFail
398243122  2 0 AltDetFail
 89787749  1 0 AltDetFail
322736134  1 0 ses2MesFail
464334734  1 0 ses2MesFail
272194883  1 0 ses2MesFail
260536927  1 1 PASS
425064757  1 0 AltDetFail
425064757  2 0 newMesShrink
425064757  3 0 AltDetFail
162919284  1 1 PASS
349053146  1 0 AltDetFail
349053146  2 0 AltDetFail
177283493  1 0 ses2MesFail
177283493  2 0 AltDetFail
814547613  1 0 AltDetFail
814547613  2 0 AltDetFail
306736831  1 0 ses2MesFail
271893367  1 1 PASS
371733347  1 0 ses2MesFail
 53187551  1 0 ChasesFail
185259483  1 0 AltDetFail
350954265  1 1 PASS
294206429  1 1 PASS
294206429  2 0 ses2MesFail
162091088  1 0 ses2MesFail
162091088  2 0 ChasesFail
162091088  3 0 ses2MesFail
357201371  1 1 PASS
306773798  1 0 ses2MesFail
342004873  1 0 AltDetFail
358107516  1 1 PASS
385330728  1 0 ses2MesFail
293449205  1 1 PASS
293449205  2 0 SecondaryOfPN_01
304023339  1 1 PASS
 31963132  1 0 ses2MesFail
294257082  1 0 ses2MesFail
294257082  2 1 PASS
300038246  1 1 PASS
 34071475  1 0 AltDetFail
279251651  1 1 PASS
444842373  1 1 PASS
168312820  1 1 PASS
168312820  2 0 SecondaryOfPN_01
274993191  1 1 PASS
460014571  1 0 AltDetFail
460014571  2 0 AltDetFail
 31960529  1 0 ChasesFail
303733089  1 1 PASS
303733089  2 0 SecondaryOfPN_01
378117290  1 1 PASS
361060749  1 1 PASS
149913598  1 0 ses2MesFail
 89463560  1 1 PASS
 89463560  2 0 AltDetFail
 89463560  3 0 AltDetFail
141975926  1 0 ChasesFail
141975926  2 0 ses2MesFail
260128333  1 1 PASS
404768019  1 0 ses2MesFail
181226824  1 0 ses2MesFail
181226824  2 0 newMesShrink
348995211  1 1 PASS
 73389174  1 0 newMesShrink
385707916  1 1 PASS
 34068865  1 1 PASS
363966633  1 1 PASS
 45918336  1 0 newMesShrink
 11935448  1 0 ses2MesFail
 33877343  1 1 PASS
 55061989  1 0 ses2MesFail
 32052779  1 0 ChasesFail
457932003  1 1 PASS
463517235  1 1 PASS
463517235  2 0 ses2MesFail
173145389  1 0 ses2MesFail
442333407  1 0 AltDetFail
310817737  1 1 PASS
310817737  2 0 SecondaryOfPN_01
348898049  1 0 ChasesFail
145151809  1 1 PASS
219443424  1 1 PASS
219443424  2 0 AltDetFail
150100421  1 0 ses2MesFail
145986231  1 1 PASS
271186951  1 0 ses2MesFail
271186951  2 1 PASS
271186951  3 0 AltDetFail
457418232  1 1 PASS
457418232  2 0 SecondaryOfPN_01
260407924  1 1 PASS
188042783  1 0 ses2MesFail
188042783  2 0 ses2MesFail
347694253  1 0 ses2MesFail
102764828  1 1 PASS
180257158  1 1 PASS
410450507  1 1 PASS
118313102  1 0 ChasesFail
118313102  2 0 ses2MesFail
382256692  1 0 AltDetFail
382256692  2 0 AltDetFail
382256692  3 0 AltDetFail
382256692  4 0 AltDetFail
151825527  1 1 PASS
374095457  1 1 PASS
358290150  1 1 PASS
358290150  2 0 newMesBelowThresh
358290150  3 0 AltDetFail
 23500817  1 1 PASS
 12007147  1 1 PASS
460416229  1 1 PASS
148560397  1 0 ses2MesFail
148560397  2 0 SecondaryOfPN_01
350297825  1 1 PASS
385458269  1 1 PASS
238542895  1 1 PASS
163581410  1 0 ChasesFail
163581410  2 0 AltDetFail
163581410  3 0 AltDetFail
309254930  1 1 PASS
295071643  1 1 PASS
179317684  1 1 PASS
 33864387  1 1 PASS
 71617718  1 0 ses2MesFail
457512814  1 1 PASS
404850274  1 1 PASS
408436635  1 1 PASS
141865875  1 0 AltDetFail
141865875  2 0 AltDetFail
141865875  3 0 AltDetFail
307490261  1 1 PASS
  5597108  1 1 PASS
167602738  1 1 PASS
167602738  2 0 AltDetFail
260239481  1 1 PASS
260239481  2 0 newMesShrink
137136194  1 1 PASS
137136194  2 0 SecondaryOfPN_01
 48476908  1 1 PASS
 77104856  1 0 ChasesFail
463829088  1 0 AltDetFail
306635088  1 1 PASS
272086159  1 0 ses2MesFail
140510824  1 0 AltDetFail
140510824  2 0 AltDetFail
149218284  1 0 AltDetFail
149218284  2 0 AltDetFail
458473363  1 0 AltDetFail
400285502  1 0 AltDetFail
260160482  1 0 AltDetFail
340634383  1 1 PASS
 34574105  1 1 PASS
 34574105  2 0 SecondaryOfPN_01
 80933417  1 1 PASS
176937887  1 0 AltDetFail
176937887  2 0 AltDetFail
268963753  1 1 PASS
382188816  1 0 ses2MesFail
 38846515  1 1 PASS
220478846  1 1 PASS
355156860  1 0 ses2MesFail
355156860  2 1 PASS
355156860  3 0 AltDetFail
355156860  4 0 AltDetFail
  5906850  1 1 PASS
219246754  1 0 ChasesFail
404804908  1 1 PASS
457409850  1 0 ses2MesFail
141770592  1 1 PASS
 49504409  1 1 PASS
350025490  1 1 PASS
289801172  1 1 PASS
293345927  1 1 PASS
293345927  2 0 SecondaryOfPN_01
386627236  1 1 PASS
278683844  1 1 PASS
180279842  1 0 ses2MesFail
 55650494  1 1 PASS
268644785  1 1 PASS
 45696212  1 0 ses2MesFail
381979901  1 1 PASS
348995212  1 1 PASS
302040469  1 1 PASS
322807675  1 1 PASS
 33864821  1 1 PASS
 33864821  2 0 SecondaryOfPN_01
 33864821  3 0 AltDetFail
279425357  1 1 PASS
364538560  1 1 PASS
364538560  2 0 SecondaryOfPN_01
370955883  1 1 PASS
370955883  2 0 SecondaryOfPN_01
219643957  1 0 newMesBelowThresh
152806029  1 1 PASS
 34637068  1 0 ChasesFail
 34637068  2 0 ses2MesFail
355159393  1 0 AltDetFail
 31381651  1 1 PASS
141122198  1 0 ses2MesFail
141122198  2 0 newMesBelowThresh
463374279  1 1 PASS
463374279  2 0 AltDetFail
177175199  1 1 PASS
 90133085  1 1 PASS
260304800  1 1 PASS
 52129234  1 1 PASS
167303776  1 0 ses2MesFail
167303776  2 1 PASS
167303776  3 1 PASS
167303776  4 1 PASS
167303776  5 1 PASS
167303776  6 1 PASS
305693987  1 1 PASS
178723395  1 1 PASS
178723395  2 0 SecondaryOfPN_01
304030311  1 0 ChasesFail
304030311  2 0 SecondaryOfPN_01
343088838  1 1 PASS
151737954  1 0 ses2MesFail
167812449  1 1 PASS
167812449  2 0 SecondaryOfPN_01
 78182722  1 1 PASS
 40797468  1 1 PASS
141232621  1 0 ses2MesFail
874278065  1 0 ses2MesFail
 32062341  1 1 PASS
 32062341  2 0 SecondaryOfPN_01
362605708  1 1 PASS
162246865  1 1 PASS
278683641  1 1 PASS
278683641  2 0 SecondaryOfPN_01
307368492  1 1 PASS
145982812  1 1 PASS
163359135  1 1 PASS
 38086090  1 1 PASS
136209613  1 0 ses2MesFail
136209613  2 0 newMesShrink
136209613  3 0 newMesShrink
136209613  4 0 newMesShrink
136209613  5 0 AltDetFail
136209613  6 0 AltDetFail
375034557  1 0 ses2MesFail
341549737  1 0 ses2MesFail
341549737  2 0 ses2MesFail
118084297  1 0 ses2MesFail
152701968  1 0 ChasesFail
391627568  1 1 PASS
391627568  2 0 SecondaryOfPN_01
148612683  1 1 PASS
458807736  1 0 ses2MesFail
471013743  1 0 AltDetFail
471013743  2 0 AltDetFail
294754396  1 0 ChasesFail
294754396  2 0 ses2MesFail
260476635  1 0 AltDetFail
377014890  1 0 AltDetFail
377014890  2 0 AltDetFail
377014890  3 0 AltDetFail
272236017  1 1 PASS
276935987  1 0 ChasesFail
384549882  1 1 PASS
384549882  2 0 AltDetFail
167344043  1 0 ChasesFail
149308175  1 0 AltDetFail
149308175  2 0 AltDetFail
442456453  1 1 PASS
442456453  2 0 SecondaryOfPN_01
442456453  3 0 AltDetFail
458961005  1 1 PASS
350141505  1 0 ChasesFail
140802498  1 1 PASS
140802498  2 0 SecondaryOfPN_01
402055090  1 1 PASS
382260153  1 1 PASS
390542554  1 0 ses2MesFail
445582160  1 0 ses2MesFail
445582160  2 1 PASS
458267524  1 0 ses2MesFail
147660201  1 1 PASS
385323967  1 1 PASS
385323967  2 0 SecondaryOfPN_01
385323967  3 0 AltDetFail
 35521281  1 1 PASS
374083993  1 0 newMesShrink
150166721  1 1 PASS
150166721  2 0 ChasesFail
150166721  3 0 AltDetFail
167005481  1 0 AltDetFail
238570141  1 0 ses2MesFail
277173427  1 0 AltDetFail
151959065  1 1 PASS
141828072  1 1 PASS
152513129  1 1 PASS
152513129  2 0 SecondaryOfPN_01
 25899030  1 0 ses2MesFail
355800238  1 1 PASS
  5092088  1 1 PASS
 32658723  1 1 PASS
 32658723  2 0 ses2MesFail
 32658723  3 0 AltDetFail
101910325  1 1 PASS
101910325  2 0 SecondaryOfPN_01
101910325  3 0 SecondaryOfPN_01
422383049  1 1 PASS
349088467  1 1 PASS
 30902091  1 1 PASS
307435285  1 1 PASS
105710145  1 1 PASS
105710145  2 0 ses2MesFail
105710145  3 0 ses2MesFail
410451083  1 1 PASS
410451083  2 0 AltDetFail
140580579  1 0 ses2MesFail
140580579  2 0 SecondaryOfPN_01
147277752  1 0 ses2MesFail
147277752  2 0 ses2MesFail
 44988465  1 1 PASS
 44988465  2 0 ses2MesFail
280735101  1 1 PASS
458856474  1 1 PASS
381974193  1 0 ses2MesFail
260609330  1 0 ses2MesFail
303443247  1 0 ses2MesFail
303443247  2 0 ses2MesFail
303443247  3 0 ses2MesFail
303443247  4 1 PASS
376424857  1 0 newMesShrink
376424857  2 0 ses2MesFail
357023705  1 0 ses2MesFail
167554898  1 1 PASS
281579907  1 0 ses2MesFail
309618061  1 0 newMesBelowThresh
458230632  1 1 PASS
138693155  1 1 PASS
294159330  1 0 ses2MesFail
377263944  1 1 PASS
377263944  2 0 SecondaryOfPN_01
374910314  1 0 ses2MesFail
341545884  1 0 ses2MesFail
430663414  1 1 PASS
457939414  1 1 PASS
437257153  1 1 PASS
437257153  2 0 newMesShrink
437257153  3 0 SecondaryOfPN_01
400595342  1 1 PASS
144299351  1 0 ses2MesFail
 14661418  1 1 PASS
458038392  1 1 PASS
158329695  1 1 PASS
147022379  1 0 ses2MesFail
 98954821  1 0 ses2MesFail
 98954821  2 0 newMesBelowThresh
150442268  1 1 PASS
287077351  1 0 ses2MesFail
141869060  1 1 PASS
813529007  1 1 PASS
339672028  1 1 PASS
280095254  1 1 PASS
 57151429  1 0 ses2MesFail
 57151429  2 0 ChasesFail
443581121  1 0 ses2MesFail
181015118  1 0 ses2MesFail
181015118  2 0 ses2MesFail
144705097  1 1 PASS
144705097  2 0 AltDetFail
813529012  1 1 PASS
281496939  1 1 PASS
281496939  2 0 SecondaryOfPN_01
152231997  1 1 PASS
152231997  2 0 SecondaryOfPN_01
385231167  1 1 PASS
385231167  2 0 SecondaryOfPN_01
372913432  1 1 PASS
463782687  1 1 PASS
358870376  1 1 PASS
341420329  1 1 PASS
260476837  1 1 PASS
 36124955  1 0 ses2MesFail
 36124955  2 0 ses2MesFail
176868561  1 0 AltDetFail
176868561  2 0 AltDetFail
185195065  1 0 ses2MesFail
102195674  1 1 PASS
102195674  2 0 AltDetFail
102195674  3 0 AltDetFail
285970603  1 0 ses2MesFail
 38132585  1 0 ses2MesFail
454010069  1 1 PASS
454010069  2 0 SecondaryOfPN_01
185221943  1 0 AltDetFail
185221943  2 0 AltDetFail
121885237  1 0 ChasesFail
118174633  1 0 ses2MesFail
303547792  1 1 PASS
103057885  1 1 PASS
 30848598  1 1 PASS
238709783  1 1 PASS
 57652994  1 0 ses2MesFail
 45309092  1 1 PASS
 45309092  2 1 PASS
393340631  1 1 PASS
393340631  2 0 SecondaryOfPN_01
102978235  1 1 PASS
102978235  2 0 SecondaryOfPN_01
391925531  1 0 ses2MesFail
357299790  1 0 ses2MesFail
357299790  2 0 SecondaryOfPN_01
339859782  1 0 ses2MesFail
307084982  1 0 ses2MesFail
307084982  2 0 ses2MesFail
 70826190  1 0 ChasesFail
102840237  1 1 PASS
439610306  1 1 PASS
443790063  1 0 ses2MesFail
372851229  1 0 AltDetFail
372851229  2 0 AltDetFail
372851229  3 0 AltDetFail
 20414865  1 1 PASS
 20414865  2 0 AltDetFail
309659124  1 0 AltDetFail
 40612150  1 1 PASS
 40340867  1 1 PASS
306576958  1 0 AltDetFail
382068562  1 1 PASS
458232783  1 1 PASS
462320070  1 0 newMesBelowThresh
340638718  1 0 ChasesFail
142087340  1 0 ses2MesFail
303217455  1 1 PASS
279572957  1 1 PASS
238374636  1 1 PASS
 33153766  1 1 PASS
363154663  1 0 AltDetFail
363154663  2 0 AltDetFail
307783750  1 1 PASS
307783750  2 1 PASS
307783750  3 0 AltDetFail
294328887  1 1 PASS
294328887  2 0 AltDetFail
 49418981  1 0 newMesShrink
 49418981  2 0 SecondaryOfPN_01
 46029665  1 0 ses2MesFail
 46029665  2 0 ses2MesFail
 46029665  3 0 ses2MesFail
 45599777  1 1 PASS
 45599777  2 0 SecondaryOfPN_01
278777898  1 0 ChasesFail
140691463  1 1 PASS
220435095  1 1 PASS
306828113  1 1 PASS
101534291  1 1 PASS
 31273263  1 0 ses2MesFail
294273900  1 0 AltDetFail
302037442  1 0 AltDetFail
 73764158  1 1 PASS
152804087  1 1 PASS
152804087  2 0 SecondaryOfPN_01
 57467798  1 0 ses2MesFail
 57467798  2 0 newMesBelowThresh
 80310118  1 1 PASS
260043723  1 1 PASS
 93723838  1 1 PASS
 93723838  2 0 ChasesFail
150273402  1 1 PASS
193136669  1 1 PASS
193068556  1 1 PASS
295440174  1 1 PASS
432563559  1 1 PASS
356453768  1 1 PASS
277108449  1 1 PASS
 25155310  1 1 PASS
361837196  1 1 PASS
106151682  1 1 PASS
106151682  2 0 SecondaryOfPN_01
 34069197  1 1 PASS
 34069197  2 0 ses2MesFail
101498320  1 1 PASS
101498320  2 0 AltDetFail
101498320  3 0 AltDetFail
150320620  1 1 PASS
440538436  1 1 PASS
363419240  1 0 AltDetFail
363419240  2 0 AltDetFail
181159386  1 1 PASS
 44642906  1 1 PASS
 44642906  2 0 SecondaryOfPN_01
157175641  1 0 ses2MesFail
157175641  2 0 AltDetFail
384355530  1 1 PASS
384355530  2 0 SecondaryOfPN_01
389669796  1 1 PASS
187930369  1 1 PASS
187930369  2 0 SecondaryOfPN_01
179308923  1 0 AltDetFail
362970860  1 0 ses2MesFail
362970860  2 0 ses2MesFail
 38085803  1 0 ChasesFail
150066550  1 0 ses2MesFail
150066550  2 0 newMesBelowThresh
441444256  1 1 PASS
 29830830  1 0 ses2MesFail
342169848  1 0 ses2MesFail
269408869  1 0 AltDetFail
152801089  1 1 PASS
152801089  2 0 SecondaryOfPN_01
356522323  1 0 AltDetFail
438748592  1 1 PASS
158499577  1 1 PASS
158499577  2 0 SecondaryOfPN_01
158499577  3 0 newMesBelowThresh
158499577  4 0 newMesBelowThresh
393837491  1 1 PASS
393837491  2 0 SecondaryOfPN_01
126797048  1 0 ses2MesFail
314826949  1 1 PASS
140030318  1 1 PASS
445586472  1 1 PASS
339890862  1 1 PASS
339890862  2 0 SecondaryOfPN_01
309257814  1 1 PASS
429304876  1 1 PASS
 89408968  1 1 PASS
372913430  1 1 PASS
 38085741  1 1 PASS
391550834  1 1 PASS
391550834  2 0 SecondaryOfPN_01
339637059  1 0 ses2MesFail
339637059  2 0 AltDetFail
339637059  3 0 AltDetFail
133043643  1 0 ses2MesFail
 81176868  1 1 PASS
 81176868  2 0 SecondaryOfPN_01
373915220  1 1 PASS
220359766  1 0 ses2MesFail
  3520950  1 0 AltDetFail
  3520950  2 0 AltDetFail
349408306  1 1 PASS
349408306  2 0 SecondaryOfPN_01
357898147  1 0 ChasesFail
339633702  1 1 PASS
339633702  2 0 AltDetFail
385332171  1 1 PASS
440932830  1 1 PASS
 81310679  1 0 AltDetFail
141768070  1 1 PASS
314829796  1 1 PASS
370236000  1 0 AltDetFail
370236000  2 0 AltDetFail
370236000  3 0 AltDetFail
274903374  1 1 PASS
454013359  1 1 PASS
454013359  2 0 SecondaryOfPN_01
193274465  1 0 ses2MesFail
339668420  1 0 ses2MesFail
287327575  1 0 ses2MesFail
308094680  1 0 AltDetFail
308094680  2 0 AltDetFail
457427613  1 1 PASS
260505914  1 1 PASS
463794734  1 1 PASS
815761879  1 0 AltDetFail
157773438  1 0 ChasesFail
425068409  1 0 AltDetFail
167526485  1 1 PASS
382969776  1 1 PASS
429340914  1 0 ses2MesFail
441058522  1 1 PASS
308543286  1 0 AltDetFail
 54256015  1 1 PASS
 38113725  1 0 ses2MesFail
 75129148  1 1 PASS
 23382367  1 1 PASS
382302241  1 1 PASS
 38116680  1 1 PASS
443790265  1 1 PASS
162802770  1 1 PASS
220474209  1 0 ses2MesFail
220474209  2 0 newMesShrink
 54147487  1 0 ses2MesFail
 54147487  2 0 ses2MesFail
 31109583  1 1 PASS
410450228  1 1 PASS
299941037  1 1 PASS
 55404385  1 1 PASS
 55404385  2 0 ses2MesFail
429356106  1 0 ses2MesFail
260265964  1 1 PASS
 29426034  1 0 ChasesFail
461867584  1 1 PASS
238766379  1 0 ses2MesFail
 45659093  1 0 AltDetFail
298801915  1 0 ses2MesFail
298801915  2 1 PASS
375059587  1 1 PASS
 53207115  1 0 ses2MesFail
238235259  1 1 PASS
 55269690  1 0 ses2MesFail
142015852  1 0 ses2MesFail
180261612  1 0 ses2MesFail
 33770927  1 1 PASS
220430912  1 1 PASS
220430912  2 0 ses2MesFail
268301217  1 1 PASS
 44304177  1 0 AltDetFail
268966707  1 1 PASS
149539114  1 0 ses2MesFail
 80842501  1 1 PASS
341547269  1 0 ses2MesFail
146886115  1 0 ChasesFail
941996822  1 1 PASS
 89626082  1 1 PASS
 89626082  2 0 AltDetFail
152147232  1 1 PASS
147208702  1 1 PASS
457480521  1 1 PASS
 73672504  1 0 AltDetFail
373918302  1 0 AltDetFail
281582156  1 0 ses2MesFail
303777241  1 1 PASS
303777241  2 0 SecondaryOfPN_01
150101472  1 1 PASS
185247277  1 0 ses2MesFail
463006021  1 0 AltDetFail
463006021  2 0 AltDetFail
144105733  1 0 ses2MesFail
271799457  1 1 PASS
308186412  1 0 newMesBelowThresh
260351540  1 0 ses2MesFail
309659126  1 0 AltDetFail
309659126  2 0 AltDetFail
126733133  1 1 PASS
308098254  1 1 PASS
105705534  1 0 ses2MesFail
105705534  2 0 newMesBelowThresh
382626661  1 1 PASS
167923097  1 1 PASS
 31487792  1 1 PASS
167339584  1 1 PASS
167339584  2 0 AltDetFail
432364834  1 1 PASS
432364834  2 0 SecondaryOfPN_01
 90448944  1 1 PASS
146236991  1 1 PASS
146236991  2 0 ses2MesFail
447214171  1 0 newMesShrink
447214171  2 0 AltDetFail
259908714  1 1 PASS
149603524  1 1 PASS
193193648  1 1 PASS
335588361  1 1 PASS
335588361  2 0 SecondaryOfPN_01
848444810  1 1 PASS
394230860  1 0 ses2MesFail
150437346  1 1 PASS
 23555025  1 1 PASS
 23555025  2 0 SecondaryOfPN_01
370745311  1 1 PASS
370745311  2 0 AltDetFail
193191633  1 0 AltDetFail
448419342  1 1 PASS
118084044  1 1 PASS
388624270  1 1 PASS
238181448  1 0 ChasesFail
260353841  1 1 PASS
260353841  2 0 AltDetFail
135036669  1 1 PASS
445903569  1 1 PASS
393491149  1 0 AltDetFail
