 22017780  1 1 PASS
  4735737  1 0 ses2MesFail
 48021750  1 0 ses2MesFail
  4751714  1 0 ses2MesFail
 22818693  1 1 PASS
  5080227  1 0 ses2MesFail
 53566790  1 0 ses2MesFail
  8967242  1 1 PASS
 55752857  1 0 ChasesFail
  9391225  1 0 ses2MesFail
 55753802  1 0 AltDetFail
 55753802  2 0 AltDetFail
  9391226  1 0 ses2MesFail
 55753808  1 0 AltDetFail
 55753808  2 0 AltDetFail
  9391285  1 0 ses2MesFail
  9391285  2 0 SecondaryOfPN_01
 55778901  1 0 AltDetFail
 55778901  2 0 AltDetFail
  9461737  1 1 PASS
  9461737  2 0 AltDetFail
 61285257  1 0 AltDetFail
 61285257  2 0 AltDetFail
 61285257  3 0 AltDetFail
 10111251  1 0 AltDetFail
 61323985  1 0 newMesShrink
 10184244  1 1 PASS
 63189582  1 1 PASS
 10202502  1 0 ses2MesFail
 63309085  1 0 ses2MesFail
 11895653  1 0 newMesBelowThresh
 77139245  1 0 ses2MesFail
 77139245  2 0 ses2MesFail
 77139245  3 0 AltDetFail
 77139245  4 0 AltDetFail
 11906983  1 0 ses2MesFail
 67474119  1 0 AltDetFail
 67474119  2 0 AltDetFail
 67474119  3 0 AltDetFail
 11908422  1 1 PASS
 77172655  1 0 ses2MesFail
 14826027  1 1 PASS
 14826027  2 0 AltDetFail
 14826027  3 0 AltDetFail
 82286093  1 0 ChasesFail
 14948284  1 1 PASS
 82332102  1 0 newMesBelowThresh
 17740827  1 0 newMesBelowThresh
 82594909  1 0 ses2MesFail
 82594909  2 0 ChasesFail
 17993892  1 1 PASS
 85245420  1 0 ses2MesFail
 18022414  1 0 ses2MesFail
 85334035  1 0 ses2MesFail
 85334035  2 0 ChasesFail
 18028547  1 1 PASS
 85335956  1 0 ses2MesFail
 18029695  1 0 ses2MesFail
 86152451  1 0 newMesBelowThresh
 21549606  1 0 ses2MesFail
 67402596  1 0 AltDetFail
 67444574  1 0 ses2MesFail
 86178367  1 0 ses2MesFail
 86182628  1 1 PASS
 95742888  1 0 ses2MesFail
 95778110  1 1 PASS
 95778443  1 0 ses2MesFail
 95856782  1 0 ses2MesFail
 95858936  1 0 ses2MesFail
 95859252  1 0 ses2MesFail
 95927692  1 1 PASS
 95927692  2 0 AltDetFail
 97470889  1 0 ses2MesFail
 97486585  1 1 PASS
 97486585  2 0 ses2MesFail
 97486585  3 0 ses2MesFail
 97486585  4 0 ses2MesFail
 97487099  1 0 ChasesFail
 97522920  1 0 ChasesFail
 97524628  1 0 ses2MesFail
 97757815  1 0 ses2MesFail
 98337456  1 1 PASS
 99254945  1 1 PASS
 99254945  2 0 SecondaryOfPN_01
 99269890  1 0 AltDetFail
 99269890  2 0 AltDetFail
 99269890  3 0 AltDetFail
 99302859  1 0 ses2MesFail
 99302859  2 0 ses2MesFail
115920747  1 1 PASS
115920747  2 0 SecondaryOfPN_01
119584412  1 1 PASS
135083444  1 1 PASS
135084513  1 0 ses2MesFail
135085261  1 0 ses2MesFail
135085261  2 0 SecondaryOfPN_01
135086433  1 1 PASS
135086433  2 0 SecondaryOfPN_01
135088521  1 1 PASS
135088521  2 0 SecondaryOfPN_01
135090643  1 0 ses2MesFail
135100322  1 0 ses2MesFail
135101064  1 0 ses2MesFail
136947471  1 0 ses2MesFail
136995510  1 0 ses2MesFail
136995510  2 0 SecondaryOfPN_01
137025855  1 0 ses2MesFail
137808982  1 1 PASS
137834579  1 0 ses2MesFail
137835068  1 0 ses2MesFail
138756003  1 1 PASS
138756003  2 0 SecondaryOfPN_01
138756003  3 0 AltDetFail
138762614  1 1 PASS
138819130  1 1 PASS
138819293  1 1 PASS
138822719  1 0 ses2MesFail
138910382  1 1 PASS
138910382  2 0 ChasesFail
139053027  1 1 PASS
139053505  1 1 PASS
139061135  1 1 PASS
139061135  2 0 SecondaryOfPN_01
139452314  1 1 PASS
141148940  1 0 AltDetFail
141148944  1 0 AltDetFail
141179506  1 0 ses2MesFail
141814272  1 0 ses2MesFail
141821186  1 0 AltDetFail
142276270  1 1 PASS
142276270  2 1 PASS
142308209  1 1 PASS
142308209  2 0 SecondaryOfPN_01
142308396  1 0 newMesBelowThresh
142373362  1 0 ses2MesFail
142381532  1 0 ses2MesFail
142387023  1 1 PASS
142387024  1 1 PASS
142394656  1 1 PASS
144376546  1 1 PASS
144376560  1 0 AltDetFail
144376560  2 0 SecondaryOfPN_01
144376560  3 0 AltDetFail
144379971  1 0 ses2MesFail
144400022  1 0 ses2MesFail
144401492  1 1 PASS
144401492  2 1 PASS
147625755  1 1 PASS
147625755  2 0 ChasesFail
147686743  1 1 PASS
148656659  1 1 PASS
148656659  2 0 SecondaryOfPN_01
148679712  1 1 PASS
148763842  1 0 ses2MesFail
148914726  1 1 PASS
148963419  1 0 ses2MesFail
148963419  2 0 ses2MesFail
148963419  3 0 AltDetFail
149470723  1 1 PASS
149470723  2 0 ses2MesFail
149472606  1 1 PASS
150326668  1 1 PASS
150326668  2 0 SecondaryOfPN_01
150384819  1 1 PASS
153951307  1 1 PASS
153976712  1 0 ses2MesFail
153977353  1 1 PASS
153991851  1 0 AltDetFail
153991851  2 0 AltDetFail
153991851  3 0 AltDetFail
154007402  1 1 PASS
154066690  1 0 ses2MesFail
154067797  1 0 AltDetFail
154067797  2 0 AltDetFail
154089169  1 1 PASS
154108146  1 1 PASS
154108146  2 0 AltDetFail
155915231  1 1 PASS
155915231  2 0 AltDetFail
156376126  1 1 PASS
156376126  2 0 AltDetFail
156380098  1 0 ses2MesFail
156462488  1 1 PASS
156996253  1 0 ses2MesFail
157018051  1 1 PASS
157273321  1 1 PASS
157273362  1 1 PASS
158565141  1 0 ses2MesFail
158579379  1 1 PASS
158579379  2 0 AltDetFail
159464498  1 1 PASS
159506540  1 0 ses2MesFail
159524748  1 0 ChasesFail
159527171  1 0 ses2MesFail
159570042  1 1 PASS
159613900  1 0 ses2MesFail
159628659  1 0 AltDetFail
159636127  1 1 PASS
160035228  1 0 ses2MesFail
160425283  1 0 AltDetFail
160472514  1 0 ses2MesFail
160472514  2 0 SesStatFail
160472514  3 0 ses2MesFail
160472514  4 0 newMesBelowThresh
160519380  1 0 AltDetFail
160585813  1 1 PASS
160618494  1 1 PASS
160618494  2 0 SecondaryOfPN_01
160618494  3 0 newMesBelowThresh
160618494  4 0 newMesBelowThresh
160619243  1 0 ses2MesFail
160619243  2 0 ChasesFail
160619243  3 0 newMesBelowThresh
161687311  1 0 AltDetFail
161687316  1 0 AltDetFail
161687316  2 0 AltDetFail
161725464  1 1 PASS
161725464  2 0 ses2MesFail
161725464  3 0 ses2MesFail
161725464  4 0 ChasesFail
161826756  1 1 PASS
165347888  1 0 ses2MesFail
165371937  1 1 PASS
165426151  1 0 ses2MesFail
165428235  1 0 ses2MesFail
165428428  1 0 ses2MesFail
165453878  1 1 PASS
165453878  2 0 SecondaryOfPN_01
165470014  1 0 ses2MesFail
165470014  2 0 ses2MesFail
165599287  1 0 ses2MesFail
165599288  1 0 ses2MesFail
165599289  1 0 ses2MesFail
165626871  1 1 PASS
165626871  2 0 SecondaryOfPN_01
165628502  1 0 AltDetFail
165628502  2 0 AltDetFail
165716470  1 1 PASS
165720650  1 1 PASS
165721304  1 0 ses2MesFail
165721554  1 0 ses2MesFail
165763244  1 1 PASS
165916576  1 0 ses2MesFail
165916576  2 0 ses2MesFail
166074503  1 0 AltDetFail
166087190  1 0 ChasesFail
166087190  2 0 AltDetFail
166178948  1 1 PASS
166647000  1 0 ses2MesFail
166647000  2 0 SecondaryOfPN_01
166648874  1 1 PASS
173046203  1 0 ses2MesFail
180570279  1 1 PASS
180570279  2 0 ses2MesFail
180570279  3 0 ses2MesFail
180570279  4 0 SecondaryOfPN_01
180670276  1 1 PASS
180671254  1 0 newMesShrink
180671254  2 0 ses2MesFail
180695581  1 1 PASS
193971913  1 1 PASS
193971913  2 0 SecondaryOfPN_01
198153540  1 1 PASS
198181552  1 1 PASS
198187008  1 0 newMesShrink
198212955  1 1 PASS
198242678  1 0 ses2MesFail
198242678  2 0 ses2MesFail
198242678  3 1 PASS
198313291  1 0 AltDetFail
198317411  1 0 ses2MesFail
198354443  1 0 AltDetFail
198354443  2 0 AltDetFail
198358825  1 0 ses2MesFail
198382838  1 0 ses2MesFail
198388252  1 0 ChasesFail
198388252  2 0 AltDetFail
198390247  1 1 PASS
198408416  1 1 PASS
198408416  2 0 SecondaryOfPN_01
198416591  1 0 ses2MesFail
198457457  1 0 ChasesFail
198457457  2 1 PASS
198537349  1 1 PASS
198537783  1 0 ses2MesFail
198555959  1 1 PASS
198555959  2 0 SecondaryOfPN_01
199549116  1 1 PASS
199574208  1 1 PASS
199574208  2 0 newMesShrink
199574208  3 0 AltDetFail
199574208  4 0 AltDetFail
199574208  5 0 AltDetFail
199574208  6 0 AltDetFail
199574211  1 1 PASS
199574211  2 0 newMesBelowThresh
199574211  3 0 AltDetFail
199682037  1 0 AltDetFail
199682037  2 0 AltDetFail
199688409  1 1 PASS
199688409  2 0 AltDetFail
199688472  1 1 PASS
199709055  1 1 PASS
199716496  1 0 AltDetFail
202295392  1 0 ses2MesFail
202295392  2 0 ses2MesFail
202299805  1 1 PASS
202299805  2 0 ses2MesFail
202442974  1 1 PASS
202442974  2 0 ses2MesFail
202444594  1 1 PASS
202489696  1 1 PASS
202490797  1 1 PASS
202509016  1 0 ses2MesFail
202509016  2 0 ses2MesFail
202509187  1 0 ses2MesFail
202509442  1 0 ChasesFail
207343225  1 1 PASS
207343225  2 0 SecondaryOfPN_01
207397638  1 1 PASS
207398432  1 1 PASS
207398432  2 0 ses2MesFail
207425167  1 0 ses2MesFail
207425167  2 1 PASS
207435297  1 0 ChasesFail
207493152  1 1 PASS
207493152  2 0 SecondaryOfPN_01
207496306  1 0 AltDetFail
207496306  2 0 AltDetFail
207496824  1 1 PASS
207496824  2 0 AltDetFail
219013711  1 0 ses2MesFail
219016721  1 1 PASS
219016721  2 0 ses2MesFail
219033506  1 1 PASS
219033506  2 0 SecondaryOfPN_01
219033506  3 0 ChasesFail
219040975  1 1 PASS
219096494  1 1 PASS
219109908  1 0 AltDetFail
219428571  1 0 ses2MesFail
219435542  1 1 PASS
219732655  1 0 ses2MesFail
219738202  1 0 AltDetFail
219738202  2 0 AltDetFail
219740926  1 1 PASS
219750638  1 0 ses2MesFail
219750638  2 0 ChasesFail
219751969  1 0 AltDetFail
219751969  2 0 AltDetFail
219751969  3 0 AltDetFail
219765652  1 1 PASS
219771660  1 1 PASS
219788401  1 0 AltDetFail
219790151  1 0 ChasesFail
219790151  2 0 ChasesFail
219823570  1 0 AltDetFail
219859691  1 1 PASS
219859691  2 0 AltDetFail
219882262  1 1 PASS
219900027  1 0 ses2MesFail
219900027  2 0 AltDetFail
224297258  1 1 PASS
224297408  1 1 PASS
224304406  1 1 PASS
224601129  1 0 ses2MesFail
229480487  1 0 ses2MesFail
229487733  1 1 PASS
229501295  1 0 ChasesFail
229585356  1 0 AltDetFail
229585365  1 1 PASS
229585542  1 0 AltDetFail
229588059  1 0 ses2MesFail
229597113  1 0 newMesBelowThresh
229597113  2 0 newMesBelowThresh
229652641  1 0 ses2MesFail
229652641  2 0 ses2MesFail
229655906  1 0 ses2MesFail
229687624  1 1 PASS
229751802  1 1 PASS
229751802  2 0 AltDetFail
229759788  1 0 ses2MesFail
229771234  1 0 AltDetFail
229776076  1 1 PASS
229776076  2 0 ses2MesFail
229779790  1 1 PASS
229788204  1 0 ses2MesFail
229790589  1 0 newMesShrink
229791903  1 0 ses2MesFail
229791903  2 0 AltDetFail
229791903  3 0 AltDetFail
229791903  4 0 AltDetFail
229913521  1 0 ses2MesFail
229913521  2 0 ChasesFail
229913521  3 0 AltDetFail
229914020  1 1 PASS
229914020  2 0 SecondaryOfPN_01
229944188  1 1 PASS
229975095  1 1 PASS
230056235  1 0 newMesBelowThresh
230061567  1 0 AltDetFail
230063769  1 1 PASS
230063769  2 0 SecondaryOfPN_01
230065619  1 1 PASS
230065962  1 1 PASS
230065962  2 0 SecondaryOfPN_01
230083417  1 0 newMesBelowThresh
230086768  1 0 ses2MesFail
230088370  1 1 PASS
230114503  1 1 PASS
230114503  2 0 SecondaryOfPN_01
230127302  1 1 PASS
230136846  1 1 PASS
230386397  1 1 PASS
232612416  1 1 PASS
232628654  1 0 ses2MesFail
232629077  1 1 PASS
232629077  2 0 SecondaryOfPN_01
232634180  1 1 PASS
232634180  2 0 AltDetFail
232634196  1 0 ses2MesFail
232634196  2 0 SecondaryOfPN_01
232643392  1 0 ses2MesFail
232643392  2 0 ses2MesFail
232965249  1 1 PASS
232965249  2 0 SecondaryOfPN_01
232967440  1 1 PASS
232977165  1 1 PASS
232977165  2 0 SecondaryOfPN_01
233080133  1 0 AltDetFail
233087860  1 1 PASS
233120979  1 1 PASS
233124538  1 0 AltDetFail
233124538  2 0 AltDetFail
233131533  1 0 newMesShrink
233163632  1 0 newMesBelowThresh
233166338  1 1 PASS
233207585  1 0 AltDetFail
233207585  2 0 AltDetFail
233208885  1 0 AltDetFail
233208885  2 0 AltDetFail
233208885  3 0 AltDetFail
233211762  1 1 PASS
233211762  2 0 ses2MesFail
233233639  1 0 AltDetFail
233233639  2 0 AltDetFail
233233639  3 0 AltDetFail
233460141  1 1 PASS
233532554  1 1 PASS
233532554  2 0 SecondaryOfPN_01
233532554  3 0 ses2MesFail
233532554  4 0 ses2MesFail
233532554  5 0 newMesBelowThresh
233539736  1 1 PASS
233541860  1 0 AltDetFail
233547261  1 0 ses2MesFail
233679640  1 1 PASS
233679640  2 0 ses2MesFail
233679640  3 0 ChasesFail
233681149  1 1 PASS
233684822  1 1 PASS
233720276  1 1 PASS
233720276  2 0 newMesBelowThresh
233720276  3 0 AltDetFail
233740210  1 1 PASS
235679672  1 1 PASS
236712667  1 0 ses2MesFail
236714379  1 1 PASS
236776750  1 0 AltDetFail
236776750  2 0 AltDetFail
236778955  1 0 ses2MesFail
236778955  2 0 ses2MesFail
237130278  1 0 AltDetFail
237200747  1 0 ChasesFail
237200747  2 1 PASS
237222539  1 0 AltDetFail
237222864  1 1 PASS
237277760  1 1 PASS
237277760  2 0 AltDetFail
237278994  1 1 PASS
240175453  1 0 AltDetFail
243248327  1 1 PASS
243248327  2 0 SecondaryOfPN_01
253050844  1 0 ses2MesFail
253052686  1 0 AltDetFail
253052686  2 0 AltDetFail
255806138  1 0 ses2MesFail
255921197  1 1 PASS
255921197  2 0 AltDetFail
256298934  1 1 PASS
256298934  2 0 SecondaryOfPN_01
257023157  1 1 PASS
257048637  1 0 ses2MesFail
257048642  1 0 ChasesFail
257048642  2 0 ses2MesFail
258351350  1 1 PASS
258351350  2 0 AltDetFail
258771803  1 1 PASS
258777137  1 1 PASS
258799793  1 0 AltDetFail
258954458  1 0 newMesShrink
259006185  1 1 PASS
259006185  2 0 SecondaryOfPN_01
259126645  1 1 PASS
259126645  2 0 newMesBelowThresh
259126645  3 0 newMesShrink
259126645  4 0 AltDetFail
259234246  1 0 ses2MesFail
259236364  1 0 ses2MesFail
263930790  1 1 PASS
263930790  2 0 SecondaryOfPN_01
263930790  3 0 AltDetFail
264175503  1 0 AltDetFail
269696438  1 1 PASS
269698422  1 1 PASS
269698740  1 0 ses2MesFail
269701147  1 1 PASS
270491761  1 0 newMesBelowThresh
272615711  1 1 PASS
272615711  2 0 ses2MesFail
272650576  1 0 ses2MesFail
272650576  2 0 ses2MesFail
272669886  1 1 PASS
272672133  1 1 PASS
272781244  1 0 ses2MesFail
272781624  1 0 newMesBelowThresh
272781956  1 1 PASS
272781956  2 0 AltDetFail
272785770  1 0 ses2MesFail
280031832  1 1 PASS
280033918  1 0 AltDetFail
280163882  1 0 ses2MesFail
282924402  1 1 PASS
282925798  1 1 PASS
284062093  1 0 ses2MesFail
284595199  1 0 ses2MesFail
284595199  2 0 newMesShrink
284595199  3 0 newMesShrink
284891601  1 0 AltDetFail
285094436  1 1 PASS
286169068  1 0 AltDetFail
286169292  1 0 AltDetFail
286169292  2 0 AltDetFail
286900208  1 1 PASS
286900208  2 0 SecondaryOfPN_01
286916251  1 1 PASS
286923464  1 1 PASS
286924945  1 0 ChasesFail
286924945  2 0 ses2MesFail
286924946  1 0 ChasesFail
286924946  2 0 ses2MesFail
286925209  1 1 PASS
287080092  1 1 PASS
287085893  1 0 AltDetFail
287085893  2 0 AltDetFail
287151976  1 1 PASS
288312840  1 1 PASS
288312840  2 0 SecondaryOfPN_01
288344202  1 0 ChasesFail
288391801  1 0 ses2MesFail
288391801  2 0 AltDetFail
288391801  3 0 AltDetFail
288434140  1 1 PASS
288434140  2 0 SecondaryOfPN_01
288434781  1 0 ses2MesFail
288434781  2 0 newMesShrink
288471108  1 1 PASS
288471108  2 0 SecondaryOfPN_01
289522461  1 0 ChasesFail
291074569  1 0 ses2MesFail
291108915  1 0 newMesBelowThresh
293567585  1 0 AltDetFail
298164752  1 0 ses2MesFail
298665328  1 1 PASS
298666530  1 0 AltDetFail
307734817  1 1 PASS
307986093  1 1 PASS
309720946  1 1 PASS
309720946  2 0 newMesBelowThresh
310394398  1 1 PASS
310994603  1 1 PASS
311035838  1 1 PASS
311070085  1 0 ses2MesFail
311070085  2 0 SecondaryOfPN_01
311188656  1 1 PASS
313110473  1 0 ChasesFail
313274615  1 0 ses2MesFail
316333039  1 1 PASS
316333039  2 0 AltDetFail
316333039  3 0 AltDetFail
316450573  1 0 ses2MesFail
316450573  2 0 SecondaryOfPN_01
316450573  3 0 ses2MesFail
320211179  1 0 ses2MesFail
320323992  1 0 AltDetFail
320323992  2 0 AltDetFail
320336697  1 1 PASS
328860378  1 0 ses2MesFail
328862783  1 1 PASS
329246824  1 1 PASS
329246824  2 0 AltDetFail
329248002  1 1 PASS
332229735  1 0 ses2MesFail
332277332  1 1 PASS
332277332  2 0 SecondaryOfPN_01
332314337  1 1 PASS
332334202  1 1 PASS
332334202  2 0 SecondaryOfPN_01
332350654  1 0 ChasesFail
334637014  1 0 ses2MesFail
337283924  1 0 ses2MesFail
341525754  1 1 PASS
341525754  2 0 AltDetFail
347329162  1 1 PASS
353780525  1 0 ses2MesFail
353780788  1 0 AltDetFail
353808664  1 0 ses2MesFail
353854078  1 1 PASS
353854078  2 0 ses2MesFail
353854078  3 0 ses2MesFail
353894978  1 0 ses2MesFail
353898013  1 0 ses2MesFail
353939279  1 1 PASS
353939279  2 0 SecondaryOfPN_01
353939279  3 0 SecondaryOfPN_01
353989471  1 1 PASS
354034635  1 1 PASS
356015357  1 1 PASS
356015357  2 0 SecondaryOfPN_01
356632361  1 1 PASS
356698517  1 0 ses2MesFail
356701798  1 1 PASS
356701798  2 0 AltDetFail
356702180  1 0 AltDetFail
356702180  2 0 AltDetFail
356820646  1 0 ses2MesFail
356820646  2 0 AltDetFail
356896550  1 0 AltDetFail
356896561  1 0 ses2MesFail
357032546  1 0 ses2MesFail
357032546  2 0 ChasesFail
357032546  3 0 ses2MesFail
357050556  1 0 AltDetFail
357050556  2 0 AltDetFail
357289408  1 0 ses2MesFail
357372327  1 0 ses2MesFail
357372327  2 0 ses2MesFail
357372327  3 1 PASS
357372327  4 0 AltDetFail
358790031  1 0 ChasesFail
358790031  2 0 AltDetFail
359313701  1 0 ChasesFail
359496368  1 1 PASS
359497418  1 1 PASS
359497418  2 0 SecondaryOfPN_01
359552377  1 1 PASS
359552377  2 0 ChasesFail
359631482  1 0 AltDetFail
359675849  1 1 PASS
359675849  2 0 SecondaryOfPN_01
359676320  1 0 AltDetFail
359677968  1 1 PASS
359677968  2 0 AltDetFail
359678111  1 1 PASS
360020620  1 0 ses2MesFail
362104293  1 1 PASS
362259855  1 0 AltDetFail
366488770  1 0 AltDetFail
366488770  2 0 AltDetFail
367681735  1 0 AltDetFail
367681735  2 0 AltDetFail
367683204  1 0 AltDetFail
367683204  2 0 AltDetFail
367853806  1 0 ses2MesFail
368435330  1 1 PASS
368435513  1 1 PASS
371590675  1 1 PASS
371793066  1 0 ses2MesFail
373673928  1 0 ses2MesFail
373674502  1 0 ChasesFail
373693175  1 1 PASS
376524552  1 1 PASS
376606423  1 1 PASS
376606423  2 0 ses2MesFail
376606423  3 0 SecondaryOfPN_01
376687853  1 0 ses2MesFail
376689171  1 1 PASS
376689171  2 0 AltDetFail
377190161  1 1 PASS
377190161  2 0 newMesBelowThresh
377192659  1 1 PASS
377192659  2 0 ses2MesFail
377192675  1 1 PASS
377251803  1 0 AltDetFail
377253090  1 0 AltDetFail
377253090  2 0 SecondaryOfPN_01
377307592  1 1 PASS
377307592  2 0 SecondaryOfPN_01
377307592  3 0 SecondaryOfPN_01
380582867  1 0 ChasesFail
380584203  1 0 ses2MesFail
380618779  1 1 PASS
380618779  2 0 SecondaryOfPN_01
380618882  1 0 ses2MesFail
380618882  2 0 SecondaryOfPN_01
380618882  3 0 newMesShrink
380669443  1 0 ses2MesFail
383676981  1 1 PASS
386969755  1 1 PASS
388799122  1 0 ses2MesFail
388843945  1 1 PASS
388843945  2 0 SecondaryOfPN_01
388916226  1 0 ses2MesFail
389871619  1 0 newMesBelowThresh
389874323  1 1 PASS
389916225  1 1 PASS
389916225  2 0 AltDetFail
392368056  1 0 ses2MesFail
392368057  1 0 ses2MesFail
392402786  1 0 newMesBelowThresh
392402786  2 1 PASS
392402786  3 0 ses2MesFail
392536805  1 1 PASS
392536812  1 0 AltDetFail
392536812  2 0 AltDetFail
393790580  1 0 ChasesFail
393857464  1 0 ses2MesFail
393894013  1 0 AltDetFail
393911494  1 1 PASS
399788405  1 1 PASS
399788405  2 0 AltDetFail
405504882  1 1 PASS
405504882  2 0 newMesShrink
405525689  1 0 ChasesFail
405526704  1 0 ChasesFail
405526704  2 0 SecondaryOfPN_01
406732815  1 0 AltDetFail
406732815  2 0 AltDetFail
406781370  1 0 ses2MesFail
406781370  2 0 AltDetFail
406781370  3 0 AltDetFail
406781370  4 0 AltDetFail
416195870  1 1 PASS
416538823  1 0 ChasesFail
416538839  1 0 ChasesFail
416538839  2 0 ses2MesFail
416538839  3 0 ses2MesFail
417931607  1 1 PASS
417948359  1 1 PASS
420110967  1 1 PASS
420114772  1 1 PASS
420114772  2 0 SecondaryOfPN_01
420137341  1 1 PASS
421334320  1 0 ses2MesFail
424439457  1 0 ses2MesFail
424439457  2 0 ses2MesFail
424461577  1 1 PASS
424461577  2 0 AltDetFail
427581466  1 0 ses2MesFail
441641972  1 1 PASS
441641972  2 0 SecondaryOfPN_01
441642514  1 0 ChasesFail
441686652  1 0 ses2MesFail
441687696  1 0 AltDetFail
441690583  1 1 PASS
441690583  2 0 newMesBelowThresh
441690583  3 0 newMesBelowThresh
441694629  1 1 PASS
441694629  2 0 SecondaryOfPN_01
441708430  1 0 ses2MesFail
441732151  1 1 PASS
441732717  1 1 PASS
441734144  1 1 PASS
441734144  2 0 AltDetFail
441739153  1 0 ses2MesFail
441739153  2 0 SecondaryOfPN_01
441766591  1 0 newMesBelowThresh
441766591  2 0 newMesBelowThresh
441800250  1 0 AltDetFail
441802347  1 0 ChasesFail
441804674  1 1 PASS
441804674  2 0 SecondaryOfPN_01
441804888  1 1 PASS
441807438  1 0 ses2MesFail
441807438  2 0 ses2MesFail
441812894  1 0 ses2MesFail
441812894  2 0 ses2MesFail
445829772  1 0 AltDetFail
445836238  1 1 PASS
445836238  2 0 newMesShrink
445836238  3 0 SecondaryOfPN_01
445840930  1 0 ses2MesFail
445859771  1 1 PASS
446175401  1 1 PASS
458452691  1 1 PASS
458452691  2 0 AltDetFail
458461293  1 1 PASS
458479571  1 0 ses2MesFail
458481461  1 1 PASS
459190726  1 1 PASS
459222932  1 0 AltDetFail
459223887  1 0 ses2MesFail
459969957  1 1 PASS
459978466  1 1 PASS
459978466  2 0 AltDetFail
462555419  1 0 ses2MesFail
467179528  1 1 PASS
467181063  1 1 PASS
471011802  1 1 PASS
903484062  1 0 AltDetFail
950324496  1 0 ses2MesFail
1102432419  1 0 ses2MesFail
1981303680  1 0 ses2MesFail
