 27006880  1 1 PASS
  7849727  1 0 AltDetFail
 27307817  1 1 PASS
  9313696  1 1 PASS
 27014182  1 0 AltDetFail
 10337969  1 0 ses2MesFail
 27312189  1 1 PASS
 27312189  2 0 SecondaryOfPN_01
 10891640  1 0 ChasesFail
 27315670  1 1 PASS
 27315670  2 0 AltDetFail
 27315670  3 0 AltDetFail
 11119600  1 0 AltDetFail
 11119600  2 0 AltDetFail
 27316805  1 1 PASS
 11145790  1 0 ChasesFail
 27395746  1 1 PASS
 12456725  1 0 ses2MesFail
 27397122  1 1 PASS
 12494582  1 0 AltDetFail
 12494582  2 0 AltDetFail
 27767184  1 0 ses2MesFail
 12915124  1 0 newMesShrink
 12915124  2 0 ses2MesFail
 27843903  1 1 PASS
 13968858  1 0 ses2MesFail
 27843942  1 1 PASS
 27843942  2 0 AltDetFail
 14207118  1 0 ses2MesFail
 14207118  2 0 AltDetFail
 27844498  1 1 PASS
 27844498  2 0 SecondaryOfPN_01
 14323558  1 1 PASS
 28230919  1 1 PASS
 14617089  1 0 AltDetFail
 28159019  1 1 PASS
 15795549  1 0 AltDetFail
 28304399  1 0 AltDetFail
 16728252  1 1 PASS
 16728252  2 0 AltDetFail
 28369708  1 1 PASS
 16740101  1 1 PASS
 16740101  2 0 AltDetFail
 28449295  1 1 PASS
 28449295  2 0 SecondaryOfPN_01
 21123849  1 1 PASS
 29706981  1 1 PASS
 21226262  1 0 ChasesFail
 29814639  1 1 PASS
 26489741  1 0 ses2MesFail
 30714849  1 0 ses2MesFail
 30714849  2 1 PASS
 26542657  1 1 PASS
 26542657  2 0 SecondaryOfPN_01
 40038743  1 0 ses2MesFail
 40038743  2 0 newMesBelowThresh
 40038743  3 0 newMesBelowThresh
 26597569  1 1 PASS
 40219040  1 0 AltDetFail
 40219040  2 0 AltDetFail
 40219040  3 0 AltDetFail
 26656583  1 1 PASS
 27845677  1 0 ses2MesFail
 27915909  1 1 PASS
 27915909  2 0 SecondaryOfPN_01
 40244907  1 0 ses2MesFail
 40244907  2 0 SecondaryOfPN_01
 40244907  3 0 AltDetFail
 40378419  1 0 ses2MesFail
 41431247  1 1 PASS
 41536849  1 1 PASS
 41688227  1 0 ChasesFail
 41870248  1 0 ses2MesFail
 41870248  2 0 SecondaryOfPN_01
 41998476  1 0 ses2MesFail
 41998476  2 0 newMesShrink
 41998476  3 0 AltDetFail
 41998476  4 0 AltDetFail
 42244951  1 0 ses2MesFail
 42244951  2 0 AltDetFail
 42705187  1 1 PASS
 42705187  2 0 SecondaryOfPN_01
 42705187  3 0 AltDetFail
 42705187  4 0 AltDetFail
 47579336  1 0 ses2MesFail
 47579336  2 0 ses2MesFail
 47580734  1 1 PASS
 47626069  1 0 ChasesFail
 47626069  2 0 ChasesFail
 47673438  1 1 PASS
 47673438  2 0 AltDetFail
 47757785  1 1 PASS
 47757785  2 0 SecondaryOfPN_01
 47762157  1 1 PASS
 47762157  2 0 SecondaryOfPN_01
 47762157  3 0 AltDetFail
 47938273  1 1 PASS
 48084398  1 1 PASS
 48191564  1 1 PASS
 48191564  2 0 SecondaryOfPN_01
 48220551  1 1 PASS
 48356677  1 0 ses2MesFail
 48356677  2 0 SecondaryOfPN_01
 48357756  1 1 PASS
 48422240  1 0 ChasesFail
 48422243  1 0 ses2MesFail
 48450535  1 1 PASS
 48450535  2 0 SecondaryOfPN_01
 48499902  1 1 PASS
 48499902  2 0 ses2MesFail
 48506689  1 0 ses2MesFail
 48506689  2 0 SecondaryOfPN_01
 48507019  1 1 PASS
 62916125  1 0 AltDetFail
 62916125  2 0 AltDetFail
 63006634  1 1 PASS
 63006634  2 0 SecondaryOfPN_01
 63068354  1 1 PASS
 63071165  1 1 PASS
 63071165  2 0 ses2MesFail
 63074282  1 1 PASS
 63126950  1 0 ses2MesFail
 63205800  1 1 PASS
 63291675  1 1 PASS
 63291675  2 0 SecondaryOfPN_01
 63291675  3 1 PASS
 63366439  1 1 PASS
 63367810  1 1 PASS
 63449090  1 1 PASS
 63451547  1 1 PASS
 63451547  2 0 SecondaryOfPN_01
 63452125  1 0 AltDetFail
 63452125  2 0 AltDetFail
 63454475  1 0 AltDetFail
 69546708  1 0 ses2MesFail
 69546708  2 0 AltDetFail
 69546708  3 0 AltDetFail
 69559020  1 0 AltDetFail
 69559020  2 0 AltDetFail
 69679391  1 1 PASS
 70736188  1 0 AltDetFail
 71531463  1 0 ses2MesFail
 71531463  2 0 ses2MesFail
 73884611  1 1 PASS
 73884611  2 0 AltDetFail
 84628518  1 1 PASS
 85711393  1 1 PASS
 86385104  1 1 PASS
 86385104  2 0 SecondaryOfPN_01
 88091070  1 1 PASS
 89522181  1 0 ses2MesFail
 89522181  2 0 ses2MesFail
 89522181  3 0 AltDetFail
 90250441  1 1 PASS
 90250441  2 0 AltDetFail
 90349611  1 1 PASS
 90349611  2 0 AltDetFail
 90504905  1 1 PASS
 90616971  1 1 PASS
 90616971  2 0 AltDetFail
 92678208  1 0 ses2MesFail
 92774987  1 0 ses2MesFail
 93316328  1 0 AltDetFail
 93316328  2 0 AltDetFail
 99813351  1 1 PASS
 99817388  1 0 ses2MesFail
 99920728  1 1 PASS
 99920728  2 0 SecondaryOfPN_01
 99982385  1 1 PASS
100234005  1 0 AltDetFail
100234005  2 0 AltDetFail
102229940  1 1 PASS
102928809  1 1 PASS
102929927  1 1 PASS
103571388  1 0 ses2MesFail
103573024  1 0 ses2MesFail
103580569  1 0 ses2MesFail
103580569  2 0 ChasesFail
103605167  1 1 PASS
103605167  2 0 SecondaryOfPN_01
103605168  1 0 ses2MesFail
103617858  1 0 ChasesFail
103631501  1 0 ses2MesFail
103633434  1 1 PASS
103656297  1 0 AltDetFail
103656297  2 0 AltDetFail
103687176  1 1 PASS
103687873  1 0 newMesBelowThresh
103743317  1 1 PASS
103743317  2 0 SecondaryOfPN_01
103743690  1 0 AltDetFail
103743690  2 0 AltDetFail
104909909  1 0 ses2MesFail
104909909  2 0 AltDetFail
104909909  3 0 AltDetFail
106233506  1 1 PASS
110095046  1 0 ses2MesFail
110428269  1 0 AltDetFail
110553661  1 0 ses2MesFail
110981024  1 1 PASS
110981024  2 0 AltDetFail
112857453  1 1 PASS
112857453  2 0 SecondaryOfPN_01
113098812  1 1 PASS
113098812  2 0 SecondaryOfPN_01
115481900  1 0 ses2MesFail
120251815  1 0 AltDetFail
120251815  2 0 AltDetFail
120258315  1 0 ses2MesFail
120258315  2 0 ses2MesFail
120258315  3 0 SecondaryOfPN_02
120315082  1 1 PASS
120315082  2 0 SecondaryOfPN_01
120362128  1 0 AltDetFail
120499528  1 0 ses2MesFail
120499528  2 0 AltDetFail
120576722  1 0 newMesShrink
120576722  2 0 AltDetFail
120626764  1 1 PASS
120626764  2 0 ses2MesFail
120684604  1 0 AltDetFail
120689878  1 1 PASS
120689878  2 0 SecondaryOfPN_01
120757718  1 1 PASS
120764848  1 0 ses2MesFail
120826084  1 1 PASS
120826158  1 1 PASS
120891206  1 1 PASS
120893542  1 1 PASS
120960812  1 1 PASS
121016578  1 1 PASS
121016578  2 0 SecondaryOfPN_01
121020626  1 0 ses2MesFail
121020626  2 0 SecondaryOfPN_01
121020626  3 0 AltDetFail
121020626  4 0 AltDetFail
121022559  1 1 PASS
121083955  1 1 PASS
121108244  1 1 PASS
121108244  2 0 AltDetFail
121119758  1 1 PASS
121121622  1 1 PASS
121122016  1 1 PASS
121124831  1 1 PASS
121124831  2 0 AltDetFail
121213501  1 0 AltDetFail
121213501  2 0 AltDetFail
121273032  1 1 PASS
121273032  2 0 AltDetFail
121274442  1 0 AltDetFail
121277143  1 1 PASS
121326995  1 1 PASS
121393780  1 1 PASS
121457732  1 1 PASS
121457732  2 0 AltDetFail
121460104  1 1 PASS
121460104  2 0 AltDetFail
121463130  1 1 PASS
121463130  2 0 AltDetFail
121465834  1 0 AltDetFail
121465834  2 0 AltDetFail
121465834  3 0 AltDetFail
121465834  4 0 AltDetFail
121598562  1 1 PASS
121604042  1 1 PASS
121741238  1 1 PASS
121866154  1 0 ses2MesFail
121866154  2 0 SecondaryOfPN_01
121936904  1 0 AltDetFail
121936904  2 0 AltDetFail
121945407  1 0 AltDetFail
121945407  2 0 AltDetFail
122070918  1 1 PASS
122070918  2 0 AltDetFail
122136964  1 0 ses2MesFail
122141722  1 1 PASS
122220263  1 0 ses2MesFail
122224804  1 0 ses2MesFail
122304494  1 0 ses2MesFail
122304494  2 0 newMesBelowThresh
122304494  3 0 AltDetFail
122375269  1 0 ses2MesFail
122446076  1 0 AltDetFail
122446076  2 0 SecondaryOfPN_01
122446960  1 1 PASS
122603455  1 1 PASS
122606463  1 1 PASS
122682776  1 1 PASS
122707747  1 1 PASS
123014200  1 0 AltDetFail
123042728  1 0 AltDetFail
123042728  2 0 AltDetFail
123042728  3 0 AltDetFail
123042728  4 0 AltDetFail
123042728  5 0 AltDetFail
123042728  6 0 AltDetFail
123201406  1 1 PASS
123201494  1 0 AltDetFail
123311124  1 0 ses2MesFail
123357952  1 0 ses2MesFail
123357952  2 0 AltDetFail
123416563  1 0 AltDetFail
123416563  2 0 AltDetFail
123416563  3 0 AltDetFail
136732283  1 0 AltDetFail
137152301  1 0 AltDetFail
137152301  2 0 AltDetFail
137211673  1 1 PASS
137211673  2 0 AltDetFail
137219141  1 1 PASS
137310514  1 0 ses2MesFail
137310514  2 0 SecondaryOfPN_01
137341354  1 1 PASS
137341354  2 0 SecondaryOfPN_01
137408317  1 0 ses2MesFail
137408317  2 0 ses2MesFail
137408317  3 0 ses2MesFail
137408962  1 0 newMesShrink
137408962  2 0 AltDetFail
137549183  1 0 ses2MesFail
137551461  1 0 AltDetFail
137687487  1 0 AltDetFail
137687487  2 0 AltDetFail
137726810  1 0 ses2MesFail
137728034  1 0 ChasesFail
137732694  1 0 ses2MesFail
137823194  1 0 ses2MesFail
137823194  2 0 ses2MesFail
137975907  1 0 ses2MesFail
137975907  2 0 AltDetFail
137975907  3 0 AltDetFail
138362758  1 0 ChasesFail
138430438  1 1 PASS
138430438  2 0 SecondaryOfPN_01
138505004  1 1 PASS
138505004  2 0 newMesShrink
138505004  3 0 newMesShrink
138505004  4 0 AltDetFail
138578906  1 0 AltDetFail
138578906  2 0 AltDetFail
138588540  1 0 ChasesFail
138639253  1 0 ses2MesFail
138650903  1 1 PASS
138888894  1 1 PASS
138893145  1 0 AltDetFail
138971570  1 0 ses2MesFail
139037047  1 1 PASS
142276270  1 1 PASS
142276270  2 0 SecondaryOfPN_01
142308209  1 1 PASS
142308209  2 0 SecondaryOfPN_01
142317598  1 0 ses2MesFail
142373362  1 0 ses2MesFail
142373362  2 0 ses2MesFail
142441910  1 1 PASS
142441910  2 0 SecondaryOfPN_01
142443425  1 1 PASS
142443425  2 0 SecondaryOfPN_01
142503130  1 0 AltDetFail
142503130  2 0 AltDetFail
142783746  1 1 PASS
142783746  2 0 SecondaryOfPN_01
142878895  1 0 ses2MesFail
142979644  1 1 PASS
142979644  2 0 SecondaryOfPN_01
142979644  3 0 ses2MesFail
142979644  4 0 ChasesFail
147576476  1 0 AltDetFail
147625755  1 0 ses2MesFail
147625755  2 0 SecondaryOfPN_01
147625755  3 0 AltDetFail
147686743  1 1 PASS
147686743  2 0 SecondaryOfPN_01
147878062  1 1 PASS
147892875  1 0 ses2MesFail
147950620  1 1 PASS
148895152  1 0 AltDetFail
148895152  2 0 SecondaryOfPN_01
148914403  1 1 PASS
148914403  2 0 ses2MesFail
148914726  1 1 PASS
153951307  1 1 PASS
153976712  1 0 ChasesFail
153977353  1 1 PASS
153991851  1 0 AltDetFail
153991851  2 0 AltDetFail
154007402  1 1 PASS
154067797  1 0 AltDetFail
154089169  1 1 PASS
154108146  1 1 PASS
154108146  2 0 AltDetFail
154165672  1 0 ses2MesFail
154570928  1 0 ses2MesFail
154716798  1 1 PASS
154840461  1 1 PASS
154872375  1 1 PASS
155656119  1 0 ChasesFail
155657579  1 1 PASS
155657579  2 0 SecondaryOfPN_01
155657581  1 1 PASS
155657581  2 0 SecondaryOfPN_01
155657581  3 0 AltDetFail
155657581  4 0 AltDetFail
155657581  5 0 AltDetFail
155894704  1 0 ses2MesFail
155894704  2 0 AltDetFail
156151200  1 0 ses2MesFail
156169159  1 1 PASS
156169159  2 0 AltDetFail
156196698  1 0 ses2MesFail
156196698  2 0 ses2MesFail
156462488  1 1 PASS
157318662  1 0 ses2MesFail
157757898  1 0 AltDetFail
157770450  1 0 ses2MesFail
157770450  2 1 PASS
157853745  1 1 PASS
157853745  2 0 AltDetFail
157854400  1 1 PASS
157854400  2 0 AltDetFail
157888494  1 1 PASS
157888494  2 0 AltDetFail
157889314  1 0 ses2MesFail
157889314  2 0 newMesShrink
157999789  1 0 ses2MesFail
158002130  1 1 PASS
158113583  1 0 ses2MesFail
158113583  2 0 SecondaryOfPN_01
158113583  3 0 AltDetFail
158170594  1 1 PASS
158218818  1 1 PASS
158218818  2 0 SecondaryOfPN_01
158272742  1 1 PASS
158272742  2 0 SecondaryOfPN_01
158276780  1 1 PASS
158324245  1 1 PASS
158387021  1 1 PASS
158389967  1 0 ses2MesFail
158389967  2 0 SecondaryOfPN_01
158393140  1 1 PASS
158393140  2 0 AltDetFail
158431889  1 0 AltDetFail
158431889  2 0 AltDetFail
158491288  1 1 PASS
158491288  2 0 SecondaryOfPN_01
158561566  1 1 PASS
158635832  1 1 PASS
158635832  2 0 SecondaryOfPN_01
158635832  3 1 PASS
158660631  1 1 PASS
158660631  2 0 AltDetFail
158726046  1 1 PASS
158726046  2 0 AltDetFail
158726046  3 0 AltDetFail
158728853  1 1 PASS
158794976  1 1 PASS
158794976  2 0 AltDetFail
158983460  1 0 newMesBelowThresh
158988347  1 1 PASS
158988347  2 0 SecondaryOfPN_01
159047480  1 1 PASS
159105713  1 0 AltDetFail
159107668  1 1 PASS
159169838  1 0 ses2MesFail
159169838  2 0 AltDetFail
159216250  1 0 ses2MesFail
159220329  1 0 AltDetFail
159241096  1 1 PASS
159298033  1 1 PASS
159298033  2 0 ses2MesFail
159336052  1 0 AltDetFail
159345743  1 1 PASS
159444225  1 0 AltDetFail
159444225  2 0 AltDetFail
159464498  1 1 PASS
159510109  1 1 PASS
159573299  1 1 PASS
159573299  2 0 SecondaryOfPN_01
159586048  1 1 PASS
159613900  1 0 ses2MesFail
159613900  2 0 ChasesFail
159716878  1 0 ses2MesFail
159717514  1 1 PASS
159717514  2 0 SecondaryOfPN_01
159723646  1 0 AltDetFail
159767194  1 0 AltDetFail
159767194  2 0 AltDetFail
160195393  1 0 AltDetFail
160228595  1 0 ses2MesFail
160228595  2 0 newMesShrink
160268882  1 0 ChasesFail
160268882  2 0 SecondaryOfPN_01
160268882  3 0 SecondaryOfPN_01
160408494  1 1 PASS
160472514  1 0 ses2MesFail
160472514  2 0 ses2MesFail
160472514  3 0 ses2MesFail
160491374  1 0 ChasesFail
160519380  1 0 AltDetFail
160585813  1 1 PASS
160600404  1 1 PASS
160600809  1 1 PASS
160600809  2 0 SecondaryOfPN_01
160603519  1 0 ses2MesFail
160618494  1 1 PASS
160618494  2 0 ses2MesFail
160618494  3 0 SecondaryOfPN_02
160618494  4 0 SecondaryOfPN_01
160619243  1 0 ses2MesFail
161563111  1 0 ses2MesFail
161563111  2 0 SecondaryOfPN_01
161563111  3 0 SecondaryOfPN_01
161629530  1 1 PASS
161710825  1 1 PASS
161710825  2 1 PASS
164413080  1 0 ses2MesFail
164457525  1 0 ses2MesFail
164458193  1 0 ses2MesFail
164458426  1 1 PASS
164461124  1 1 PASS
164461124  2 0 SecondaryOfPN_01
164461124  3 0 AltDetFail
164463075  1 1 PASS
164463075  2 0 SecondaryOfPN_01
164463075  3 0 AltDetFail
164463430  1 0 AltDetFail
164524541  1 0 AltDetFail
164527723  1 1 PASS
164527723  2 0 SecondaryOfPN_01
164552564  1 1 PASS
164552564  2 1 PASS
164554097  1 1 PASS
164554097  2 0 SecondaryOfPN_01
164557531  1 1 PASS
164558072  1 0 ses2MesFail
164646288  1 0 AltDetFail
164646288  2 0 AltDetFail
164652245  1 0 ses2MesFail
164674992  1 1 PASS
164674992  2 0 SecondaryOfPN_01
164677806  1 1 PASS
164677806  2 0 SecondaryOfPN_01
164781045  1 0 ses2MesFail
164782264  1 0 AltDetFail
164782264  2 0 AltDetFail
164784457  1 0 AltDetFail
164784457  2 0 AltDetFail
164883253  1 0 AltDetFail
164886585  1 0 ses2MesFail
164890208  1 0 ses2MesFail
165307617  1 0 ses2MesFail
165310952  1 1 PASS
166087190  1 1 PASS
166087190  2 0 AltDetFail
169461816  1 1 PASS
169461816  2 0 AltDetFail
169461816  3 0 AltDetFail
169467727  1 0 ses2MesFail
170246850  1 1 PASS
170344769  1 1 PASS
170344769  2 0 ses2MesFail
170735592  1 1 PASS
171089248  1 0 ses2MesFail
171419257  1 1 PASS
171970567  1 1 PASS
172422394  1 1 PASS
172431974  1 0 ses2MesFail
184008771  1 0 ses2MesFail
184018058  1 1 PASS
184089083  1 1 PASS
184089083  2 0 AltDetFail
184164428  1 1 PASS
184246521  1 0 AltDetFail
184298625  1 1 PASS
184302481  1 0 AltDetFail
184302481  2 0 AltDetFail
184947995  1 1 PASS
185006129  1 1 PASS
185057693  1 1 PASS
185059488  1 1 PASS
185059488  2 0 SecondaryOfPN_01
185060842  1 1 PASS
185060842  2 0 SecondaryOfPN_01
185109374  1 1 PASS
185403173  1 1 PASS
185403173  2 0 SecondaryOfPN_01
185403173  3 0 SecondaryOfPN_01
185403173  4 0 SecondaryOfPN_01
193537392  1 1 PASS
193867475  1 1 PASS
193886356  1 0 ChasesFail
194132691  1 1 PASS
194132691  2 0 SecondaryOfPN_01
198100206  1 0 ses2MesFail
198181552  1 1 PASS
198204917  1 1 PASS
198212955  1 1 PASS
198242676  1 0 ses2MesFail
198242676  2 0 ses2MesFail
198242678  1 0 ses2MesFail
198242678  2 0 ses2MesFail
198242678  3 0 ses2MesFail
198242678  4 0 ses2MesFail
198280388  1 0 ses2MesFail
198280388  2 0 AltDetFail
198280388  3 0 AltDetFail
198354443  1 0 AltDetFail
198354443  2 0 AltDetFail
198382838  1 0 ses2MesFail
198388252  1 0 ses2MesFail
198390247  1 1 PASS
198408416  1 0 ses2MesFail
198408416  2 0 SecondaryOfPN_01
198408416  3 0 AltDetFail
198416591  1 0 AltDetFail
198537349  1 1 PASS
198555959  1 1 PASS
198555959  2 0 SecondaryOfPN_01
198557730  1 0 ses2MesFail
199384061  1 0 AltDetFail
199420503  1 0 ses2MesFail
199547911  1 0 newMesBelowThresh
199610815  1 1 PASS
199610815  2 0 SecondaryOfPN_01
199610815  3 0 AltDetFail
199682037  1 0 AltDetFail
199682037  2 0 AltDetFail
199688409  1 1 PASS
199688409  2 0 AltDetFail
199688472  1 1 PASS
199716496  1 0 AltDetFail
199716496  2 0 AltDetFail
202276766  1 1 PASS
202276766  2 0 SecondaryOfPN_01
202276766  3 0 AltDetFail
202442974  1 0 ses2MesFail
202442974  2 0 SecondaryOfPN_01
202490797  1 1 PASS
202490797  2 1 PASS
202636440  1 0 newMesShrink
203001339  1 0 ses2MesFail
203001339  2 0 SecondaryOfPN_01
210116141  1 0 AltDetFail
210207652  1 0 ses2MesFail
210338045  1 1 PASS
213330107  1 1 PASS
214799064  1 0 ses2MesFail
219015141  1 0 ses2MesFail
219091656  1 1 PASS
219091656  2 0 AltDetFail
219091656  3 0 AltDetFail
219092860  1 0 ses2MesFail
219096494  1 1 PASS
219107776  1 0 AltDetFail
219107776  2 0 AltDetFail
219109908  1 0 AltDetFail
219435542  1 1 PASS
219698776  1 1 PASS
219705847  1 0 AltDetFail
219705847  2 0 AltDetFail
219707463  1 1 PASS
219750638  1 0 ses2MesFail
219750638  2 0 ses2MesFail
219751969  1 1 PASS
219751969  2 0 SecondaryOfPN_01
219751969  3 0 AltDetFail
219765652  1 1 PASS
219765652  2 0 AltDetFail
219771660  1 1 PASS
219771660  2 0 SecondaryOfPN_01
219790149  1 0 newMesShrink
219790151  1 0 ses2MesFail
219790151  2 0 newMesShrink
219791033  1 1 PASS
219791033  2 0 SecondaryOfPN_01
219811129  1 1 PASS
219850915  1 1 PASS
219859691  1 1 PASS
219859691  2 0 AltDetFail
219872479  1 0 ChasesFail
219892705  1 1 PASS
219900027  1 0 ses2MesFail
219900027  2 0 AltDetFail
224605072  1 0 ses2MesFail
229400643  1 1 PASS
229400643  2 0 AltDetFail
229461186  1 0 AltDetFail
229476285  1 1 PASS
229480487  1 0 ses2MesFail
229480487  2 0 ses2MesFail
229487733  1 1 PASS
229495981  1 1 PASS
229585356  1 1 PASS
229585365  1 1 PASS
229585542  1 1 PASS
229640059  1 0 ses2MesFail
229687624  1 0 AltDetFail
229742951  1 0 ChasesFail
229751802  1 1 PASS
229751802  2 0 AltDetFail
229766985  1 0 AltDetFail
229771234  1 0 newMesBelowThresh
229776076  1 0 ses2MesFail
229776076  2 0 ses2MesFail
229780215  1 1 PASS
229780215  2 1 PASS
229781583  1 1 PASS
229783705  1 1 PASS
229791903  1 1 PASS
229791903  2 0 SecondaryOfPN_01
229910746  1 0 ses2MesFail
229913521  1 0 AltDetFail
229914020  1 1 PASS
229914020  2 0 SecondaryOfPN_01
229914020  3 0 AltDetFail
229914020  4 0 AltDetFail
229945262  1 0 ses2MesFail
229951694  1 0 ChasesFail
229975095  1 1 PASS
230063769  1 1 PASS
230063769  2 0 SecondaryOfPN_01
230065962  1 1 PASS
230065962  2 0 SecondaryOfPN_01
230072155  1 1 PASS
230088370  1 1 PASS
230114503  1 1 PASS
230114503  2 0 SecondaryOfPN_01
230120143  1 0 ses2MesFail
230127302  1 1 PASS
230127302  2 1 PASS
230136846  1 1 PASS
230383826  1 1 PASS
230386284  1 1 PASS
230386284  2 0 SecondaryOfPN_01
230478637  1 0 ses2MesFail
230478637  2 0 SecondaryOfPN_01
230530979  1 1 PASS
230530979  2 0 AltDetFail
232521209  1 0 newMesBelowThresh
232540264  1 1 PASS
232612416  1 1 PASS
232616666  1 0 newMesBelowThresh
232628654  1 0 ses2MesFail
232628654  2 0 ses2MesFail
232629077  1 1 PASS
232629077  2 0 SecondaryOfPN_01
232633119  1 0 ses2MesFail
232634196  1 1 PASS
232634196  2 0 SecondaryOfPN_01
232643392  1 1 PASS
232643392  2 0 SecondaryOfPN_01
232649837  1 0 AltDetFail
232649837  2 0 AltDetFail
232649837  3 0 AltDetFail
232724170  1 0 AltDetFail
232724170  2 0 AltDetFail
232737589  1 1 PASS
232737589  2 1 PASS
232965249  1 1 PASS
232965249  2 0 SecondaryOfPN_01
232967440  1 1 PASS
232970737  1 1 PASS
232970737  2 0 AltDetFail
232976128  1 1 PASS
232985036  1 1 PASS
233059608  1 1 PASS
233079659  1 1 PASS
233079659  2 0 AltDetFail
233079659  3 0 AltDetFail
233087860  1 1 PASS
233120979  1 1 PASS
233131533  1 0 ses2MesFail
233207585  1 0 AltDetFail
233207585  2 0 AltDetFail
233208885  1 1 PASS
233208885  2 0 ses2MesFail
233208885  3 0 AltDetFail
233211762  1 1 PASS
233233165  1 0 ses2MesFail
233277573  1 0 ChasesFail
233282561  1 0 AltDetFail
233310793  1 1 PASS
233532554  1 0 ses2MesFail
233532554  2 0 SecondaryOfPN_01
233539736  1 1 PASS
233546272  1 1 PASS
233546272  2 0 SecondaryOfPN_01
233569141  1 1 PASS
233574062  1 0 AltDetFail
233679640  1 0 ses2MesFail
233679640  2 0 SecondaryOfPN_01
233679640  3 0 ChasesFail
233679640  4 0 ses2MesFail
233681149  1 1 PASS
233684822  1 1 PASS
233735068  1 1 PASS
233738219  1 0 ses2MesFail
233738219  2 0 ses2MesFail
233751709  1 1 PASS
233753491  1 1 PASS
233904049  1 1 PASS
235718636  1 0 AltDetFail
235938879  1 1 PASS
236714379  1 1 PASS
236766358  1 0 AltDetFail
236766358  2 0 AltDetFail
236766358  3 0 AltDetFail
236776750  1 0 AltDetFail
236776750  2 0 AltDetFail
236785732  1 1 PASS
236865152  1 0 ses2MesFail
236876439  1 0 AltDetFail
236876439  2 0 AltDetFail
237114978  1 1 PASS
237130278  1 0 AltDetFail
237200747  1 1 PASS
237200747  2 0 SecondaryOfPN_01
237222539  1 0 AltDetFail
237222864  1 1 PASS
237277760  1 1 PASS
237277760  2 0 AltDetFail
237278994  1 0 ses2MesFail
237278994  2 0 AltDetFail
239262664  1 1 PASS
239290086  1 0 AltDetFail
239291500  1 0 AltDetFail
239291500  2 0 AltDetFail
239309691  1 0 AltDetFail
240178198  1 0 AltDetFail
243277123  1 0 AltDetFail
243316446  1 0 AltDetFail
243319567  1 1 PASS
243319567  2 0 AltDetFail
243352373  1 0 ses2MesFail
243352373  2 0 SecondaryOfPN_01
243352809  1 0 AltDetFail
243482820  1 1 PASS
244327575  1 0 AltDetFail
245218394  1 1 PASS
255904363  1 0 AltDetFail
256298934  1 0 AltDetFail
256298934  2 0 AltDetFail
256327585  1 1 PASS
256327585  2 0 SecondaryOfPN_01
256368884  1 1 PASS
256368884  2 0 SecondaryOfPN_01
256512446  1 1 PASS
256512446  2 0 SecondaryOfPN_01
256516343  1 0 ses2MesFail
256634349  1 1 PASS
257023157  1 0 AltDetFail
257048637  1 0 ChasesFail
257048642  1 0 ses2MesFail
257048642  2 0 ses2MesFail
257048642  3 0 ses2MesFail
258271315  1 1 PASS
258276136  1 0 AltDetFail
258351350  1 1 PASS
258351350  2 0 AltDetFail
258773798  1 0 AltDetFail
258777137  1 1 PASS
258799793  1 0 AltDetFail
258799793  2 0 AltDetFail
258799793  3 0 AltDetFail
258826816  1 0 ses2MesFail
258850493  1 1 PASS
259006174  1 1 PASS
259006185  1 1 PASS
259006185  2 0 SecondaryOfPN_01
259126645  1 1 PASS
259126645  2 0 newMesShrink
259126645  3 0 newMesShrink
259126645  4 0 newMesShrink
263635510  1 1 PASS
263930790  1 0 AltDetFail
264508409  1 0 AltDetFail
266920154  1 0 ses2MesFail
267486329  1 1 PASS
267543197  1 1 PASS
267543197  2 0 ses2MesFail
267574918  1 1 PASS
267667621  1 1 PASS
267748551  1 0 ses2MesFail
267808239  1 0 ses2MesFail
267877714  1 1 PASS
268289462  1 0 ses2MesFail
268297677  1 1 PASS
268299560  1 1 PASS
268305489  1 1 PASS
268380299  1 1 PASS
268380299  2 0 SecondaryOfPN_01
268383780  1 0 ses2MesFail
268383780  2 0 SecondaryOfPN_01
268387175  1 1 PASS
268482699  1 1 PASS
268610013  1 0 ses2MesFail
269031095  1 1 PASS
269126567  1 1 PASS
269696438  1 1 PASS
269697024  1 0 newMesBelowThresh
270491865  1 0 AltDetFail
270615728  1 1 PASS
270616815  1 0 ses2MesFail
270616815  2 0 SecondaryOfPN_01
270698296  1 0 AltDetFail
270700608  1 0 ses2MesFail
270704947  1 0 newMesShrink
270951922  1 1 PASS
270960193  1 1 PASS
271040768  1 1 PASS
271040947  1 0 ses2MesFail
271158877  1 0 AltDetFail
271158877  2 0 AltDetFail
271164763  1 0 AltDetFail
271164763  2 0 AltDetFail
271167645  1 0 ses2MesFail
271354390  1 1 PASS
271539287  1 1 PASS
271547896  1 0 ses2MesFail
271547896  2 0 ses2MesFail
271547896  3 0 AltDetFail
271547896  4 0 AltDetFail
271548206  1 1 PASS
271773721  1 0 ses2MesFail
271877841  1 1 PASS
271877841  2 0 newMesBelowThresh
271958272  1 0 ChasesFail
271958272  2 0 AltDetFail
272074664  1 1 PASS
272074664  2 0 SecondaryOfPN_01
272176884  1 0 ses2MesFail
272176884  2 0 AltDetFail
272272592  1 1 PASS
272368236  1 1 PASS
272369124  1 0 ses2MesFail
272489100  1 1 PASS
272489100  2 0 SecondaryOfPN_01
272489351  1 1 PASS
272598447  1 1 PASS
272609309  1 0 AltDetFail
272615711  1 0 ses2MesFail
272615711  2 0 ses2MesFail
272650576  1 0 ses2MesFail
272650576  2 0 ses2MesFail
272705043  1 1 PASS
272705043  2 0 AltDetFail
272719652  1 0 ses2MesFail
272720444  1 1 PASS
272781956  1 0 ses2MesFail
272781956  2 0 ses2MesFail
272781956  3 0 AltDetFail
272785770  1 0 ses2MesFail
272841995  1 0 AltDetFail
272841995  2 0 AltDetFail
272843045  1 0 ses2MesFail
272846131  1 1 PASS
272942353  1 1 PASS
272944291  1 1 PASS
272944291  2 0 SecondaryOfPN_01
273036521  1 0 AltDetFail
273042299  1 0 ses2MesFail
273042299  2 0 SecondaryOfPN_01
273042299  3 0 AltDetFail
273042650  1 1 PASS
273043307  1 0 ses2MesFail
273043307  2 0 SecondaryOfPN_01
273131564  1 1 PASS
273372402  1 1 PASS
273373040  1 1 PASS
273373712  1 1 PASS
273376048  1 0 ses2MesFail
273379486  1 0 ses2MesFail
273501820  1 1 PASS
273501820  2 0 SecondaryOfPN_01
273574141  1 1 PASS
273582296  1 0 ses2MesFail
273629437  1 0 AltDetFail
273874851  1 1 PASS
273874851  2 0 ses2MesFail
273885188  1 0 ses2MesFail
274031155  1 1 PASS
274127410  1 0 AltDetFail
274127410  2 0 AltDetFail
274127413  1 0 AltDetFail
274127413  2 0 AltDetFail
274129522  1 1 PASS
274129522  2 0 SecondaryOfPN_01
274347939  1 1 PASS
274347939  2 0 ses2MesFail
274347939  3 0 ses2MesFail
274348764  1 1 PASS
274348764  2 0 AltDetFail
274348764  3 0 AltDetFail
274762761  1 1 PASS
275489982  1 1 PASS
275493861  1 0 ses2MesFail
275576176  1 1 PASS
275633324  1 1 PASS
275690567  1 0 ses2MesFail
277473207  1 1 PASS
278348461  1 1 PASS
279918206  1 1 PASS
279980938  1 1 PASS
279980938  2 0 SecondaryOfPN_01
279980938  3 0 AltDetFail
280031832  1 1 PASS
280031832  2 0 SecondaryOfPN_01
280033918  1 0 AltDetFail
280033934  1 0 AltDetFail
280033934  2 0 AltDetFail
280069113  1 0 ses2MesFail
281948821  1 0 AltDetFail
281948821  2 0 AltDetFail
282368998  1 1 PASS
282368998  2 0 AltDetFail
282427587  1 0 newMesShrink
282427587  2 0 ses2MesFail
283193372  1 1 PASS
284364590  1 0 ses2MesFail
284364590  2 0 AltDetFail
284461108  1 1 PASS
284461108  2 0 AltDetFail
284595981  1 0 ses2MesFail
284890238  1 0 ChasesFail
284890361  1 0 AltDetFail
284891601  1 0 AltDetFail
284990199  1 1 PASS
286551695  1 0 ses2MesFail
287151976  1 1 PASS
287151976  2 0 SecondaryOfPN_01
287151976  3 0 ses2MesFail
287151976  4 1 PASS
287196418  1 1 PASS
288132261  1 1 PASS
288312840  1 1 PASS
288312840  2 0 SecondaryOfPN_01
288312840  3 0 AltDetFail
288312840  4 0 AltDetFail
288312840  5 0 AltDetFail
288317543  1 1 PASS
288317543  2 0 SecondaryOfPN_01
288391801  1 0 ChasesFail
288451643  1 1 PASS
288471108  1 1 PASS
288471108  2 0 SecondaryOfPN_01
288507910  1 1 PASS
288735205  1 1 PASS
289082521  1 1 PASS
289167258  1 0 AltDetFail
289325437  1 0 AltDetFail
289325437  2 0 AltDetFail
289456142  1 1 PASS
289570934  1 1 PASS
289572405  1 1 PASS
289580896  1 1 PASS
289722957  1 0 ses2MesFail
289722957  2 0 SecondaryOfPN_01
289726188  1 0 ChasesFail
289726188  2 0 ses2MesFail
290003896  1 1 PASS
290003896  2 0 SecondaryOfPN_01
290032774  1 0 AltDetFail
290035575  1 1 PASS
290035575  2 0 AltDetFail
290907805  1 0 ses2MesFail
291145873  1 1 PASS
291145873  2 0 ses2MesFail
293805518  1 0 ses2MesFail
293954617  1 1 PASS
294676622  1 0 ses2MesFail
294690620  1 0 AltDetFail
295298669  1 1 PASS
295802147  1 1 PASS
295802147  2 0 SecondaryOfPN_01
295803225  1 1 PASS
295803225  2 0 SecondaryOfPN_01
295804815  1 1 PASS
295804815  2 0 newMesShrink
296012680  1 1 PASS
296321403  1 1 PASS
296321403  2 1 PASS
298008052  1 1 PASS
298008052  2 0 SecondaryOfPN_01
298160985  1 0 ses2MesFail
298363685  1 0 ses2MesFail
298363685  2 0 ChasesFail
298421458  1 0 ses2MesFail
298421458  2 0 AltDetFail
298428304  1 0 AltDetFail
298486629  1 0 ChasesFail
298734307  1 0 AltDetFail
298734307  2 0 AltDetFail
298969838  1 1 PASS
299096355  1 0 ses2MesFail
299158887  1 1 PASS
299160301  1 0 ses2MesFail
299160301  2 0 ses2MesFail
299219025  1 0 ses2MesFail
301063488  1 1 PASS
301072091  1 0 ses2MesFail
303252818  1 0 ses2MesFail
307986889  1 0 ChasesFail
307986891  1 0 ChasesFail
309965134  1 1 PASS
309965134  2 0 ses2MesFail
310994603  1 1 PASS
310994603  2 0 SecondaryOfPN_01
310994603  3 0 SecondaryOfPN_01
311945765  1 0 AltDetFail
311945765  2 0 AltDetFail
312230566  1 1 PASS
312230566  2 0 AltDetFail
313006381  1 0 ses2MesFail
313110473  1 0 ses2MesFail
313110473  2 0 ses2MesFail
313110473  3 0 ChasesFail
314051148  1 1 PASS
320323992  1 0 AltDetFail
329246824  1 1 PASS
329246824  2 0 AltDetFail
329248002  1 0 ses2MesFail
330994017  1 1 PASS
330998582  1 1 PASS
330998582  2 0 AltDetFail
331735185  1 1 PASS
331735185  2 1 PASS
334637014  1 0 ses2MesFail
334637014  2 0 ses2MesFail
336267424  1 1 PASS
336405638  1 1 PASS
336405638  2 0 SecondaryOfPN_01
339185356  1 1 PASS
339185356  2 0 SecondaryOfPN_01
339928745  1 1 PASS
341706785  1 1 PASS
341874090  1 0 AltDetFail
342025025  1 1 PASS
342025025  2 0 AltDetFail
349827430  1 1 PASS
350738423  1 1 PASS
350738423  2 0 ses2MesFail
350987976  1 0 AltDetFail
351193032  1 1 PASS
351193032  2 0 AltDetFail
351287412  1 1 PASS
351287412  2 0 SecondaryOfPN_01
352012002  1 1 PASS
352012002  2 0 AltDetFail
352012002  3 0 AltDetFail
352165018  1 0 ses2MesFail
352165018  2 0 AltDetFail
352215816  1 1 PASS
352718668  1 1 PASS
352718668  2 0 AltDetFail
352848986  1 0 ses2MesFail
353011288  1 0 ses2MesFail
353650675  1 0 ses2MesFail
353650675  2 0 AltDetFail
353650675  3 0 AltDetFail
353780788  1 0 AltDetFail
353818721  1 1 PASS
353854078  1 1 PASS
353854078  2 0 ses2MesFail
353854078  3 0 ses2MesFail
353854078  4 0 ses2MesFail
353854078  5 0 SecondaryOfPN_01
353871287  1 0 ses2MesFail
353894978  1 0 ses2MesFail
353898013  1 0 ses2MesFail
353939279  1 1 PASS
353939279  2 0 SecondaryOfPN_01
353939279  3 0 ses2MesFail
353989471  1 1 PASS
354984207  1 1 PASS
354984207  2 0 AltDetFail
355867695  1 1 PASS
355867695  2 1 PASS
355929715  1 1 PASS
355978205  1 1 PASS
356015357  1 1 PASS
356015357  2 0 SecondaryOfPN_01
356150515  1 1 PASS
356150515  2 0 AltDetFail
356150515  3 0 AltDetFail
356198153  1 0 AltDetFail
356198675  1 0 ses2MesFail
356240274  1 0 ses2MesFail
356240274  2 0 newMesShrink
356240274  3 0 SecondaryOfPN_01
356311210  1 1 PASS
356340346  1 0 ses2MesFail
356340346  2 0 ses2MesFail
356539820  1 0 ses2MesFail
356630364  1 0 AltDetFail
356632361  1 1 PASS
356820646  1 0 ses2MesFail
356820646  2 0 AltDetFail
356896550  1 0 AltDetFail
356896561  1 0 ses2MesFail
357050556  1 0 AltDetFail
357050556  2 0 AltDetFail
357050556  3 0 AltDetFail
357498249  1 0 ses2MesFail
357596800  1 0 AltDetFail
357685999  1 1 PASS
357685999  2 0 SecondaryOfPN_01
357719182  1 1 PASS
357719182  2 0 SecondaryOfPN_01
358613523  1 1 PASS
358613523  2 0 AltDetFail
359312795  1 1 PASS
359313701  1 0 ses2MesFail
359313701  2 0 ChasesFail
359313701  3 0 ChasesFail
359496368  1 1 PASS
359498248  1 1 PASS
359631482  1 0 AltDetFail
359675849  1 1 PASS
359675849  2 0 SecondaryOfPN_01
359677968  1 1 PASS
359677968  2 1 PASS
360661624  1 1 PASS
360981550  1 0 AltDetFail
362104293  1 1 PASS
362187226  1 0 AltDetFail
362187226  2 0 AltDetFail
362259204  1 0 AltDetFail
362259855  1 0 AltDetFail
362305942  1 1 PASS
362305942  2 0 AltDetFail
362791996  1 1 PASS
363672851  1 0 ses2MesFail
364965655  1 0 AltDetFail
365278098  1 1 PASS
365936982  1 0 ses2MesFail
365936982  2 0 SecondaryOfPN_01
365938305  1 1 PASS
366118783  1 1 PASS
366122523  1 0 AltDetFail
366122523  2 0 AltDetFail
366488318  1 1 PASS
366488318  2 0 AltDetFail
367681731  1 0 AltDetFail
367681735  1 0 AltDetFail
367681735  2 0 AltDetFail
368437020  1 0 ChasesFail
372714201  1 0 ses2MesFail
372731142  1 0 ses2MesFail
372758722  1 1 PASS
372758722  2 0 SecondaryOfPN_01
372758788  1 0 ses2MesFail
375160191  1 1 PASS
375160191  2 0 SecondaryOfPN_01
375542276  1 1 PASS
376067182  1 1 PASS
376067182  2 0 SecondaryOfPN_01
376930175  1 1 PASS
377165060  1 1 PASS
377190161  1 0 ses2MesFail
377190161  2 0 AltDetFail
377190658  1 0 AltDetFail
377190658  2 1 PASS
377190658  3 0 SecondaryOfPN_02
377190658  4 0 AltDetFail
377192659  1 1 PASS
377192659  2 0 AltDetFail
377192675  1 1 PASS
377192675  2 0 SecondaryOfPN_01
377251803  1 0 AltDetFail
377253090  1 0 AltDetFail
377257650  1 1 PASS
377296926  1 0 AltDetFail
377307592  1 1 PASS
377307592  2 0 SecondaryOfPN_01
377325711  1 1 PASS
377912676  1 1 PASS
378089068  1 1 PASS
378275454  1 0 newMesShrink
378275454  2 0 SecondaryOfPN_01
378395625  1 0 ses2MesFail
378395625  2 0 AltDetFail
379215982  1 1 PASS
379521239  1 0 AltDetFail
379521239  2 0 AltDetFail
383676981  1 1 PASS
389916225  1 1 PASS
389916225  2 0 SecondaryOfPN_01
389916225  3 0 AltDetFail
390019844  1 1 PASS
390021728  1 0 AltDetFail
390021728  2 0 AltDetFail
391273848  1 1 PASS
392157642  1 1 PASS
392536805  1 1 PASS
392536812  1 0 AltDetFail
392579995  1 1 PASS
392579995  2 0 AltDetFail
394030788  1 0 ses2MesFail
394030788  2 0 ses2MesFail
394089846  1 1 PASS
394121998  1 0 ses2MesFail
394131772  1 1 PASS
394177355  1 1 PASS
394179202  1 1 PASS
394179296  1 0 ses2MesFail
394179296  2 0 AltDetFail
394865037  1 0 ses2MesFail
395890738  1 1 PASS
399788405  1 0 AltDetFail
399788405  2 0 AltDetFail
399952805  1 1 PASS
401735441  1 1 PASS
405685900  1 0 ses2MesFail
405685992  1 1 PASS
405687343  1 1 PASS
405687343  2 0 SecondaryOfPN_01
405764176  1 1 PASS
406484174  1 0 AltDetFail
406672232  1 1 PASS
406832259  1 0 ses2MesFail
406832261  1 0 ses2MesFail
406926092  1 0 ses2MesFail
406929271  1 0 ses2MesFail
406947878  1 0 ses2MesFail
406951407  1 0 AltDetFail
406951407  2 0 AltDetFail
407000096  1 1 PASS
407000096  2 0 SecondaryOfPN_01
407131841  1 0 ses2MesFail
407594410  1 0 ses2MesFail
407594410  2 0 AltDetFail
408019212  1 1 PASS
408474216  1 1 PASS
408479509  1 0 ChasesFail
415030187  1 0 ses2MesFail
415733394  1 0 ses2MesFail
415733394  2 0 ChasesFail
416195870  1 1 PASS
416264037  1 1 PASS
416264037  2 0 AltDetFail
416266231  1 1 PASS
416599994  1 0 ses2MesFail
416635004  1 1 PASS
416635004  2 0 SecondaryOfPN_01
417126296  1 1 PASS
417126296  2 0 ses2MesFail
417676216  1 0 AltDetFail
417676216  2 0 AltDetFail
417735733  1 0 ses2MesFail
417735733  2 0 ChasesFail
420110967  1 1 PASS
420114772  1 1 PASS
420137030  1 0 ses2MesFail
420137341  1 1 PASS
420137341  2 0 AltDetFail
420947520  1 1 PASS
420947520  2 0 SecondaryOfPN_01
421334320  1 1 PASS
421334320  2 0 ses2MesFail
423826791  1 1 PASS
424032547  1 1 PASS
424439457  1 1 PASS
424439457  2 0 SecondaryOfPN_01
424719589  1 0 ses2MesFail
424719589  2 0 ses2MesFail
424721218  1 1 PASS
424865156  1 1 PASS
426114678  1 1 PASS
426114678  2 0 AltDetFail
427041696  1 0 ses2MesFail
427041696  2 0 ses2MesFail
427041696  3 0 newMesShrink
435715608  1 1 PASS
435715608  2 0 SecondaryOfPN_01
436168322  1 0 ses2MesFail
441721286  1 1 PASS
441721286  2 0 SecondaryOfPN_01
441734144  1 0 ses2MesFail
441734144  2 0 SecondaryOfPN_01
441734910  1 0 ses2MesFail
441739153  1 0 ses2MesFail
441739153  2 0 ses2MesFail
441741602  1 0 AltDetFail
441765151  1 0 ses2MesFail
441765151  2 1 PASS
441765151  3 1 PASS
441791515  1 1 PASS
441804674  1 1 PASS
441804674  2 0 ses2MesFail
441804674  3 0 SecondaryOfPN_01
441804674  4 0 ses2MesFail
441804674  5 0 newMesShrink
441804888  1 0 ses2MesFail
441806350  1 1 PASS
441806350  2 0 AltDetFail
441808796  1 1 PASS
445857434  1 1 PASS
451905766  1 0 AltDetFail
452546401  1 1 PASS
458461293  1 1 PASS
458478250  1 1 PASS
458481461  1 1 PASS
458481461  2 0 ses2MesFail
459192460  1 0 ses2MesFail
459969957  1 0 ses2MesFail
459978466  1 1 PASS
462620279  1 0 ses2MesFail
462620279  2 1 PASS
462637035  1 1 PASS
462637035  2 0 AltDetFail
467179528  1 1 PASS
900450619  1 0 ChasesFail
1201270568  1 0 ses2MesFail
1400770435  1 1 PASS
1400770435  2 0 SecondaryOfPN_01
1551345499  1 0 ses2MesFail
1551345500  1 0 ses2MesFail
1713419350  1 0 AltDetFail
1713419350  2 0 AltDetFail
1716106614  1 1 PASS
1717734760  1 1 PASS
1880988419  1 1 PASS
1880988419  2 0 AltDetFail
1883519478  1 0 ses2MesFail
1883519478  2 0 ses2MesFail
1944066506  1 0 ses2MesFail
1944066506  2 0 AltDetFail
