375879013  1 0 AltDetFail
375879013  2 0 AltDetFail
375879013  3 0 AltDetFail
 32160706  1 0 ses2MesFail
323478101  1 1 PASS
323478101  2 0 SecondaryOfPN_01
323478101  3 0 AltDetFail
261202953  1 0 AltDetFail
261202953  2 0 AltDetFail
 20580464  1 1 PASS
162143408  1 0 ses2MesFail
162143408  2 1 PASS
162143408  3 0 ses2MesFail
372376841  1 1 PASS
372376841  2 0 SecondaryOfPN_01
403907527  1 0 ses2MesFail
436267771  1 1 PASS
436267771  2 0 SecondaryOfPN_01
453766335  1 1 PASS
302995864  1 0 ses2MesFail
253132689  1 1 PASS
 31850842  1 1 PASS
 31850842  2 0 SecondaryOfPN_01
 31850842  3 0 newMesShrink
299023386  1 1 PASS
299023386  2 0 SecondaryOfPN_01
272232401  1 0 ses2MesFail
272232401  2 0 ses2MesFail
272232401  3 0 ChasesFail
350618622  1 0 ses2MesFail
272904110  1 1 PASS
272904110  2 0 SecondaryOfPN_01
286912556  1 1 PASS
167862308  1 1 PASS
120857605  1 0 ChasesFail
461080504  1 1 PASS
276934414  1 0 AltDetFail
451645081  1 1 PASS
237933899  1 0 ses2MesFail
334972033  1 0 AltDetFail
334972033  2 0 AltDetFail
730543928  1 1 PASS
730543928  2 0 ChasesFail
275453979  1 0 newMesShrink
372913439  1 0 ses2MesFail
372913439  2 1 PASS
411614400  1 1 PASS
411614400  2 0 ChasesFail
411614400  3 1 PASS
460722920  1 0 AltDetFail
383051469  1 0 ses2MesFail
140891597  1 0 AltDetFail
231720363  1 1 PASS
130866502  1 0 AltDetFail
130866502  2 0 AltDetFail
178653947  1 1 PASS
435111484  1 0 ses2MesFail
435111484  2 0 ses2MesFail
 80626650  1 1 PASS
 38680052  1 1 PASS
162893536  1 0 newMesShrink
162893536  2 0 ses2MesFail
162893536  3 0 ses2MesFail
452325432  1 0 AltDetFail
375963454  1 1 PASS
375963454  2 0 SecondaryOfPN_01
275384718  1 0 ses2MesFail
313174898  1 1 PASS
313174898  2 0 SecondaryOfPN_01
 67206833  1 1 PASS
 67206833  2 0 SecondaryOfPN_01
 22242383  1 1 PASS
 38634085  1 1 PASS
 38634085  2 0 SecondaryOfPN_01
438775149  1 0 ses2MesFail
438775149  2 0 ses2MesFail
450420664  1 0 ses2MesFail
450420664  2 0 SecondaryOfPN_01
141937127  1 1 PASS
141937127  2 0 AltDetFail
392557724  1 1 PASS
248129790  1 0 ses2MesFail
372909935  1 1 PASS
438685468  1 0 ses2MesFail
277298771  1 0 ses2MesFail
277298771  2 0 ses2MesFail
459997997  1 1 PASS
142173958  1 1 PASS
142173958  2 0 SecondaryOfPN_01
 55369219  1 0 ses2MesFail
449486448  1 0 ses2MesFail
382101519  1 0 AltDetFail
382101519  2 0 AltDetFail
419778517  1 0 ses2MesFail
 49209941  1 1 PASS
177255827  1 0 ChasesFail
340561622  1 0 ses2MesFail
462876889  1 1 PASS
150105822  1 1 PASS
307210830  1 1 PASS
307210830  2 1 PASS
307210830  3 1 PASS
 25133286  1 0 ses2MesFail
383952951  1 0 ses2MesFail
461029064  1 0 ses2MesFail
461029064  2 0 newMesBelowThresh
149176080  1 0 AltDetFail
149176080  2 0 AltDetFail
309714906  1 0 ses2MesFail
735229757  1 0 AltDetFail
735229757  2 0 AltDetFail
382028425  1 1 PASS
382028425  2 0 SecondaryOfPN_01
131003697  1 1 PASS
347810193  1 0 AltDetFail
347810193  2 0 AltDetFail
272212970  1 1 PASS
125403367  1 1 PASS
125403367  2 0 AltDetFail
303611085  1 1 PASS
936565428  1 1 PASS
311838201  1 0 ses2MesFail
311838201  2 0 newMesShrink
311838201  3 0 ses2MesFail
311838201  4 0 AltDetFail
304944616  1 1 PASS
142375435  1 1 PASS
302041425  1 0 ChasesFail
302041425  2 0 SecondaryOfPN_01
401442100  1 0 AltDetFail
350479496  1 0 ses2MesFail
350479496  2 0 SecondaryOfPN_01
 55781202  1 0 ses2MesFail
167896870  1 0 ses2MesFail
452267394  1 1 PASS
272319474  1 0 ses2MesFail
142094399  1 0 AltDetFail
340359630  1 1 PASS
460572582  1 1 PASS
460572582  2 0 SecondaryOfPN_01
 30034081  1 0 ses2MesFail
 30034081  2 0 newMesBelowThresh
 30034081  3 0 newMesBelowThresh
334790064  1 0 ses2MesFail
451319000  1 0 AltDetFail
451319000  2 0 AltDetFail
278138619  1 1 PASS
452419843  1 1 PASS
452419843  2 0 SecondaryOfPN_01
397364524  1 0 AltDetFail
468162834  1 1 PASS
144155582  1 0 ses2MesFail
150357613  1 1 PASS
459582002  1 1 PASS
294092966  1 1 PASS
294092966  2 0 SecondaryOfPN_01
294092966  3 0 AltDetFail
162922904  1 1 PASS
 22442201  1 0 ses2MesFail
 22442201  2 0 AltDetFail
 22442201  3 0 AltDetFail
 82707763  1 1 PASS
362413145  1 1 PASS
362413145  2 0 ChasesFail
362413145  3 1 PASS
160199003  1 0 ses2MesFail
162362398  1 0 ses2MesFail
135050395  1 1 PASS
386252337  1 1 PASS
405605748  1 0 ses2MesFail
405605748  2 0 ses2MesFail
381387264  1 1 PASS
415808109  1 0 ChasesFail
310556491  1 1 PASS
310556491  2 0 SecondaryOfPN_01
310556491  3 1 PASS
293271581  1 1 PASS
293271581  2 0 AltDetFail
293271581  3 0 AltDetFail
375223080  1 1 PASS
382575967  1 0 ses2MesFail
125423135  1 0 ses2MesFail
107017648  1 1 PASS
350025488  1 1 PASS
447062900  1 1 PASS
 15445551  1 1 PASS
 15445551  2 0 AltDetFail
 89535068  1 1 PASS
364398097  1 1 PASS
453734715  1 1 PASS
242083025  1 1 PASS
348897766  1 0 AltDetFail
348897766  2 0 AltDetFail
 30718115  1 0 ses2MesFail
454888671  1 0 AltDetFail
454888671  2 0 AltDetFail
307571165  1 1 PASS
261754181  1 1 PASS
349647488  1 1 PASS
349647488  2 0 newMesShrink
349647488  3 0 SecondaryOfPN_01
371803111  1 0 AltDetFail
146721954  1 1 PASS
146721954  2 0 AltDetFail
162580295  1 0 ses2MesFail
308794367  1 1 PASS
181823135  1 0 ses2MesFail
181823135  2 0 SecondaryOfPN_01
423530755  1 1 PASS
 45688604  1 1 PASS
 45688604  2 0 SecondaryOfPN_01
303333075  1 1 PASS
376486632  1 0 newMesShrink
303336116  1 1 PASS
 30113151  1 1 PASS
302133793  1 1 PASS
302133793  2 0 AltDetFail
302133793  3 0 AltDetFail
302133793  4 0 AltDetFail
462170252  1 0 AltDetFail
389305560  1 1 PASS
452357628  1 0 ChasesFail
141871560  1 1 PASS
141871560  2 0 AltDetFail
357536526  1 1 PASS
357536526  2 1 PASS
 80630473  1 1 PASS
237933816  1 0 ses2MesFail
359271092  1 1 PASS
163042241  1 0 ses2MesFail
163042241  2 0 ses2MesFail
303443210  1 1 PASS
303443210  2 0 ses2MesFail
 55272262  1 1 PASS
408511121  1 1 PASS
408511121  2 0 SecondaryOfPN_01
313038875  1 1 PASS
 25195258  1 0 ses2MesFail
 92461371  1 1 PASS
374861595  1 1 PASS
460205581  1 1 PASS
429295277  1 1 PASS
178859380  1 0 AltDetFail
907007366  1 0 ses2MesFail
167696013  1 0 ses2MesFail
355303117  1 1 PASS
245068274  1 1 PASS
245068274  2 0 SecondaryOfPN_01
452579325  1 1 PASS
243200602  1 1 PASS
444837461  1 0 newMesBelowThresh
161739878  1 1 PASS
460417238  1 1 PASS
371451519  1 1 PASS
452591868  1 0 ses2MesFail
 72444347  1 1 PASS
 72444347  2 0 SecondaryOfPN_01
177077475  1 0 ses2MesFail
277634430  1 1 PASS
358463513  1 1 PASS
228760807  1 0 AltDetFail
460071288  1 0 AltDetFail
460071288  2 0 AltDetFail
307210445  1 0 ses2MesFail
307210445  2 0 AltDetFail
306510653  1 1 PASS
 73088974  1 1 PASS
 73088974  2 0 AltDetFail
 73088974  3 0 AltDetFail
 73088974  4 0 AltDetFail
 73088974  5 0 AltDetFail
178709444  1 1 PASS
279570232  1 1 PASS
421184842  1 0 AltDetFail
421184842  2 0 AltDetFail
421184842  3 0 AltDetFail
364589441  1 0 ses2MesFail
177309964  1 0 ChasesFail
177309964  2 0 AltDetFail
334615194  1 0 AltDetFail
334615194  2 0 AltDetFail
204673811  1 1 PASS
382575703  1 0 ses2MesFail
381975502  1 1 PASS
452083121  1 1 PASS
 55652896  1 0 ses2MesFail
408565692  1 0 ses2MesFail
363255513  1 0 AltDetFail
363255513  2 0 AltDetFail
363255513  3 0 AltDetFail
364398410  1 1 PASS
364398410  2 0 AltDetFail
371098432  1 0 AltDetFail
460497990  1 1 PASS
181861434  1 0 ses2MesFail
400076045  1 1 PASS
306996324  1 1 PASS
306996324  2 1 PASS
269683239  1 0 AltDetFail
400270805  1 1 PASS
469216438  1 1 PASS
290681675  1 1 PASS
307291308  1 1 PASS
287584993  1 1 PASS
320228013  1 1 PASS
320228013  2 0 SecondaryOfPN_01
 15444490  1 0 ChasesFail
 15444490  2 0 ses2MesFail
459334348  1 0 AltDetFail
 32050050  1 0 ses2MesFail
357639411  1 0 ses2MesFail
141914082  1 0 ses2MesFail
141914082  2 1 PASS
141914082  3 0 ses2MesFail
360205899  1 1 PASS
425506424  1 1 PASS
425506424  2 0 SecondaryOfPN_01
458599043  1 1 PASS
231074850  1 1 PASS
231074850  2 0 SecondaryOfPN_01
176874136  1 1 PASS
463545487  1 1 PASS
410921432  1 1 PASS
375225453  1 1 PASS
 89702406  1 0 ses2MesFail
149473467  1 0 ses2MesFail
149473467  2 0 AltDetFail
403842301  1 0 AltDetFail
403842301  2 0 AltDetFail
260161144  1 0 ses2MesFail
260161144  2 0 newMesBelowThresh
260161144  3 0 AltDetFail
457864221  1 1 PASS
 92458808  1 0 ses2MesFail
377263958  1 1 PASS
380117288  1 0 ses2MesFail
380117288  2 0 SecondaryOfPN_01
380117288  3 0 SecondaryOfPN_01
464296022  1 1 PASS
149573659  1 1 PASS
149573659  2 0 SecondaryOfPN_01
306410072  1 0 ChasesFail
144289734  1 1 PASS
144289734  2 0 AltDetFail
238226533  1 1 PASS
952087515  1 0 AltDetFail
952087515  2 0 AltDetFail
288522586  1 1 PASS
288522586  2 0 AltDetFail
444842457  1 1 PASS
468162837  1 1 PASS
341729521  1 1 PASS
341729521  2 0 SecondaryOfPN_01
266508179  1 1 PASS
335103607  1 1 PASS
362672910  1 0 ChasesFail
362672910  2 0 ses2MesFail
102192004  1 1 PASS
130946041  1 0 AltDetFail
141811446  1 1 PASS
141811446  2 0 SecondaryOfPN_01
335630693  1 1 PASS
309403898  1 0 ses2MesFail
 58458650  1 0 ses2MesFail
 30540538  1 1 PASS
383134735  1 0 ses2MesFail
274791367  1 0 AltDetFail
220477003  1 1 PASS
180991313  1 1 PASS
150440755  1 0 AltDetFail
379118953  1 1 PASS
379118953  2 0 SecondaryOfPN_01
344747420  1 1 PASS
458857720  1 1 PASS
271806353  1 1 PASS
120302781  1 1 PASS
319936228  1 0 ses2MesFail
319936228  2 0 ChasesFail
 98991911  1 0 ses2MesFail
464125146  1 1 PASS
464125146  2 0 SecondaryOfPN_01
140900726  1 1 PASS
220432563  1 0 ses2MesFail
319508664  1 0 ses2MesFail
372894789  1 0 AltDetFail
253148023  1 0 AltDetFail
253148023  2 0 AltDetFail
177033503  1 0 newMesBelowThresh
458536977  1 1 PASS
458536977  2 0 newMesShrink
 73084613  1 1 PASS
 73084613  2 0 SecondaryOfPN_01
460724949  1 1 PASS
460724949  2 0 AltDetFail
414929408  1 1 PASS
321299050  1 0 ses2MesFail
317385747  1 1 PASS
 72444850  1 0 ses2MesFail
362676427  1 1 PASS
165558723  1 1 PASS
358154354  1 1 PASS
358154354  2 0 AltDetFail
358154354  3 0 AltDetFail
144826529  1 1 PASS
382986366  1 0 ses2MesFail
464665587  1 1 PASS
382266319  1 0 ses2MesFail
382266319  2 0 AltDetFail
382266319  3 0 AltDetFail
364302118  1 0 newMesShrink
364302118  2 0 AltDetFail
310026926  1 0 ses2MesFail
304809203  1 1 PASS
 30267198  1 1 PASS
308451526  1 1 PASS
308451526  2 0 AltDetFail
308451526  3 0 AltDetFail
178344145  1 0 ses2MesFail
453789494  1 1 PASS
450276745  1 0 AltDetFail
379783522  1 0 newMesShrink
379783522  2 0 newMesBelowThresh
323521562  1 1 PASS
167754658  1 0 ses2MesFail
167754658  2 0 newMesBelowThresh
405089321  1 0 ses2MesFail
350480660  1 1 PASS
350480660  2 0 SecondaryOfPN_01
348992096  1 0 newMesShrink
149990841  1 1 PASS
453464017  1 1 PASS
204698586  1 0 newMesShrink
204698586  2 0 SecondaryOfPN_01
204698586  3 0 AltDetFail
204698586  4 0 AltDetFail
309146836  1 0 ses2MesFail
436894188  1 1 PASS
309627556  1 1 PASS
 80682484  1 1 PASS
360918957  1 0 ses2MesFail
462038629  1 1 PASS
974128107  1 0 ses2MesFail
974128107  2 0 SecondaryOfPN_01
974128107  3 0 AltDetFail
461874418  1 1 PASS
461874418  2 0 SecondaryOfPN_01
 83134553  1 0 ses2MesFail
 72671804  1 1 PASS
231799463  1 0 ses2MesFail
383514377  1 0 ses2MesFail
437326630  1 0 ses2MesFail
 82949776  1 1 PASS
 82949776  2 0 AltDetFail
 82949776  3 0 AltDetFail
 82949776  4 0 AltDetFail
294930324  1 0 AltDetFail
304042899  1 1 PASS
460374679  1 1 PASS
460374679  2 0 SecondaryOfPN_01
449666662  1 0 ses2MesFail
101773425  1 0 ses2MesFail
160828759  1 0 ses2MesFail
107020409  1 1 PASS
298076386  1 0 ses2MesFail
134902595  1 0 AltDetFail
471015365  1 0 AltDetFail
471015365  2 0 AltDetFail
300012172  1 0 ses2MesFail
300012172  2 0 ses2MesFail
459841654  1 1 PASS
459841654  2 0 ses2MesFail
459841654  3 0 SecondaryOfPN_01
459841654  4 1 PASS
452148924  1 1 PASS
467947619  1 0 ses2MesFail
323292655  1 0 AltDetFail
385012516  1 1 PASS
466773964  1 0 AltDetFail
398943781  1 1 PASS
 82768709  1 0 newMesShrink
286865921  1 1 PASS
276793501  1 0 AltDetFail
375052613  1 1 PASS
253451973  1 1 PASS
382188882  1 1 PASS
389213047  1 1 PASS
300651846  1 1 PASS
300651846  2 0 AltDetFail
300651846  3 0 AltDetFail
125403389  1 1 PASS
458076434  1 1 PASS
458076434  2 0 SecondaryOfPN_01
917799978  1 1 PASS
917799978  2 0 SecondaryOfPN_01
 61538902  1 1 PASS
939273908  1 1 PASS
811717112  1 0 AltDetFail
309066741  1 1 PASS
 93000166  1 1 PASS
 93000166  2 0 SecondaryOfPN_01
422418527  1 0 ses2MesFail
450277258  1 1 PASS
 81314581  1 0 ses2MesFail
142209361  1 0 ses2MesFail
142209361  2 0 newMesBelowThresh
142209361  3 0 SecondaryOfPN_01
428699140  1 1 PASS
458593861  1 1 PASS
306021078  1 1 PASS
302726143  1 1 PASS
134873712  1 0 ses2MesFail
429242762  1 0 AltDetFail
 38586438  1 1 PASS
 38586438  2 1 PASS
177308364  1 0 ses2MesFail
320855910  1 0 ses2MesFail
460172517  1 1 PASS
410448693  1 1 PASS
165493409  1 1 PASS
150139263  1 1 PASS
384950919  1 0 ses2MesFail
384950919  2 0 ses2MesFail
306773020  1 0 newMesShrink
452591819  1 0 newMesShrink
306420990  1 1 PASS
306420990  2 0 SecondaryOfPN_01
260504147  1 0 ses2MesFail
203377303  1 1 PASS
383055703  1 0 newMesShrink
303123055  1 1 PASS
303123055  2 0 SecondaryOfPN_01
345135732  1 0 ses2MesFail
157266693  1 1 PASS
350431335  1 1 PASS
350431335  2 0 AltDetFail
305810217  1 1 PASS
167251459  1 0 ses2MesFail
167251459  2 0 newMesBelowThresh
300560295  1 1 PASS
361413119  1 1 PASS
451413351  1 0 ses2MesFail
347750143  1 0 ChasesFail
359050452  1 1 PASS
 81077799  1 1 PASS
405448680  1 1 PASS
405448680  2 0 AltDetFail
445648583  1 1 PASS
220029715  1 1 PASS
309791156  1 1 PASS
350443417  1 0 ses2MesFail
350443417  2 0 AltDetFail
350443417  3 0 AltDetFail
350443417  4 0 AltDetFail
350443417  5 0 AltDetFail
350443417  6 0 AltDetFail
177162886  1 1 PASS
266842406  1 1 PASS
179308939  1 0 AltDetFail
 31702463  1 0 ses2MesFail
 55497266  1 0 ses2MesFail
457796270  1 1 PASS
459648927  1 0 ses2MesFail
404927661  1 0 ses2MesFail
457872192  1 0 ses2MesFail
457872192  2 1 PASS
122258063  1 0 ChasesFail
260269456  1 0 ses2MesFail
260269456  2 0 newMesBelowThresh
363154652  1 0 AltDetFail
363154652  2 0 AltDetFail
371098435  1 1 PASS
458364354  1 0 ses2MesFail
309077217  1 1 PASS
267521367  1 1 PASS
267521367  2 0 ses2MesFail
170494200  1 0 ses2MesFail
383945997  1 1 PASS
 60676064  1 1 PASS
 60676064  2 0 SecondaryOfPN_01
925539965  1 0 AltDetFail
101938521  1 0 ses2MesFail
278825952  1 0 ses2MesFail
278825952  2 0 newMesBelowThresh
278825952  3 0 newMesBelowThresh
142209224  1 0 AltDetFail
 25078924  1 1 PASS
 25078924  2 0 SecondaryOfPN_01
310294189  1 1 PASS
287355511  1 1 PASS
287355511  2 0 SecondaryOfPN_01
 46235895  1 0 ChasesFail
 45887812  1 0 AltDetFail
271629040  1 1 PASS
458263480  1 1 PASS
324993853  1 1 PASS
279511712  1 1 PASS
458236657  1 1 PASS
220473309  1 0 ses2MesFail
220473309  2 0 ses2MesFail
220473309  3 0 ChasesFail
220473309  4 0 ses2MesFail
167572975  1 0 newMesBelowThresh
391745744  1 1 PASS
 61988212  1 1 PASS
237917696  1 1 PASS
 31961007  1 1 PASS
 31961007  2 0 SecondaryOfPN_01
130790080  1 0 AltDetFail
 31869740  1 1 PASS
142096904  1 0 ses2MesFail
142096904  2 0 ses2MesFail
142096904  3 0 AltDetFail
335629452  1 0 AltDetFail
  5966674  1 0 ses2MesFail
 30531417  1 0 ses2MesFail
101968337  1 0 AltDetFail
345135733  1 0 ses2MesFail
458859364  1 0 AltDetFail
272349442  1 0 ses2MesFail
162695785  1 1 PASS
140830390  1 1 PASS
360130454  1 0 ses2MesFail
360130454  2 0 ChasesFail
446370039  1 1 PASS
142391542  1 0 ses2MesFail
142105158  1 1 PASS
462097071  1 0 ses2MesFail
452281203  1 1 PASS
120302919  1 1 PASS
120302919  2 0 ses2MesFail
278731274  1 0 ses2MesFail
278731274  2 0 ses2MesFail
423539160  1 1 PASS
360709162  1 1 PASS
131081852  1 1 PASS
131081852  2 0 SecondaryOfPN_01
220475245  1 1 PASS
323354786  1 0 ses2MesFail
323354786  2 0 ses2MesFail
323354786  3 1 PASS
323354786  4 0 ses2MesFail
323354786  5 0 ses2MesFail
323880595  1 0 ses2MesFail
391728166  1 1 PASS
363468465  1 0 AltDetFail
382145619  1 0 ses2MesFail
385624852  1 1 PASS
451262164  1 1 PASS
451262164  2 0 SecondaryOfPN_01
264767454  1 1 PASS
177118939  1 0 AltDetFail
177118939  2 0 AltDetFail
357604966  1 0 ses2MesFail
357604966  2 0 AltDetFail
460984940  1 1 PASS
 55383975  1 0 ses2MesFail
439511833  1 0 ses2MesFail
439511833  2 0 SecondaryOfPN_01
439511833  3 1 PASS
462267998  1 0 ses2MesFail
462267998  2 0 AltDetFail
 30993392  1 1 PASS
 30993392  2 0 newMesShrink
294301883  1 1 PASS
464668753  1 1 PASS
228882643  1 1 PASS
379128266  1 1 PASS
 55746262  1 1 PASS
377877712  1 1 PASS
141096071  1 1 PASS
465075473  1 0 ses2MesFail
465075473  2 0 ses2MesFail
382528174  1 1 PASS
382528174  2 0 AltDetFail
323292484  1 0 newMesBelowThresh
425505324  1 1 PASS
405630560  1 0 AltDetFail
453216810  1 1 PASS
453216810  2 0 AltDetFail
135230069  1 0 AltDetFail
135230069  2 0 AltDetFail
281581467  1 0 ses2MesFail
 49317171  1 0 AltDetFail
278024057  1 0 ses2MesFail
465185147  1 0 AltDetFail
374753420  1 0 AltDetFail
374753420  2 0 AltDetFail
411359725  1 1 PASS
305746628  1 1 PASS
404340025  1 1 PASS
450593584  1 1 PASS
 30940692  1 1 PASS
311328485  1 0 AltDetFail
341192914  1 1 PASS
341192914  2 0 SecondaryOfPN_01
102169275  1 1 PASS
273031342  1 0 ses2MesFail
 22857283  1 1 PASS
333822981  1 1 PASS
341186896  1 1 PASS
382069435  1 0 ses2MesFail
 92239585  1 0 AltDetFail
 92239585  2 0 AltDetFail
463402815  1 1 PASS
271795511  1 1 PASS
271795511  2 0 SecondaryOfPN_01
364395234  1 1 PASS
364395234  2 1 PASS
 22850303  1 0 ChasesFail
 22850303  2 0 ses2MesFail
289945253  1 0 ChasesFail
272167060  1 1 PASS
302373103  1 0 newMesShrink
302373103  2 0 AltDetFail
 32449963  1 1 PASS
 32449963  2 0 SecondaryOfPN_01
 32449963  3 0 ChasesFail
452269183  1 1 PASS
150442264  1 1 PASS
150442264  2 0 SecondaryOfPN_01
150442264  3 0 ChasesFail
 61767312  1 1 PASS
 61767312  2 0 AltDetFail
458406499  1 0 ses2MesFail
410654298  1 1 PASS
124568633  1 1 PASS
142375426  1 1 PASS
181823258  1 1 PASS
181823258  2 0 AltDetFail
181823258  3 0 AltDetFail
467238286  1 0 ses2MesFail
467238286  2 0 ses2MesFail
843283157  1 0 ses2MesFail
843283157  2 0 ses2MesFail
 66932406  1 0 newMesBelowThresh
276793626  1 0 AltDetFail
279615956  1 0 AltDetFail
219410480  1 1 PASS
465268826  1 0 ses2MesFail
465268826  2 0 ChasesFail
277022838  1 0 AltDetFail
 31743416  1 1 PASS
 98957720  1 1 PASS
282050293  1 0 ses2MesFail
282050293  2 0 AltDetFail
101902072  1 1 PASS
119925436  1 1 PASS
181162466  1 0 ses2MesFail
382980571  1 1 PASS
452734608  1 1 PASS
439139241  1 1 PASS
399853374  1 0 ChasesFail
460538679  1 0 AltDetFail
150358433  1 1 PASS
181855987  1 0 ses2MesFail
378712246  1 0 ChasesFail
  5870394  1 0 ses2MesFail
142263411  1 0 ses2MesFail
176956893  1 1 PASS
141608198  1 1 PASS
286961403  1 0 ses2MesFail
397791443  1 0 AltDetFail
397791443  2 0 AltDetFail
270557309  1 0 ses2MesFail
 60641876  1 1 PASS
244978362  1 1 PASS
244978362  2 0 AltDetFail
272357134  1 1 PASS
162211294  1 1 PASS
737163462  1 0 ses2MesFail
149059954  1 1 PASS
149059954  2 0 AltDetFail
399969067  1 1 PASS
309299238  1 1 PASS
309299238  2 0 SecondaryOfPN_01
258379678  1 0 ChasesFail
429238967  1 1 PASS
453794834  1 0 ChasesFail
453794834  2 1 PASS
163042814  1 1 PASS
163042814  2 0 SecondaryOfPN_01
307291318  1 1 PASS
371188886  1 1 PASS
380695355  1 1 PASS
181150051  1 1 PASS
181150051  2 0 ses2MesFail
181150051  3 0 AltDetFail
181150051  4 0 AltDetFail
390229592  1 0 ChasesFail
390229592  2 0 ses2MesFail
375585570  1 1 PASS
278199349  1 1 PASS
454323762  1 0 ses2MesFail
454323762  2 0 ses2MesFail
454323762  3 0 ses2MesFail
454323762  4 0 ses2MesFail
454323762  5 0 ChasesFail
415769704  1 0 AltDetFail
415769704  2 0 AltDetFail
238197638  1 1 PASS
248111245  1 1 PASS
313044214  1 1 PASS
312576659  1 1 PASS
312576659  2 0 AltDetFail
452746839  1 0 AltDetFail
993389489  1 0 newMesShrink
993389489  2 0 AltDetFail
444842193  1 1 PASS
400066956  1 0 AltDetFail
162700861  1 1 PASS
262575578  1 0 ses2MesFail
349156098  1 1 PASS
349156098  2 0 SecondaryOfPN_01
318828309  1 1 PASS
382246231  1 1 PASS
121948496  1 0 ses2MesFail
204642367  1 1 PASS
447283466  1 1 PASS
423591132  1 1 PASS
423591132  2 0 newMesShrink
140659978  1 1 PASS
140659978  2 0 SecondaryOfPN_01
162523286  1 1 PASS
162523286  2 0 SecondaryOfPN_01
162523286  3 0 SecondaryOfPN_01
462160110  1 0 ChasesFail
389258220  1 0 ses2MesFail
389258220  2 0 AltDetFail
467485829  1 1 PASS
423570424  1 0 ses2MesFail
423570424  2 1 PASS
423570424  3 1 PASS
 15449266  1 1 PASS
248075138  1 1 PASS
278863611  1 0 AltDetFail
278863611  2 0 AltDetFail
300892362  1 0 AltDetFail
454790725  1 0 ses2MesFail
400323948  1 1 PASS
404144841  1 1 PASS
267930566  1 1 PASS
300141210  1 1 PASS
300141210  2 0 SecondaryOfPN_01
349273278  1 0 AltDetFail
141866704  1 1 PASS
451864890  1 1 PASS
451864890  2 0 AltDetFail
467316701  1 1 PASS
 73649615  1 1 PASS
270472265  1 1 PASS
374753270  1 0 AltDetFail
374753270  2 0 AltDetFail
399492452  1 0 newMesShrink
399492452  2 0 newMesShrink
399492452  3 1 PASS
167602025  1 0 ChasesFail
333297274  1 0 ses2MesFail
453766186  1 0 ses2MesFail
453766186  2 0 ses2MesFail
454363400  1 0 AltDetFail
359740883  1 0 ChasesFail
389305559  1 1 PASS
 58533991  1 1 PASS
325172035  1 1 PASS
303233891  1 1 PASS
122500910  1 1 PASS
290678703  1 1 PASS
290678703  2 0 SecondaryOfPN_01
306826065  1 0 ChasesFail
333298129  1 0 ses2MesFail
304356061  1 1 PASS
304356061  2 0 AltDetFail
375310963  1 0 ses2MesFail
733027940  1 0 ChasesFail
309787037  1 1 PASS
350298319  1 1 PASS
340255339  1 1 PASS
357516451  1 0 ses2MesFail
349055504  1 0 ses2MesFail
 29778064  1 0 ses2MesFail
 29778064  2 0 AltDetFail
449866729  1 0 ses2MesFail
150357290  1 0 ses2MesFail
304299578  1 0 AltDetFail
258314976  1 0 ses2MesFail
258314976  2 0 ses2MesFail
258314976  3 0 SecondaryOfPN_01
389926045  1 0 AltDetFail
928719743  1 1 PASS
 45302816  1 0 ses2MesFail
  5969274  1 1 PASS
 49291533  1 1 PASS
363260203  1 1 PASS
323350241  1 0 ses2MesFail
323350241  2 0 ses2MesFail
323350241  3 0 ses2MesFail
144219766  1 0 ChasesFail
270507305  1 1 PASS
161156159  1 1 PASS
405553955  1 0 ses2MesFail
405553955  2 0 ses2MesFail
149060456  1 0 ses2MesFail
167551757  1 0 ses2MesFail
167551757  2 0 ChasesFail
452501234  1 0 newMesShrink
461271719  1 1 PASS
372371319  1 0 newMesBelowThresh
260298958  1 1 PASS
447593079  1 0 AltDetFail
447593079  2 0 AltDetFail
447593079  3 0 AltDetFail
102305337  1 0 ses2MesFail
322098744  1 1 PASS
322098744  2 0 AltDetFail
181862539  1 0 AltDetFail
260003467  1 1 PASS
142172051  1 0 ses2MesFail
370440624  1 0 ses2MesFail
370440624  2 0 newMesShrink
370440624  3 0 SecondaryOfPN_02
370440624  4 0 SecondaryOfPN_01
370440624  5 1 PASS
124771255  1 0 AltDetFail
438628169  1 0 ChasesFail
385626253  1 1 PASS
176874062  1 1 PASS
176874062  2 0 SecondaryOfPN_01
260842067  1 0 ses2MesFail
162694809  1 1 PASS
162694809  2 0 SecondaryOfPN_01
151769040  1 0 AltDetFail
467368706  1 0 ses2MesFail
467368706  2 0 ses2MesFail
467368706  3 0 ChasesFail
467368706  4 0 ChasesFail
 30287190  1 1 PASS
 30287190  2 0 SecondaryOfPN_01
 80312842  1 0 AltDetFail
 80312842  2 0 AltDetFail
 80312842  3 0 AltDetFail
350563998  1 1 PASS
 38842861  1 1 PASS
150429807  1 0 ses2MesFail
281757097  1 1 PASS
281757097  2 0 AltDetFail
377658867  1 0 AltDetFail
 97974034  1 0 ses2MesFail
271891552  1 1 PASS
163648025  1 1 PASS
151917059  1 1 PASS
151917059  2 0 SecondaryOfPN_01
338409865  1 0 AltDetFail
 72229825  1 1 PASS
452448437  1 0 ses2MesFail
452448437  2 0 newMesBelowThresh
149570686  1 0 ChasesFail
466451695  1 1 PASS
204674064  1 0 ses2MesFail
179308923  1 0 AltDetFail
  5817638  1 0 ses2MesFail
 31814089  1 0 ses2MesFail
 82580956  1 1 PASS
309371306  1 0 ses2MesFail
441444256  1 1 PASS
440538436  1 1 PASS
181159386  1 1 PASS
157175641  1 0 ses2MesFail
157175641  2 0 AltDetFail
 25155310  1 1 PASS
107138357  1 1 PASS
467839816  1 1 PASS
140757571  1 0 AltDetFail
150320620  1 1 PASS
 25154831  1 1 PASS
333195768  1 1 PASS
333195768  2 0 SecondaryOfPN_01
376008569  1 0 newMesBelowThresh
432563559  1 1 PASS
453625820  1 1 PASS
453625820  2 0 SecondaryOfPN_01
356453768  1 1 PASS
277108449  1 1 PASS
454544943  1 0 newMesBelowThresh
363851359  1 0 ses2MesFail
363851359  2 1 PASS
150273402  1 1 PASS
260043723  1 1 PASS
178725301  1 0 ChasesFail
460650924  1 0 ses2MesFail
302037442  1 1 PASS
941094762  1 0 newMesBelowThresh
220435095  1 1 PASS
140691463  1 1 PASS
 72938014  1 0 ses2MesFail
347752831  1 1 PASS
280675564  1 0 ses2MesFail
306828113  1 1 PASS
294273900  1 0 ses2MesFail
294273900  2 0 AltDetFail
 58738380  1 1 PASS
345136771  1 0 AltDetFail
 31105684  1 0 ses2MesFail
307783750  1 1 PASS
307783750  2 0 SecondaryOfPN_01
307783750  3 0 AltDetFail
358460464  1 1 PASS
358460464  2 0 AltDetFail
294328887  1 1 PASS
392467438  1 1 PASS
438600110  1 1 PASS
438600110  2 0 SecondaryOfPN_01
438600110  3 0 AltDetFail
 46029665  1 1 PASS
 46029665  2 0 ses2MesFail
381949410  1 0 ses2MesFail
363154663  1 0 AltDetFail
363154663  2 0 AltDetFail
462774215  1 1 PASS
  6080209  1 0 ses2MesFail
379332656  1 1 PASS
273026743  1 1 PASS
273026743  2 0 SecondaryOfPN_01
261993765  1 1 PASS
272211411  1 1 PASS
 40340867  1 1 PASS
 40612150  1 0 AltDetFail
382068562  1 1 PASS
102075319  1 1 PASS
323341780  1 1 PASS
306576958  1 0 AltDetFail
231726138  1 1 PASS
439610306  1 1 PASS
270075684  1 1 PASS
350765919  1 0 AltDetFail
163946569  1 0 AltDetFail
163946569  2 0 AltDetFail
342004815  1 0 ses2MesFail
309659124  1 0 AltDetFail
282051790  1 0 ses2MesFail
309618238  1 1 PASS
372851229  1 0 AltDetFail
372851229  2 0 AltDetFail
372851229  3 0 AltDetFail
339859782  1 0 newMesBelowThresh
272466980  1 1 PASS
272466980  2 0 AltDetFail
272466980  3 0 AltDetFail
 94178495  1 1 PASS
 94178495  2 1 PASS
271506863  1 0 ChasesFail
267930751  1 1 PASS
267930751  2 0 AltDetFail
442448851  1 1 PASS
437334048  1 0 ChasesFail
287638396  1 0 AltDetFail
357299790  1 1 PASS
357299790  2 0 SecondaryOfPN_01
219701862  1 0 ChasesFail
170317186  1 0 ChasesFail
 98938601  1 0 ses2MesFail
 98938601  2 0 newMesBelowThresh
307108725  1 0 ses2MesFail
307717272  1 0 ses2MesFail
231721550  1 0 ses2MesFail
 93843678  1 0 ses2MesFail
 30848598  1 1 PASS
454010069  1 1 PASS
454010069  2 0 SecondaryOfPN_01
320851362  1 1 PASS
320851362  2 1 PASS
405700729  1 1 PASS
382619547  1 0 ChasesFail
382619547  2 1 PASS
167249373  1 0 ChasesFail
382160069  1 1 PASS
443667698  1 0 ses2MesFail
 25118964  1 0 ses2MesFail
 83135166  1 0 ses2MesFail
308034948  1 1 PASS
375035131  1 0 ChasesFail
315312531  1 1 PASS
358870376  1 1 PASS
363781484  1 0 ses2MesFail
378885645  1 0 ses2MesFail
378885645  2 0 ChasesFail
403907386  1 1 PASS
403907386  2 0 SecondaryOfPN_01
403907386  3 1 PASS
279475245  1 1 PASS
332068487  1 1 PASS
350145729  1 0 ses2MesFail
 91726134  1 1 PASS
372913432  1 1 PASS
166230802  1 0 ses2MesFail
310553064  1 1 PASS
339672028  1 1 PASS
160197791  1 0 ses2MesFail
160197791  2 0 ses2MesFail
313174125  1 1 PASS
181015118  1 0 ChasesFail
181015118  2 0 ses2MesFail
181015118  3 0 ses2MesFail
181015118  4 0 ChasesFail
181015118  5 0 ses2MesFail
181015118  6 0 ChasesFail
458038392  1 1 PASS
458038392  2 0 SecondaryOfPN_01
451027736  1 1 PASS
306384426  1 0 ChasesFail
150442268  1 1 PASS
150442268  2 0 SecondaryOfPN_01
141869060  1 1 PASS
141869060  2 0 AltDetFail
278198753  1 0 ChasesFail
349304574  1 1 PASS
287563610  1 1 PASS
245132906  1 0 AltDetFail
245132906  2 0 AltDetFail
357120378  1 1 PASS
457939414  1 1 PASS
300387930  1 1 PASS
243265638  1 0 ses2MesFail
243265638  2 0 ses2MesFail
377263944  1 1 PASS
377263944  2 0 SecondaryOfPN_01
374910314  1 0 ses2MesFail
 92168604  1 1 PASS
 92168604  2 0 AltDetFail
334305570  1 1 PASS
381634966  1 1 PASS
 30275662  1 1 PASS
458230632  1 1 PASS
983240328  1 0 ses2MesFail
379329149  1 0 ChasesFail
379329149  2 0 ChasesFail
107245872  1 0 ses2MesFail
303809444  1 1 PASS
466323338  1 0 ses2MesFail
303443247  1 0 ses2MesFail
303443247  2 0 ChasesFail
381974193  1 0 ses2MesFail
167554898  1 1 PASS
357023705  1 1 PASS
135178862  1 0 ses2MesFail
450918869  1 1 PASS
140580579  1 0 ses2MesFail
140580579  2 0 SecondaryOfPN_01
410451083  1 1 PASS
410451083  2 0 AltDetFail
466662145  1 1 PASS
162530077  1 0 AltDetFail
244882956  1 0 ses2MesFail
244882956  2 0 ses2MesFail
244882956  3 0 ses2MesFail
135036669  1 1 PASS
  1758607  1 1 PASS
 21167907  1 1 PASS
 21167907  2 0 AltDetFail
 38469354  1 0 newMesBelowThresh
 38469354  2 0 ses2MesFail
397346299  1 1 PASS
397346299  2 0 SecondaryOfPN_01
448419342  1 1 PASS
118084044  1 1 PASS
142375417  1 1 PASS
142375417  2 0 SecondaryOfPN_01
150437346  1 1 PASS
390363092  1 0 AltDetFail
309151373  1 0 ses2MesFail
335046558  1 0 ses2MesFail
335046558  2 0 ses2MesFail
468130429  1 1 PASS
370745311  1 1 PASS
370745311  2 1 PASS
370745311  3 0 AltDetFail
149603524  1 1 PASS
412377174  1 1 PASS
363653791  1 0 ses2MesFail
363653791  2 1 PASS
167339584  1 1 PASS
167339584  2 0 AltDetFail
447214171  1 0 newMesShrink
447214171  2 0 AltDetFail
 49209331  1 0 AltDetFail
 49209331  2 0 AltDetFail
101774867  1 0 ChasesFail
260351540  1 0 ses2MesFail
287428978  1 0 ses2MesFail
242103812  1 0 ChasesFail
309659126  1 0 AltDetFail
309659126  2 0 AltDetFail
364898211  1 1 PASS
406047945  1 1 PASS
181862541  1 0 AltDetFail
271799457  1 1 PASS
150101472  1 1 PASS
313526034  1 1 PASS
  5868998  1 1 PASS
463006021  1 0 AltDetFail
463006021  2 0 AltDetFail
178819686  1 1 PASS
178819686  2 1 PASS
134977720  1 0 ChasesFail
373918302  1 0 AltDetFail
281582156  1 0 ses2MesFail
281582156  2 0 ses2MesFail
281582156  3 0 ses2MesFail
295562522  1 1 PASS
405754448  1 1 PASS
405754448  2 0 AltDetFail
405754448  3 0 AltDetFail
405754448  4 0 AltDetFail
 89626082  1 0 ses2MesFail
 89626082  2 0 AltDetFail
 89626082  3 0 AltDetFail
322229213  1 0 ses2MesFail
322229213  2 0 newMesShrink
 58719168  1 0 AltDetFail
324395151  1 1 PASS
258524687  1 1 PASS
 22760643  1 1 PASS
 22760643  2 0 SecondaryOfPN_01
437333618  1 1 PASS
 72593068  1 1 PASS
149539114  1 1 PASS
 80842501  1 1 PASS
203385855  1 1 PASS
436276821  1 0 newMesShrink
436276821  2 0 ses2MesFail
 49256147  1 1 PASS
 49256147  2 0 ses2MesFail
237927133  1 0 ses2MesFail
347809861  1 1 PASS
347809861  2 0 newMesShrink
347809861  3 0 newMesShrink
457758829  1 1 PASS
437676607  1 1 PASS
 60734281  1 0 ChasesFail
244943765  1 0 ChasesFail
461867584  1 1 PASS
 55404385  1 0 ses2MesFail
 55404385  2 0 SecondaryOfPN_01
335630746  1 1 PASS
260265964  1 1 PASS
  9384580  1 1 PASS
  9384580  2 0 AltDetFail
 31109583  1 0 AltDetFail
141428309  1 0 ses2MesFail
299941037  1 1 PASS
391241402  1 1 PASS
419848241  1 1 PASS
419848241  2 0 ses2MesFail
320079492  1 1 PASS
 73228647  1 1 PASS
314104600  1 0 AltDetFail
162802770  1 1 PASS
438600085  1 1 PASS
438600085  2 0 SecondaryOfPN_01
438600085  3 0 AltDetFail
220474209  1 0 ses2MesFail
220474209  2 0 newMesShrink
382407397  1 0 ses2MesFail
382302241  1 1 PASS
405513314  1 1 PASS
405513314  2 0 AltDetFail
 31815407  1 0 AltDetFail
306829151  1 1 PASS
303861796  1 0 ses2MesFail
167534578  1 0 AltDetFail
167534578  2 0 AltDetFail
304996231  1 1 PASS
451123979  1 0 AltDetFail
451123979  2 0 AltDetFail
451123979  3 0 AltDetFail
372515585  1 0 ses2MesFail
 31529035  1 0 ses2MesFail
315175893  1 1 PASS
425068409  1 1 PASS
167526485  1 1 PASS
441058522  1 1 PASS
457427613  1 0 AltDetFail
260505914  1 1 PASS
303809249  1 0 AltDetFail
405911276  1 0 ses2MesFail
405911276  2 1 PASS
405911276  3 0 AltDetFail
454013359  1 1 PASS
454013359  2 0 SecondaryOfPN_01
339668420  1 0 ses2MesFail
165909066  1 0 ses2MesFail
165909066  2 0 ses2MesFail
287327575  1 0 ses2MesFail
448111067  1 0 ses2MesFail
219769809  1 1 PASS
219769809  2 0 SecondaryOfPN_01
 30097038  1 0 ses2MesFail
 73306615  1 1 PASS
290674357  1 0 ses2MesFail
219717739  1 0 newMesShrink
219717739  2 0 newMesBelowThresh
437331306  1 1 PASS
141768070  1 1 PASS
317794127  1 1 PASS
167574513  1 0 ses2MesFail
370236000  1 0 AltDetFail
370236000  2 0 AltDetFail
274903374  1 1 PASS
307998103  1 0 ses2MesFail
145014598  1 1 PASS
145014598  2 0 AltDetFail
458230570  1 1 PASS
458230570  2 0 AltDetFail
339633702  1 1 PASS
339633702  2 0 AltDetFail
324122526  1 1 PASS
 81310679  1 0 AltDetFail
453515748  1 0 ses2MesFail
453515748  2 0 newMesShrink
279161495  1 0 ses2MesFail
220359766  1 0 ses2MesFail
422480495  1 0 ses2MesFail
349408306  1 1 PASS
349408306  2 0 SecondaryOfPN_01
453815948  1 1 PASS
453815948  2 0 SecondaryOfPN_01
141187075  1 1 PASS
467461269  1 1 PASS
 22139314  1 1 PASS
373915220  1 0 ses2MesFail
373915220  2 0 SecondaryOfPN_01
 81176868  1 1 PASS
 81176868  2 0 SecondaryOfPN_01
237930351  1 0 ses2MesFail
294098955  1 0 ChasesFail
339890862  1 1 PASS
339890862  2 0 SecondaryOfPN_01
451614854  1 1 PASS
451614854  2 1 PASS
309257814  1 1 PASS
 92167387  1 1 PASS
 92167387  2 0 AltDetFail
372913430  1 1 PASS
451913795  1 1 PASS
235060821  1 1 PASS
399642075  1 1 PASS
170627705  1 1 PASS
308211363  1 0 ses2MesFail
299486246  1 0 newMesShrink
451682970  1 1 PASS
433448211  1 0 ses2MesFail
433448211  2 0 ses2MesFail
311327881  1 0 ses2MesFail
295917789  1 0 AltDetFail
356522323  1 0 AltDetFail
356522323  2 0 AltDetFail
141334293  1 0 ChasesFail
306560367  1 1 PASS
450690604  1 0 ses2MesFail
450690604  2 0 ses2MesFail
450690604  3 0 AltDetFail
382043650  1 0 ChasesFail
 83113607  1 1 PASS
465207958  1 1 PASS
316380301  1 1 PASS
323485429  1 1 PASS
 61535401  1 1 PASS
452521611  1 1 PASS
429236863  1 0 ses2MesFail
429236863  2 0 ses2MesFail
350297825  1 0 ChasesFail
349160488  1 0 AltDetFail
323780590  1 1 PASS
469247903  1 0 AltDetFail
385458269  1 1 PASS
163581410  1 0 AltDetFail
163581410  2 0 AltDetFail
309254930  1 1 PASS
466120902  1 1 PASS
466120902  2 0 SecondaryOfPN_01
389090632  1 0 AltDetFail
389090632  2 0 AltDetFail
451112995  1 1 PASS
176958231  1 1 PASS
460416229  1 0 ChasesFail
178866290  1 0 ses2MesFail
178866290  2 0 AltDetFail
253318028  1 1 PASS
305206774  1 1 PASS
422214838  1 1 PASS
422214838  2 0 AltDetFail
349572614  1 0 ChasesFail
374095457  1 1 PASS
 73303344  1 0 ses2MesFail
415097626  1 1 PASS
415097626  2 0 ses2MesFail
271701765  1 1 PASS
 55497281  1 1 PASS
 55497281  2 0 ses2MesFail
383346621  1 0 ses2MesFail
411357190  1 0 ses2MesFail
808234509  1 0 ChasesFail
203364491  1 1 PASS
457418232  1 1 PASS
457418232  2 0 SecondaryOfPN_01
165666711  1 0 ses2MesFail
165666711  2 0 SecondaryOfPN_01
452466679  1 0 AltDetFail
452466679  2 0 AltDetFail
 30283401  1 1 PASS
399490653  1 1 PASS
399490653  2 0 AltDetFail
272211398  1 1 PASS
463517235  1 1 PASS
 22481474  1 0 AltDetFail
 40343782  1 1 PASS
 40343782  2 0 SecondaryOfPN_01
167891320  1 0 ses2MesFail
335103599  1 0 ses2MesFail
443673580  1 0 ses2MesFail
443673580  2 0 newMesBelowThresh
348898049  1 0 ChasesFail
 32052779  1 0 ses2MesFail
297662647  1 1 PASS
 78924719  1 0 ses2MesFail
457932003  1 1 PASS
363852956  1 0 newMesShrink
363852956  2 0 AltDetFail
  5966772  1 0 ses2MesFail
 20542817  1 0 ses2MesFail
 20542817  2 0 ses2MesFail
141708335  1 1 PASS
181163751  1 0 ChasesFail
302987876  1 1 PASS
 30876081  1 0 ses2MesFail
 30876081  2 0 newMesBelowThresh
 30876081  3 0 newMesBelowThresh
 20614436  1 1 PASS
 20614436  2 0 SecondaryOfPN_01
852704494  1 0 AltDetFail
852704494  2 0 AltDetFail
165827520  1 1 PASS
237933451  1 0 ses2MesFail
 89463560  1 1 PASS
 89463560  2 0 AltDetFail
 89463560  3 0 AltDetFail
 89463560  4 0 AltDetFail
 89463560  5 0 AltDetFail
 89463560  6 0 AltDetFail
141975926  1 0 ses2MesFail
141975926  2 0 ses2MesFail
260128333  1 1 PASS
229254851  1 0 AltDetFail
229254851  2 0 AltDetFail
322826591  1 1 PASS
181226824  1 0 ses2MesFail
181226824  2 0 AltDetFail
348995211  1 1 PASS
378117290  1 1 PASS
132643834  1 0 ses2MesFail
361060749  1 1 PASS
361060749  2 0 AltDetFail
300038246  1 1 PASS
279251651  1 1 PASS
248199562  1 0 newMesShrink
248199562  2 0 SecondaryOfPN_01
248199562  3 0 AltDetFail
460014571  1 0 AltDetFail
460014571  2 0 AltDetFail
342004873  1 0 AltDetFail
142052876  1 0 ses2MesFail
449353370  1 0 ses2MesFail
422448465  1 0 ses2MesFail
 22458666  1 0 AltDetFail
371733347  1 0 ChasesFail
 22482585  1 0 ChasesFail
102308358  1 1 PASS
360282034  1 1 PASS
357201371  1 1 PASS
162091088  1 0 ses2MesFail
294206429  1 0 ChasesFail
294206429  2 0 SecondaryOfPN_01
350954265  1 1 PASS
306773798  1 0 ses2MesFail
452591471  1 1 PASS
452591471  2 0 ses2MesFail
318377553  1 0 AltDetFail
318377553  2 0 AltDetFail
318377553  3 0 AltDetFail
177283493  1 0 ses2MesFail
177283493  2 0 AltDetFail
312907176  1 0 AltDetFail
312907176  2 0 AltDetFail
307261707  1 1 PASS
307261707  2 0 SecondaryOfPN_01
405676235  1 1 PASS
271893367  1 1 PASS
334221257  1 0 ses2MesFail
334221257  2 0 SecondaryOfPN_01
334221257  3 0 SecondaryOfPN_01
286912002  1 0 ses2MesFail
261261490  1 1 PASS
 94561805  1 1 PASS
 94561805  2 0 SecondaryOfPN_01
461934636  1 0 ses2MesFail
425064757  1 0 AltDetFail
425064757  2 0 newMesShrink
425064757  3 0 AltDetFail
425064757  4 0 AltDetFail
425064757  5 0 AltDetFail
229465939  1 0 ses2MesFail
914254660  1 1 PASS
 89787749  1 1 PASS
 89787749  2 0 AltDetFail
 89787749  3 0 AltDetFail
 73650567  1 1 PASS
808234508  1 0 ses2MesFail
356521368  1 0 AltDetFail
160522021  1 1 PASS
160522021  2 0 AltDetFail
371867468  1 0 AltDetFail
 38699825  1 0 AltDetFail
349307344  1 0 ses2MesFail
459850897  1 1 PASS
147218178  1 1 PASS
364588501  1 0 ses2MesFail
300871376  1 0 AltDetFail
300871376  2 0 AltDetFail
300871376  3 0 AltDetFail
448358913  1 1 PASS
450998476  1 1 PASS
438600097  1 1 PASS
438600097  2 0 SecondaryOfPN_01
438600097  3 0 AltDetFail
460140752  1 1 PASS
309365800  1 1 PASS
311515799  1 1 PASS
162585282  1 0 newMesShrink
162585282  2 0 AltDetFail
142378043  1 1 PASS
412444432  1 1 PASS
412444432  2 0 AltDetFail
412444432  3 0 AltDetFail
348842168  1 1 PASS
307433122  1 0 ses2MesFail
152479307  1 0 ses2MesFail
281979481  1 1 PASS
281979481  2 1 PASS
459707738  1 0 AltDetFail
459707738  2 0 AltDetFail
268472260  1 1 PASS
 46106659  1 1 PASS
 46106659  2 0 SecondaryOfPN_01
 46106659  3 0 AltDetFail
271701447  1 1 PASS
271701447  2 0 AltDetFail
376483392  1 1 PASS
1057203552  1 0 ses2MesFail
451878588  1 1 PASS
459162034  1 0 AltDetFail
103914433  1 0 AltDetFail
103914433  2 0 AltDetFail
103914433  3 0 AltDetFail
149248196  1 0 ses2MesFail
149248196  2 1 PASS
141268467  1 1 PASS
141268467  2 0 AltDetFail
297348512  1 0 AltDetFail
297348512  2 0 AltDetFail
422327572  1 0 AltDetFail
294271676  1 0 ses2MesFail
333772196  1 0 AltDetFail
333772196  2 0 AltDetFail
268542521  1 0 AltDetFail
 32150999  1 1 PASS
 32150999  2 0 SecondaryOfPN_01
457981833  1 0 ses2MesFail
458342769  1 1 PASS
135149671  1 0 ses2MesFail
179576115  1 1 PASS
399492439  1 0 newMesShrink
399492439  2 0 SecondaryOfPN_01
460600835  1 1 PASS
103625404  1 0 ses2MesFail
315841434  1 1 PASS
309528896  1 1 PASS
309528896  2 0 newMesShrink
453463733  1 0 newMesShrink
144787862  1 0 AltDetFail
144787862  2 0 AltDetFail
398625382  1 1 PASS
398625382  2 0 SecondaryOfPN_01
446764692  1 0 newMesBelowThresh
401283888  1 0 ChasesFail
401283888  2 0 ChasesFail
460120116  1 1 PASS
460120116  2 0 AltDetFail
308537791  1 0 AltDetFail
308537791  2 0 AltDetFail
178707278  1 0 AltDetFail
279614617  1 0 ses2MesFail
275474470  1 0 ChasesFail
228761172  1 0 ses2MesFail
349229527  1 1 PASS
349229527  2 0 ses2MesFail
904950770  1 1 PASS
  9560142  1 0 AltDetFail
  9560142  2 0 AltDetFail
122266693  1 0 ses2MesFail
390554357  1 0 ses2MesFail
390554357  2 0 newMesShrink
322985477  1 1 PASS
322985477  2 0 ses2MesFail
310713487  1 1 PASS
310713487  2 0 SecondaryOfPN_01
443666343  1 1 PASS
451585544  1 1 PASS
142042969  1 1 PASS
355800238  1 1 PASS
423617440  1 0 ses2MesFail
267072776  1 0 AltDetFail
267072776  2 0 AltDetFail
307435285  1 1 PASS
398723597  1 1 PASS
101800395  1 1 PASS
152513129  1 1 PASS
152513129  2 0 SecondaryOfPN_01
104024556  1 1 PASS
382258517  1 0 ses2MesFail
382258517  2 0 ses2MesFail
424240968  1 0 ses2MesFail
424240968  2 0 newMesBelowThresh
167005481  1 1 PASS
150166721  1 0 ChasesFail
150166721  2 0 ses2MesFail
150166721  3 0 AltDetFail
374083993  1 0 newMesShrink
303523084  1 0 ses2MesFail
323967348  1 0 AltDetFail
323967348  2 0 AltDetFail
323967348  3 0 AltDetFail
358884558  1 0 ChasesFail
253380837  1 1 PASS
253380837  2 0 ses2MesFail
229811538  1 1 PASS
405756510  1 0 ses2MesFail
405756510  2 0 ChasesFail
140802498  1 0 ses2MesFail
140802498  2 0 SecondaryOfPN_01
458961005  1 1 PASS
277960603  1 0 ses2MesFail
308903145  1 0 ChasesFail
308903145  2 0 ChasesFail
374421660  1 1 PASS
361157755  1 0 ses2MesFail
361157755  2 0 ChasesFail
350332997  1 1 PASS
405695928  1 1 PASS
142082932  1 0 ses2MesFail
204649983  1 0 ses2MesFail
401590951  1 1 PASS
363258401  1 0 AltDetFail
442456453  1 1 PASS
442456453  2 0 SecondaryOfPN_01
442456453  3 0 AltDetFail
349972412  1 0 ses2MesFail
273996323  1 1 PASS
294754396  1 1 PASS
377014890  1 0 AltDetFail
377014890  2 0 AltDetFail
377014890  3 0 AltDetFail
276935987  1 1 PASS
276935987  2 0 SecondaryOfPN_01
276935987  3 0 SecondaryOfPN_01
276935987  4 0 SecondaryOfPN_01
276935987  5 1 PASS
272236017  1 1 PASS
267177329  1 1 PASS
167344043  1 1 PASS
103944219  1 0 ses2MesFail
288100746  1 0 ses2MesFail
288100746  2 0 newMesShrink
288100746  3 0 newMesShrink
288100746  4 0 AltDetFail
399144800  1 0 ses2MesFail
286864983  1 1 PASS
268027536  1 1 PASS
268027536  2 0 SecondaryOfPN_01
268027536  3 0 AltDetFail
316651612  1 1 PASS
391154611  1 1 PASS
391154611  2 0 AltDetFail
280945693  1 1 PASS
280945693  2 0 SecondaryOfPN_01
280945693  3 0 AltDetFail
280945693  4 0 AltDetFail
165827306  1 0 AltDetFail
165827306  2 0 AltDetFail
412191425  1 0 ses2MesFail
412191425  2 0 ses2MesFail
288376829  1 1 PASS
317642317  1 0 ses2MesFail
317642317  2 0 SecondaryOfPN_01
317642317  3 0 SecondaryOfPN_01
317642317  4 0 SecondaryOfPN_01
317642317  5 0 SecondaryOfPN_01
228882699  1 0 ChasesFail
421191260  1 1 PASS
421191260  2 0 SecondaryOfPN_01
278776514  1 0 ChasesFail
149346418  1 0 ses2MesFail
149346418  2 0 ses2MesFail
436272308  1 1 PASS
436272308  2 0 SecondaryOfPN_01
399642071  1 1 PASS
261136000  1 1 PASS
261136000  2 0 AltDetFail
300295060  1 0 ses2MesFail
162246865  1 1 PASS
278683641  1 0 ses2MesFail
278683641  2 0 SecondaryOfPN_01
307368492  1 1 PASS
 22388285  1 0 ses2MesFail
951282189  1 0 AltDetFail
951282189  2 0 AltDetFail
163359135  1 0 ses2MesFail
391813813  1 0 AltDetFail
231809798  1 1 PASS
272213425  1 1 PASS
434508647  1 0 ses2MesFail
434508647  2 0 SecondaryOfPN_01
450782099  1 0 AltDetFail
452533640  1 1 PASS
167812449  1 1 PASS
167812449  2 0 SecondaryOfPN_01
369506001  1 1 PASS
466289471  1 0 ses2MesFail
 20541663  1 0 AltDetFail
 20541663  2 0 AltDetFail
467281353  1 1 PASS
408555184  1 0 ses2MesFail
 40797468  1 1 PASS
167123841  1 0 AltDetFail
167123841  2 0 AltDetFail
167123841  3 0 AltDetFail
304030311  1 1 PASS
304030311  2 0 SecondaryOfPN_01
450786190  1 0 ses2MesFail
142262969  1 0 ses2MesFail
305693987  1 1 PASS
266514825  1 1 PASS
 30988774  1 0 ses2MesFail
178723395  1 1 PASS
178723395  2 0 SecondaryOfPN_01
273817886  1 0 ChasesFail
319936861  1 0 AltDetFail
349765573  1 1 PASS
463374279  1 1 PASS
463374279  2 0 AltDetFail
323172801  1 0 ses2MesFail
323172801  2 0 ses2MesFail
294872402  1 0 AltDetFail
294872402  2 0 AltDetFail
177175199  1 1 PASS
458854972  1 1 PASS
295885511  1 0 ses2MesFail
295885511  2 0 SecondaryOfPN_01
260304800  1 1 PASS
389254402  1 1 PASS
389254402  2 0 SecondaryOfPN_01
355159393  1 0 ses2MesFail
344329766  1 1 PASS
451072731  1 0 AltDetFail
253153103  1 0 ses2MesFail
253153103  2 0 newMesBelowThresh
141122198  1 0 ses2MesFail
141122198  2 0 newMesBelowThresh
311768360  1 0 ses2MesFail
311768360  2 0 AltDetFail
 72985822  1 1 PASS
382577618  1 1 PASS
 33864821  1 1 PASS
 33864821  2 0 SecondaryOfPN_01
 33864821  3 0 AltDetFail
364538560  1 1 PASS
364538560  2 0 SecondaryOfPN_01
279425357  1 1 PASS
370955883  1 1 PASS
 71832179  1 0 ses2MesFail
348995212  1 1 PASS
166969346  1 1 PASS
302040469  1 1 PASS
405910546  1 1 PASS
 55650494  1 1 PASS
381979901  1 1 PASS
237933846  1 1 PASS
278683844  1 1 PASS
 58634613  1 1 PASS
453469791  1 0 AltDetFail
179637387  1 0 AltDetFail
141770592  1 1 PASS
939110009  1 0 AltDetFail
939110009  2 0 AltDetFail
388104525  1 1 PASS
350025490  1 1 PASS
293345927  1 0 AltDetFail
293345927  2 0 AltDetFail
293345927  3 0 AltDetFail
 72858760  1 0 ses2MesFail
 72858760  2 0 ses2MesFail
349231109  1 0 ses2MesFail
350030829  1 1 PASS
181915829  1 1 PASS
457409850  1 0 ses2MesFail
453095065  1 0 ses2MesFail
441830360  1 0 newMesShrink
308744455  1 1 PASS
308744455  2 0 AltDetFail
308744455  3 0 AltDetFail
308744455  4 0 AltDetFail
398650935  1 0 AltDetFail
 21113347  1 1 PASS
322078735  1 0 ses2MesFail
322078735  2 0 SecondaryOfPN_01
307255082  1 1 PASS
404804908  1 1 PASS
260647166  1 1 PASS
260647166  2 1 PASS
260647166  3 1 PASS
260647166  4 1 PASS
382188816  1 1 PASS
 38846515  1 1 PASS
220478846  1 0 AltDetFail
220478846  2 0 AltDetFail
355156860  1 0 ses2MesFail
355156860  2 0 AltDetFail
 94381588  1 0 AltDetFail
107245860  1 0 ses2MesFail
178889524  1 0 AltDetFail
178889524  2 0 AltDetFail
260160482  1 0 AltDetFail
459670193  1 1 PASS
453784987  1 1 PASS
453784987  2 0 AltDetFail
399639698  1 1 PASS
 80933417  1 1 PASS
167042097  1 0 ses2MesFail
306635088  1 1 PASS
310539654  1 1 PASS
272086159  1 0 ses2MesFail
458473363  1 0 AltDetFail
 21107353  1 0 ChasesFail
 21107353  2 0 ses2MesFail
459840308  1 1 PASS
167602738  1 1 PASS
167602738  2 0 AltDetFail
260239481  1 0 ses2MesFail
260239481  2 0 SecondaryOfPN_01
465507504  1 0 ses2MesFail
165459595  1 0 ses2MesFail
165459595  2 0 AltDetFail
165459595  3 0 SecondaryOfPN_01
321455348  1 1 PASS
 38515801  1 0 ses2MesFail
137136194  1 1 PASS
137136194  2 0 SecondaryOfPN_01
463829088  1 0 AltDetFail
179317684  1 1 PASS
124095230  1 1 PASS
457512814  1 1 PASS
317791613  1 0 AltDetFail
141865875  1 1 PASS
141865875  2 0 SecondaryOfPN_01
177353450  1 0 ses2MesFail
279424328  1 1 PASS
372519345  1 0 newMesShrink
307490261  1 0 ses2MesFail
178889995  1 0 ses2MesFail
415191100  1 1 PASS
437335031  1 1 PASS
