 21167907  1 1 PASS
 21167907  2 0 AltDetFail
 21167907  3 0 AltDetFail
  1695417  1 0 ses2MesFail
 21827849  1 1 PASS
  1727745  1 0 newMesBelowThresh
 21639186  1 1 PASS
  1728294  1 1 PASS
 22242383  1 1 PASS
  1736351  1 1 PASS
 22390773  1 0 ChasesFail
 22390773  2 0 ses2MesFail
  5714469  1 0 AltDetFail
 22457438  1 0 ses2MesFail
  5868998  1 1 PASS
 22481474  1 0 AltDetFail
  5969274  1 1 PASS
 22760643  1 1 PASS
  5981829  1 0 ses2MesFail
  5981829  2 0 newMesShrink
 23328912  1 1 PASS
 23328912  2 0 SecondaryOfPN_01
  9438270  1 1 PASS
 23500817  1 1 PASS
  9438317  1 0 ChasesFail
 23555025  1 1 PASS
 23555025  2 0 SecondaryOfPN_01
  9482453  1 1 PASS
 23559851  1 1 PASS
 23559851  2 0 AltDetFail
  9560142  1 0 AltDetFail
  9560142  2 0 AltDetFail
  9560142  3 0 AltDetFail
 25155310  1 1 PASS
  9560459  1 0 ses2MesFail
 25132999  1 0 ses2MesFail
 14614418  1 1 PASS
 25963785  1 1 PASS
 14661418  1 1 PASS
 25998400  1 1 PASS
 25998400  2 0 SecondaryOfPN_01
 25998400  3 0 AltDetFail
 14679411  1 1 PASS
 29777922  1 0 AltDetFail
 14717691  1 0 ses2MesFail
 29778064  1 0 ses2MesFail
 29778064  2 0 AltDetFail
 15373882  1 0 ses2MesFail
 29779873  1 0 ses2MesFail
 15445546  1 1 PASS
 15445546  2 0 AltDetFail
 29831208  1 1 PASS
 15445551  1 1 PASS
 15445551  2 1 PASS
 29914747  1 1 PASS
 29914747  2 0 AltDetFail
 21107353  1 0 ses2MesFail
 29984014  1 1 PASS
 21165290  1 1 PASS
 25078924  1 0 ses2MesFail
 25078924  2 0 SecondaryOfPN_01
 25118964  1 0 ses2MesFail
 25118964  2 0 ses2MesFail
 29986808  1 1 PASS
 30034081  1 1 PASS
 30034081  2 0 newMesBelowThresh
 30034081  3 0 newMesBelowThresh
 30034189  1 0 ses2MesFail
 30275662  1 0 AltDetFail
 30312676  1 0 AltDetFail
 30313682  1 0 ses2MesFail
 30848598  1 0 AltDetFail
 31415131  1 0 AltDetFail
 31415158  1 1 PASS
 31529171  1 0 AltDetFail
 31925242  1 0 ses2MesFail
 31998499  1 1 PASS
 32000625  1 0 AltDetFail
 32050581  1 1 PASS
 32052779  1 0 ses2MesFail
 32150630  1 1 PASS
 32150630  2 0 SecondaryOfPN_01
 32449869  1 0 ses2MesFail
 32449963  1 1 PASS
 32449963  2 0 SecondaryOfPN_01
 32449963  3 1 PASS
 33715938  1 0 ses2MesFail
 33770863  1 1 PASS
 33878971  1 0 ses2MesFail
 38423705  1 0 AltDetFail
 38462492  1 1 PASS
 38462492  2 0 SecondaryOfPN_01
 38462522  1 1 PASS
 38586438  1 1 PASS
 38586438  2 0 ses2MesFail
 38594608  1 1 PASS
 38699658  1 1 PASS
 38699658  2 0 ses2MesFail
 38699658  3 1 PASS
 38811794  1 1 PASS
 38842861  1 1 PASS
 38846515  1 1 PASS
 40340867  1 1 PASS
 41232835  1 0 AltDetFail
 41364284  1 1 PASS
 41483281  1 1 PASS
 41533313  1 0 ChasesFail
 44984200  1 0 ses2MesFail
 45302816  1 0 ses2MesFail
 45302816  2 0 ChasesFail
 46029665  1 0 ses2MesFail
 46029665  2 0 ses2MesFail
 46029665  3 1 PASS
 55298910  1 0 newMesBelowThresh
 55369125  1 1 PASS
 55404385  1 1 PASS
 55481273  1 1 PASS
 55497281  1 1 PASS
 55524055  1 1 PASS
 55524055  2 0 SecondaryOfPN_01
 55756813  1 0 AltDetFail
 55848818  1 1 PASS
 55848818  2 0 AltDetFail
 57151429  1 0 ses2MesFail
 57151429  2 0 ChasesFail
 57151429  3 0 ses2MesFail
 57151431  1 0 ses2MesFail
 57151431  2 0 ses2MesFail
 57151431  3 0 ses2MesFail
 57378518  1 0 ses2MesFail
 57513388  1 0 ses2MesFail
 57513388  2 0 ses2MesFail
 57513388  3 1 PASS
 57513388  4 0 ses2MesFail
 57513388  5 0 ChasesFail
 57570617  1 0 ses2MesFail
 57652994  1 0 ses2MesFail
 58466459  1 1 PASS
 58531827  1 0 ChasesFail
 61538902  1 1 PASS
 61542962  1 1 PASS
 61644304  1 1 PASS
 61986793  1 0 AltDetFail
 61986793  2 0 AltDetFail
 61988212  1 1 PASS
 66944319  1 0 ses2MesFail
 66944319  2 0 ses2MesFail
 72008370  1 1 PASS
 72121778  1 1 PASS
 72121778  2 0 SecondaryOfPN_01
 72178247  1 0 ses2MesFail
 72178247  2 0 ses2MesFail
 72178248  1 0 ChasesFail
 72178248  2 0 ChasesFail
 72229825  1 1 PASS
 72316429  1 0 ses2MesFail
 72316429  2 0 ses2MesFail
 72445399  1 0 ses2MesFail
 72500833  1 0 ses2MesFail
 72627333  1 1 PASS
 72985822  1 1 PASS
 73177813  1 1 PASS
 73177813  2 0 ChasesFail
 73228647  1 1 PASS
 73303344  1 0 ses2MesFail
 73306615  1 1 PASS
 73649615  1 1 PASS
 73650567  1 0 ses2MesFail
 73796699  1 1 PASS
 77557473  1 0 AltDetFail
 77557473  2 0 AltDetFail
 81702112  1 0 newMesShrink
 81702112  2 0 ses2MesFail
 81777499  1 1 PASS
 82580956  1 1 PASS
 83111578  1 1 PASS
 83111578  2 0 AltDetFail
 83113607  1 1 PASS
 83135408  1 0 ses2MesFail
 83135408  2 0 newMesShrink
 83135408  3 0 newMesShrink
 83154083  1 0 ChasesFail
 89463560  1 1 PASS
 89463560  2 0 AltDetFail
 89463560  3 0 AltDetFail
 89615401  1 1 PASS
 89787778  1 0 AltDetFail
 89787778  2 0 AltDetFail
 92858906  1 0 ses2MesFail
 92902907  1 1 PASS
 92902951  1 0 ses2MesFail
 92902951  2 0 SecondaryOfPN_01
 92902951  3 0 ses2MesFail
 92995573  1 1 PASS
 92997988  1 0 ses2MesFail
 92997988  2 0 ses2MesFail
 93000166  1 1 PASS
 93000166  2 0 SecondaryOfPN_01
 94088626  1 0 AltDetFail
 94088626  2 0 AltDetFail
 94088626  3 0 AltDetFail
 94178492  1 0 ses2MesFail
 94178492  2 1 PASS
 94178495  1 0 ses2MesFail
 94178495  2 0 ses2MesFail
 94178495  3 1 PASS
 94178495  4 1 PASS
 94255849  1 0 ses2MesFail
 94381583  1 0 AltDetFail
 94381583  2 0 AltDetFail
 98664422  1 0 ses2MesFail
 98753727  1 0 ses2MesFail
 99028319  1 1 PASS
 99028319  2 0 ses2MesFail
 99028324  1 1 PASS
101690410  1 0 SesStatFail
101955023  1 1 PASS
102169275  1 1 PASS
102305337  1 0 ses2MesFail
102310237  1 0 ses2MesFail
102310237  2 1 PASS
102764828  1 0 AltDetFail
102833322  1 0 ses2MesFail
103683084  1 0 ses2MesFail
103683084  2 0 newMesBelowThresh
103683084  3 0 ses2MesFail
103683084  4 0 ses2MesFail
103859362  1 0 newMesShrink
103859362  2 1 PASS
103959618  1 0 AltDetFail
104024556  1 1 PASS
106497740  1 1 PASS
107012110  1 1 PASS
107018486  1 0 ses2MesFail
111012837  1 0 ChasesFail
118170779  1 1 PASS
118307280  1 0 ses2MesFail
118307280  2 0 ChasesFail
118313102  1 0 ses2MesFail
118313102  2 0 SecondaryOfPN_01
118313102  3 0 newMesShrink
118313102  4 0 newMesBelowThresh
118541883  1 0 ses2MesFail
120780953  1 0 newMesBelowThresh
122189102  1 0 ses2MesFail
122330743  1 1 PASS
122330743  2 0 SecondaryOfPN_01
124095230  1 1 PASS
124095230  2 0 SecondaryOfPN_01
124147486  1 1 PASS
124205037  1 0 AltDetFail
124205037  2 0 AltDetFail
124282575  1 0 ses2MesFail
124282575  2 0 ses2MesFail
124282575  3 0 newMesShrink
124304477  1 0 ses2MesFail
124404927  1 0 ChasesFail
124604724  1 0 AltDetFail
130845934  1 1 PASS
130866502  1 0 AltDetFail
130866502  2 0 AltDetFail
130924120  1 1 PASS
130942594  1 0 ses2MesFail
130942594  2 1 PASS
131081852  1 1 PASS
131117101  1 0 ses2MesFail
131239334  1 0 AltDetFail
131625230  1 1 PASS
132298139  1 0 ses2MesFail
132298139  2 0 ses2MesFail
132965136  1 0 ses2MesFail
134871040  1 1 PASS
134873712  1 0 ses2MesFail
134873712  2 1 PASS
135050395  1 1 PASS
135163289  1 1 PASS
135244338  1 0 AltDetFail
135430844  1 1 PASS
135432237  1 0 newMesBelowThresh
137136194  1 1 PASS
137136194  2 0 SecondaryOfPN_01
140659980  1 1 PASS
140659980  2 0 SecondaryOfPN_01
140692280  1 0 ChasesFail
140757571  1 0 AltDetFail
140757590  1 0 AltDetFail
140757590  2 0 AltDetFail
140757590  3 0 AltDetFail
140859822  1 0 ses2MesFail
140940493  1 0 AltDetFail
140940493  2 0 AltDetFail
141268467  1 1 PASS
141333573  1 0 ses2MesFail
141484981  1 1 PASS
141484981  2 0 SecondaryOfPN_01
141484981  3 0 AltDetFail
141606986  1 0 ses2MesFail
141606986  2 0 AltDetFail
141606986  3 0 AltDetFail
141606986  4 0 AltDetFail
141608198  1 1 PASS
141622065  1 0 ses2MesFail
141685465  1 1 PASS
141685465  2 0 SecondaryOfPN_01
141708335  1 1 PASS
141768070  1 1 PASS
141769356  1 0 ChasesFail
141769434  1 0 ses2MesFail
141770299  1 0 ses2MesFail
141770299  2 0 AltDetFail
141809359  1 1 PASS
141809359  2 0 SecondaryOfPN_01
141865875  1 0 AltDetFail
141865875  2 0 AltDetFail
141914082  1 0 ChasesFail
141914082  2 0 ses2MesFail
142004101  1 0 ses2MesFail
142013583  1 1 PASS
142015852  1 0 ses2MesFail
142054024  1 1 PASS
142086812  1 0 ChasesFail
142098917  1 1 PASS
142098919  1 1 PASS
142139204  1 0 ses2MesFail
142148228  1 1 PASS
142262969  1 1 PASS
142262969  2 0 ses2MesFail
144155582  1 0 ChasesFail
144155582  2 0 ses2MesFail
144155582  3 0 ses2MesFail
144155582  4 0 ses2MesFail
144155716  1 0 ses2MesFail
144219766  1 0 ses2MesFail
144289734  1 0 ChasesFail
144289734  2 1 PASS
144448775  1 0 ChasesFail
144492663  1 1 PASS
145092212  1 0 ses2MesFail
146238523  1 0 ses2MesFail
146530594  1 0 ses2MesFail
146846569  1 1 PASS
146886115  1 0 ses2MesFail
147026702  1 1 PASS
147214032  1 0 ses2MesFail
147281491  1 1 PASS
147466817  1 1 PASS
147622676  1 0 ses2MesFail
147660201  1 1 PASS
149059954  1 0 AltDetFail
149059954  2 0 AltDetFail
149102762  1 1 PASS
149308175  1 0 AltDetFail
149347629  1 0 ses2MesFail
149444545  1 0 AltDetFail
149444545  2 0 AltDetFail
149444545  3 0 AltDetFail
149473467  1 0 ses2MesFail
149473467  2 0 SecondaryOfPN_01
149473467  3 0 SecondaryOfPN_01
149539114  1 0 newMesShrink
149539842  1 0 AltDetFail
149539842  2 0 AltDetFail
149573659  1 1 PASS
149573659  2 0 SecondaryOfPN_01
149573659  3 0 ChasesFail
149600376  1 1 PASS
149600376  2 0 AltDetFail
149600376  3 0 AltDetFail
149603524  1 1 PASS
149629043  1 0 ses2MesFail
149629043  2 0 newMesBelowThresh
149970589  1 1 PASS
149970948  1 1 PASS
149976187  1 0 AltDetFail
150100421  1 0 ses2MesFail
150151262  1 1 PASS
150320620  1 1 PASS
150357290  1 1 PASS
150359500  1 0 ChasesFail
150361803  1 0 AltDetFail
150361803  2 0 AltDetFail
150361911  1 0 ses2MesFail
150429807  1 0 ses2MesFail
150433270  1 0 ses2MesFail
150442264  1 0 ses2MesFail
150442264  2 0 ses2MesFail
151737954  1 1 PASS
151763892  1 0 ses2MesFail
151764983  1 1 PASS
151764983  2 1 PASS
151825527  1 1 PASS
151826930  1 0 AltDetFail
151959065  1 1 PASS
151959557  1 1 PASS
152147232  1 1 PASS
152147549  1 0 AltDetFail
152147549  2 0 AltDetFail
152176559  1 0 ChasesFail
152395748  1 1 PASS
152395748  2 1 PASS
152563846  1 1 PASS
157140074  1 0 newMesBelowThresh
157175641  1 0 ses2MesFail
157175641  2 0 AltDetFail
158197409  1 0 ChasesFail
158294090  1 1 PASS
158450472  1 1 PASS
158588995  1 1 PASS
158673914  1 0 ses2MesFail
158673914  2 0 ses2MesFail
158713903  1 0 ses2MesFail
158713903  2 0 newMesShrink
158713903  3 0 newMesShrink
158713903  4 0 newMesShrink
158713903  5 0 newMesBelowThresh
158713903  6 0 newMesShrink
160197791  1 1 PASS
160199003  1 0 AltDetFail
160204059  1 0 ses2MesFail
160828759  1 0 ChasesFail
160833719  1 1 PASS
161739042  1 0 ChasesFail
162091088  1 0 ses2MesFail
162092833  1 0 ses2MesFail
162143408  1 1 PASS
162143408  2 0 ChasesFail
162143408  3 0 ses2MesFail
162143408  4 0 ses2MesFail
162208836  1 0 ses2MesFail
162305237  1 0 ses2MesFail
162362398  1 1 PASS
162580545  1 1 PASS
162580545  2 0 SecondaryOfPN_01
162580545  3 0 AltDetFail
162582602  1 1 PASS
162585265  1 1 PASS
162585265  2 0 AltDetFail
162585265  3 0 AltDetFail
162585265  4 0 AltDetFail
162585282  1 1 PASS
162585282  2 0 ses2MesFail
162585282  3 0 AltDetFail
162804912  1 1 PASS
163024899  1 0 ses2MesFail
163042241  1 0 ses2MesFail
163258186  1 0 AltDetFail
163648025  1 1 PASS
164293200  1 1 PASS
164293200  2 1 PASS
164298865  1 1 PASS
164592809  1 0 newMesShrink
165317334  1 1 PASS
165456443  1 1 PASS
165458777  1 0 AltDetFail
165458777  2 0 AltDetFail
165493409  1 1 PASS
165909066  1 0 ses2MesFail
166969346  1 1 PASS
166969346  2 0 AltDetFail
166969516  1 0 ses2MesFail
167005326  1 1 PASS
167005326  2 0 AltDetFail
167007869  1 1 PASS
167123437  1 0 AltDetFail
167123841  1 0 ses2MesFail
167123841  2 0 AltDetFail
167125688  1 1 PASS
167164631  1 1 PASS
167304040  1 0 ses2MesFail
167304040  2 0 ses2MesFail
167338355  1 0 AltDetFail
167338355  2 0 AltDetFail
167415965  1 1 PASS
167524561  1 0 ses2MesFail
167524563  1 0 ses2MesFail
167526485  1 1 PASS
167551757  1 0 ses2MesFail
167554898  1 1 PASS
167572319  1 0 ses2MesFail
167602738  1 1 PASS
167602738  2 0 AltDetFail
167652763  1 0 ChasesFail
167656297  1 1 PASS
167692429  1 1 PASS
167692429  2 0 newMesShrink
167692429  3 0 ses2MesFail
167694820  1 0 AltDetFail
167719897  1 0 ses2MesFail
167722431  1 0 ses2MesFail
167722431  2 0 ses2MesFail
167795859  1 1 PASS
167814740  1 0 newMesBelowThresh
167890109  1 0 ses2MesFail
167890109  2 0 AltDetFail
167890109  3 0 AltDetFail
170657104  1 0 ses2MesFail
176910080  1 0 ses2MesFail
176910080  2 0 SecondaryOfPN_01
176937887  1 0 AltDetFail
176955267  1 0 ses2MesFail
176980970  1 0 ChasesFail
176984236  1 1 PASS
177036977  1 0 AltDetFail
177077475  1 1 PASS
177118376  1 0 AltDetFail
177175199  1 1 PASS
177258700  1 0 ses2MesFail
177258700  2 0 SecondaryOfPN_01
177283727  1 1 PASS
177308817  1 0 ses2MesFail
177309964  1 1 PASS
177309964  2 0 SecondaryOfPN_01
177312861  1 1 PASS
177387690  1 0 AltDetFail
177387690  2 0 AltDetFail
178535942  1 0 ses2MesFail
178709444  1 1 PASS
178723395  1 1 PASS
178723395  2 0 SecondaryOfPN_01
178819686  1 1 PASS
178819686  2 1 PASS
178859380  1 0 AltDetFail
178889597  1 0 newMesShrink
179040607  1 0 ses2MesFail
179304342  1 1 PASS
179305059  1 0 AltDetFail
179308923  1 0 AltDetFail
179317684  1 1 PASS
179637387  1 0 AltDetFail
180258068  1 0 ses2MesFail
181015118  1 0 ses2MesFail
181059947  1 1 PASS
181087723  1 0 AltDetFail
181087723  2 0 AltDetFail
181150051  1 1 PASS
181150051  2 0 newMesShrink
181150051  3 0 AltDetFail
181159386  1 1 PASS
181226974  1 1 PASS
181226974  2 0 SecondaryOfPN_01
181862539  1 0 AltDetFail
181878236  1 0 ses2MesFail
181915193  1 0 ses2MesFail
181915646  1 1 PASS
204648696  1 0 ses2MesFail
204669366  1 0 newMesShrink
219373406  1 0 ses2MesFail
219373406  2 0 SecondaryOfPN_01
219373406  3 0 AltDetFail
219397363  1 1 PASS
219398128  1 0 ses2MesFail
219401954  1 1 PASS
219406747  1 1 PASS
219410290  1 1 PASS
219411573  1 1 PASS
219414666  1 0 ChasesFail
219698950  1 1 PASS
219699532  1 0 ses2MesFail
219699532  2 0 AltDetFail
219886821  1 1 PASS
219912046  1 0 ses2MesFail
219912046  2 0 SecondaryOfPN_01
220359766  1 0 ses2MesFail
220433363  1 0 ChasesFail
220433363  2 0 ses2MesFail
220433363  3 0 ChasesFail
220433363  4 0 ses2MesFail
220433364  1 0 ses2MesFail
220433364  2 0 ses2MesFail
220453989  1 1 PASS
220457102  1 0 ChasesFail
220473309  1 0 ses2MesFail
220473814  1 1 PASS
220474209  1 0 ses2MesFail
220474209  2 0 newMesShrink
220479565  1 1 PASS
228760807  1 0 newMesShrink
228760807  2 1 PASS
228760807  3 0 AltDetFail
228882643  1 1 PASS
228972002  1 1 PASS
229047362  1 1 PASS
229106161  1 0 ChasesFail
229184196  1 0 ses2MesFail
229602333  1 0 ChasesFail
229679814  1 1 PASS
229811538  1 1 PASS
231075361  1 1 PASS
231081369  1 1 PASS
231093356  1 0 ses2MesFail
231093356  2 0 newMesBelowThresh
231093356  3 0 newMesBelowThresh
231094355  1 0 AltDetFail
231094355  2 0 AltDetFail
238196979  1 1 PASS
238196979  2 0 SecondaryOfPN_01
248074315  1 1 PASS
248074315  2 0 newMesShrink
248075138  1 1 PASS
248111238  1 1 PASS
248111245  1 1 PASS
248223026  1 0 ses2MesFail
258314976  1 0 ses2MesFail
259648079  1 0 ses2MesFail
260043723  1 1 PASS
260128333  1 1 PASS
260131665  1 0 ses2MesFail
260131665  2 0 AltDetFail
260132330  1 1 PASS
260132330  2 0 SecondaryOfPN_01
260160482  1 0 AltDetFail
260160482  2 0 AltDetFail
260161144  1 0 ses2MesFail
260162199  1 0 AltDetFail
260162387  1 0 ses2MesFail
260271203  1 1 PASS
260304277  1 1 PASS
260304296  1 1 PASS
260304800  1 1 PASS
260352096  1 1 PASS
260352702  1 0 ses2MesFail
260502102  1 1 PASS
260502102  2 0 SecondaryOfPN_01
260536927  1 1 PASS
260542013  1 1 PASS
260609205  1 1 PASS
260647166  1 1 PASS
260654645  1 0 AltDetFail
261677352  1 0 AltDetFail
261677352  2 0 AltDetFail
262575578  1 0 ChasesFail
264767454  1 1 PASS
264767454  2 0 AltDetFail
266851670  1 0 ses2MesFail
267845661  1 0 ChasesFail
268129495  1 0 ses2MesFail
269347089  1 1 PASS
269347089  2 1 PASS
269958752  1 1 PASS
270396903  1 0 ses2MesFail
271596290  1 0 ses2MesFail
271628851  1 0 AltDetFail
271628851  2 0 AltDetFail
271628851  3 0 AltDetFail
271628851  4 0 AltDetFail
271628851  5 0 AltDetFail
271629040  1 1 PASS
271629040  2 0 ses2MesFail
271701447  1 0 AltDetFail
271701447  2 0 AltDetFail
271892405  1 1 PASS
271893367  1 1 PASS
271999940  1 0 AltDetFail
272058503  1 1 PASS
272086159  1 1 PASS
272232401  1 0 ses2MesFail
272319474  1 0 ChasesFail
272349442  1 0 ses2MesFail
272357134  1 1 PASS
272357134  2 0 SecondaryOfPN_01
272407484  1 1 PASS
272407484  2 0 AltDetFail
272431317  1 1 PASS
273317891  1 0 ses2MesFail
273317891  2 0 ses2MesFail
273817886  1 0 ses2MesFail
274694599  1 1 PASS
275083922  1 1 PASS
275360317  1 0 ChasesFail
276935987  1 0 ChasesFail
276935987  2 1 PASS
277108449  1 0 AltDetFail
277298434  1 0 AltDetFail
277298771  1 0 ses2MesFail
277298771  2 0 ses2MesFail
277300045  1 1 PASS
277634430  1 1 PASS
278024057  1 0 ChasesFail
278683641  1 0 ses2MesFail
278683641  2 0 SecondaryOfPN_01
278683844  1 1 PASS
278822321  1 0 AltDetFail
278861826  1 1 PASS
278863150  1 1 PASS
278863150  2 0 AltDetFail
278956474  1 1 PASS
278956474  2 1 PASS
278956474  3 0 SecondaryOfPN_01
278988794  1 1 PASS
278988794  2 0 SecondaryOfPN_01
279089927  1 1 PASS
279089927  2 0 SecondaryOfPN_01
279251651  1 1 PASS
279322914  1 1 PASS
279323859  1 0 AltDetFail
279425357  1 1 PASS
279569707  1 0 ses2MesFail
279569707  2 0 SecondaryOfPN_01
279569718  1 1 PASS
279569718  2 0 SecondaryOfPN_01
279572957  1 0 ses2MesFail
279572957  2 1 PASS
279614617  1 0 ses2MesFail
279614617  2 0 ses2MesFail
279615979  1 0 AltDetFail
279955276  1 0 ses2MesFail
279955276  2 0 AltDetFail
279958827  1 0 AltDetFail
280278364  1 1 PASS
280738935  1 0 AltDetFail
281650462  1 1 PASS
281979481  1 1 PASS
282051803  1 1 PASS
282051803  2 0 SecondaryOfPN_01
282052574  1 0 ses2MesFail
282092032  1 0 ChasesFail
282092032  2 0 AltDetFail
286191384  1 0 ses2MesFail
286191384  2 0 newMesBelowThresh
286191384  3 0 newMesShrink
286864983  1 1 PASS
286865921  1 1 PASS
286912556  1 0 newMesBelowThresh
287328866  1 1 PASS
287405060  1 1 PASS
287584993  1 0 ses2MesFail
287587897  1 1 PASS
287664157  1 0 newMesBelowThresh
288027491  1 0 ses2MesFail
288104002  1 0 ses2MesFail
288522643  1 1 PASS
288522643  2 0 AltDetFail
289988797  1 1 PASS
289988797  2 0 ses2MesFail
290678703  1 1 PASS
290678703  2 1 PASS
293081694  1 1 PASS
293081694  2 0 SecondaryOfPN_01
293109489  1 1 PASS
293271581  1 1 PASS
293271581  2 0 AltDetFail
293271581  3 0 AltDetFail
293273183  1 0 newMesBelowThresh
293345927  1 0 AltDetFail
293345927  2 0 AltDetFail
293345927  3 0 AltDetFail
293354074  1 1 PASS
293354074  2 1 PASS
293354074  3 0 ses2MesFail
293971867  1 1 PASS
294092960  1 1 PASS
294092960  2 0 SecondaryOfPN_01
294092960  3 0 AltDetFail
294092966  1 1 PASS
294092966  2 0 SecondaryOfPN_01
294092966  3 0 AltDetFail
294191640  1 1 PASS
294191640  2 0 SecondaryOfPN_01
294206967  1 1 PASS
294206967  2 0 SecondaryOfPN_01
294261093  1 0 ses2MesFail
294261093  2 0 AltDetFail
294273900  1 0 AltDetFail
294301883  1 1 PASS
294302465  1 0 ses2MesFail
294784522  1 0 AltDetFail
294784522  2 0 AltDetFail
295757659  1 0 ses2MesFail
295777692  1 0 newMesBelowThresh
295777692  2 0 ses2MesFail
295885511  1 0 ses2MesFail
296337175  1 1 PASS
297024667  1 1 PASS
297024698  1 1 PASS
297025847  1 1 PASS
297138641  1 0 ses2MesFail
297140643  1 0 ses2MesFail
297967252  1 1 PASS
298079609  1 1 PASS
298079609  2 0 ses2MesFail
298690606  1 1 PASS
298690606  2 0 ses2MesFail
298700310  1 0 AltDetFail
299140423  1 0 AltDetFail
299486246  1 1 PASS
299486246  2 0 ses2MesFail
299702740  1 1 PASS
299702740  2 0 SecondaryOfPN_01
299897992  1 0 AltDetFail
299897992  2 0 AltDetFail
299940359  1 1 PASS
300033585  1 0 AltDetFail
300033585  2 0 AltDetFail
300293197  1 1 PASS
300810086  1 1 PASS
300871545  1 1 PASS
300871545  2 0 SecondaryOfPN_01
300892362  1 0 AltDetFail
300892362  2 0 AltDetFail
301867133  1 0 ses2MesFail
301928180  1 1 PASS
302037442  1 0 AltDetFail
302038263  1 0 newMesShrink
302038263  2 0 SecondaryOfPN_01
302038712  1 1 PASS
302043038  1 0 ses2MesFail
302043038  2 0 ses2MesFail
302136704  1 1 PASS
302140455  1 1 PASS
302209741  1 1 PASS
302285157  1 1 PASS
302364784  1 0 AltDetFail
302959739  1 0 AltDetFail
302995864  1 0 AltDetFail
302995864  2 0 AltDetFail
303094687  1 1 PASS
303226636  1 1 PASS
303233891  1 0 AltDetFail
303300175  1 0 AltDetFail
303300175  2 0 AltDetFail
303300175  3 0 AltDetFail
303427297  1 1 PASS
303427297  2 0 SecondaryOfPN_01
303443210  1 0 ses2MesFail
303443210  2 0 ses2MesFail
303443210  3 1 PASS
303443247  1 0 ChasesFail
303443247  2 0 ses2MesFail
303811839  1 1 PASS
303811839  2 0 SecondaryOfPN_01
304042899  1 1 PASS
304566399  1 1 PASS
304566399  2 0 SecondaryOfPN_01
304775926  1 0 ses2MesFail
305108041  1 0 newMesBelowThresh
305751503  1 0 ChasesFail
306130356  1 1 PASS
306130391  1 0 ses2MesFail
306773798  1 0 ses2MesFail
306900161  1 1 PASS
306900161  2 0 SecondaryOfPN_01
306996324  1 1 PASS
306996324  2 1 PASS
307023901  1 0 ChasesFail
307027599  1 0 ses2MesFail
307033218  1 0 ses2MesFail
307210830  1 1 PASS
307210830  2 1 PASS
307210830  3 1 PASS
307291308  1 1 PASS
307291318  1 1 PASS
307400169  1 1 PASS
307433122  1 0 ses2MesFail
307440881  1 0 ChasesFail
307488184  1 1 PASS
307488184  2 0 SecondaryOfPN_01
307490686  1 1 PASS
307569167  1 0 AltDetFail
307783750  1 1 PASS
307783750  2 0 SecondaryOfPN_01
307783756  1 1 PASS
307784289  1 1 PASS
307784289  2 0 SecondaryOfPN_01
307784289  3 0 AltDetFail
307784289  4 0 AltDetFail
307990280  1 1 PASS
308184924  1 0 ses2MesFail
308184924  2 0 SecondaryOfPN_01
308186412  1 0 ses2MesFail
308448981  1 0 AltDetFail
308451526  1 1 PASS
308451526  2 0 AltDetFail
308451526  3 0 AltDetFail
308452910  1 1 PASS
308537791  1 0 AltDetFail
308537791  2 0 AltDetFail
308542258  1 0 ses2MesFail
308542808  1 0 ses2MesFail
308744455  1 0 AltDetFail
308744455  2 0 AltDetFail
308744455  3 0 AltDetFail
308851582  1 1 PASS
308851582  2 0 SecondaryOfPN_01
308852608  1 1 PASS
308852608  2 0 AltDetFail
308852618  1 1 PASS
308852618  2 0 AltDetFail
308991822  1 1 PASS
308991822  2 0 SecondaryOfPN_01
309142947  1 1 PASS
309146836  1 0 newMesShrink
309146836  2 0 SecondaryOfPN_01
309257814  1 1 PASS
309257814  2 1 PASS
309402205  1 0 ses2MesFail
309658221  1 1 PASS
309659126  1 0 AltDetFail
309791057  1 1 PASS
311259424  1 1 PASS
316792722  1 1 PASS
318263034  1 1 PASS
318269941  1 0 ChasesFail
318512022  1 1 PASS
318825030  1 0 ses2MesFail
318825030  2 0 newMesBelowThresh
318986273  1 1 PASS
318986273  2 0 SecondaryOfPN_01
319936228  1 1 PASS
320228013  1 1 PASS
320228013  2 0 SecondaryOfPN_01
320855910  1 0 ses2MesFail
321312438  1 1 PASS
321455348  1 1 PASS
323172801  1 0 ChasesFail
323172801  2 0 ses2MesFail
323172801  3 0 ses2MesFail
323967348  1 0 AltDetFail
323967348  2 0 AltDetFail
323967348  3 0 AltDetFail
324675819  1 1 PASS
333127661  1 0 ses2MesFail
333127661  2 0 ses2MesFail
333195768  1 1 PASS
333195768  2 0 AltDetFail
333298129  1 0 ses2MesFail
333298129  2 0 ses2MesFail
333298129  3 0 ChasesFail
333772196  1 1 PASS
333772196  2 0 AltDetFail
334124480  1 1 PASS
334300228  1 1 PASS
334305570  1 1 PASS
334683799  1 1 PASS
334936817  1 0 ses2MesFail
334939050  1 0 ChasesFail
334971351  1 0 ses2MesFail
335590587  1 0 ses2MesFail
335630746  1 1 PASS
339633702  1 1 PASS
339668420  1 0 ChasesFail
339672028  1 1 PASS
339770560  1 0 ChasesFail
339890862  1 1 PASS
339890862  2 0 AltDetFail
339960875  1 0 ses2MesFail
340065447  1 0 ses2MesFail
340219000  1 1 PASS
340219000  2 0 ChasesFail
340561622  1 0 ses2MesFail
341193555  1 1 PASS
341193555  2 0 SecondaryOfPN_01
341193607  1 0 ChasesFail
341489490  1 0 ses2MesFail
342169848  1 0 ChasesFail
342888849  1 0 ChasesFail
342888849  2 1 PASS
342888854  1 0 ChasesFail
342888854  2 1 PASS
345135732  1 0 ChasesFail
345135732  2 0 ses2MesFail
345135733  1 0 ses2MesFail
345135733  2 0 ChasesFail
345899523  1 1 PASS
345926304  1 0 ses2MesFail
347752831  1 1 PASS
347809861  1 1 PASS
347809861  2 0 SecondaryOfPN_01
347809861  3 0 newMesShrink
348841387  1 0 ses2MesFail
348897766  1 0 AltDetFail
348987129  1 0 ses2MesFail
348989797  1 0 ses2MesFail
348989797  2 0 ses2MesFail
349064060  1 0 ses2MesFail
349154435  1 1 PASS
349154435  2 0 SecondaryOfPN_01
349156098  1 1 PASS
349192028  1 0 ChasesFail
349192028  2 0 ChasesFail
349275562  1 0 ses2MesFail
349307891  1 0 ses2MesFail
349308842  1 1 PASS
349310205  1 1 PASS
349310205  2 0 SecondaryOfPN_01
349480507  1 0 ses2MesFail
349484636  1 0 AltDetFail
349518145  1 1 PASS
349518800  1 1 PASS
349642881  1 1 PASS
349642881  2 0 SecondaryOfPN_01
349644606  1 0 AltDetFail
349762699  1 0 ses2MesFail
349790953  1 1 PASS
349832824  1 0 ses2MesFail
349832824  2 0 newMesShrink
349911034  1 1 PASS
350025490  1 1 PASS
350030939  1 0 AltDetFail
350030939  2 0 AltDetFail
350030939  3 0 AltDetFail
350094542  1 1 PASS
350094542  2 0 AltDetFail
350297825  1 0 ses2MesFail
350298948  1 0 ChasesFail
350332233  1 0 AltDetFail
350332233  2 0 AltDetFail
350332233  3 0 AltDetFail
350345393  1 1 PASS
350431335  1 1 PASS
350443417  1 1 PASS
350443417  2 0 newMesShrink
350443417  3 0 AltDetFail
350443417  4 0 AltDetFail
350445771  1 1 PASS
350478924  1 0 ses2MesFail
350478924  2 0 AltDetFail
350479101  1 1 PASS
350479101  2 0 SecondaryOfPN_01
350480660  1 1 PASS
350518984  1 0 ses2MesFail
350618622  1 0 ses2MesFail
350622185  1 0 AltDetFail
350743714  1 1 PASS
355152640  1 0 ses2MesFail
355152971  1 0 ses2MesFail
355152971  2 0 ses2MesFail
355462802  1 0 AltDetFail
355462802  2 0 AltDetFail
355553423  1 0 AltDetFail
356460403  1 0 ses2MesFail
356524567  1 1 PASS
356524567  2 0 SecondaryOfPN_01
356838394  1 0 AltDetFail
357023705  1 0 ses2MesFail
357639411  1 0 newMesBelowThresh
358111274  1 0 ses2MesFail
358176584  1 1 PASS
358179405  1 0 AltDetFail
358466601  1 0 ses2MesFail
358806584  1 1 PASS
358816442  1 0 AltDetFail
359560031  1 1 PASS
359740883  1 0 ses2MesFail
360130454  1 0 ses2MesFail
360130454  2 0 ChasesFail
360527688  1 0 ses2MesFail
360779428  1 0 ses2MesFail
362511390  1 0 ChasesFail
363149298  1 0 AltDetFail
363258401  1 0 AltDetFail
364302118  1 1 PASS
364325969  1 0 AltDetFail
364325969  2 0 AltDetFail
364395234  1 1 PASS
364395234  2 0 ses2MesFail
364588501  1 1 PASS
370010237  1 1 PASS
370041241  1 1 PASS
370041241  2 0 SecondaryOfPN_01
370101325  1 0 AltDetFail
370101492  1 1 PASS
370101492  2 0 newMesBelowThresh
370101492  3 1 PASS
370101492  4 0 SecondaryOfPN_01
370104936  1 0 ses2MesFail
370227780  1 0 ChasesFail
370236000  1 0 AltDetFail
370377905  1 0 newMesBelowThresh
370825476  1 0 AltDetFail
370825476  2 0 AltDetFail
371108287  1 1 PASS
371867468  1 0 AltDetFail
372515598  1 0 ses2MesFail
372519345  1 0 AltDetFail
372519345  2 0 AltDetFail
372519345  3 0 AltDetFail
372519345  4 0 AltDetFail
372909935  1 1 PASS
372911002  1 1 PASS
372911993  1 1 PASS
372911993  2 0 AltDetFail
372913026  1 1 PASS
373424049  1 1 PASS
373844472  1 1 PASS
373918302  1 0 AltDetFail
374095457  1 1 PASS
374859582  1 0 AltDetFail
375054817  1 1 PASS
375054817  2 0 AltDetFail
375058105  1 1 PASS
375841179  1 1 PASS
375841179  2 1 PASS
375895280  1 1 PASS
375895280  2 0 AltDetFail
376339249  1 1 PASS
376339249  2 0 SecondaryOfPN_01
376915487  1 1 PASS
377174003  1 1 PASS
377569880  1 0 AltDetFail
377653904  1 0 AltDetFail
377877712  1 1 PASS
378126824  1 0 ses2MesFail
378885645  1 0 ses2MesFail
379546066  1 1 PASS
379546066  2 1 PASS
380117288  1 0 ses2MesFail
380117288  2 0 SecondaryOfPN_01
380117288  3 0 AltDetFail
380127556  1 0 ses2MesFail
380679651  1 0 ChasesFail
381948745  1 0 ses2MesFail
381949122  1 0 ChasesFail
381949410  1 0 ses2MesFail
381950094  1 1 PASS
381979279  1 0 ses2MesFail
381979279  2 0 ChasesFail
382028425  1 1 PASS
382028425  2 1 PASS
382067804  1 0 ses2MesFail
382068748  1 0 ses2MesFail
382069441  1 1 PASS
382069441  2 0 SecondaryOfPN_01
382188882  1 1 PASS
382246151  1 1 PASS
382266319  1 0 ses2MesFail
382266319  2 0 AltDetFail
382517745  1 1 PASS
382517745  2 0 SecondaryOfPN_01
382528174  1 1 PASS
382528174  2 0 AltDetFail
382575703  1 1 PASS
382624535  1 0 AltDetFail
382624902  1 1 PASS
382750794  1 1 PASS
383134735  1 0 ses2MesFail
384031569  1 1 PASS
384950919  1 0 ses2MesFail
385308789  1 0 ses2MesFail
385312078  1 0 ses2MesFail
385353219  1 0 ses2MesFail
386072621  1 1 PASS
386072709  1 0 ChasesFail
386166904  1 0 ses2MesFail
386166904  2 0 ses2MesFail
386411251  1 0 ChasesFail
386740921  1 1 PASS
387176295  1 0 AltDetFail
387176295  2 0 AltDetFail
389213034  1 0 ses2MesFail
389214311  1 0 ses2MesFail
389260450  1 1 PASS
389568266  1 0 newMesBelowThresh
389672830  1 1 PASS
389672830  2 0 newMesBelowThresh
389879982  1 0 AltDetFail
389879982  2 0 AltDetFail
389922504  1 0 AltDetFail
390098366  1 1 PASS
390229592  1 0 ses2MesFail
390229606  1 0 ses2MesFail
390454759  1 1 PASS
390454759  2 0 AltDetFail
390549095  1 1 PASS
390554357  1 0 ses2MesFail
390554357  2 0 ses2MesFail
390558214  1 0 ChasesFail
390668263  1 0 ses2MesFail
391154611  1 0 AltDetFail
391516487  1 0 ses2MesFail
391550834  1 1 PASS
391550834  2 0 SecondaryOfPN_01
391643922  1 0 ses2MesFail
391728166  1 1 PASS
391746578  1 1 PASS
391927558  1 0 ses2MesFail
391927558  2 0 AltDetFail
391927558  3 0 AltDetFail
391946225  1 0 ses2MesFail
391947332  1 0 AltDetFail
391947332  2 0 AltDetFail
392113518  1 1 PASS
392113518  2 0 SecondaryOfPN_01
393474846  1 1 PASS
397128124  1 1 PASS
397188848  1 1 PASS
397601742  1 1 PASS
398085117  1 1 PASS
398243122  1 0 AltDetFail
398244552  1 1 PASS
398269278  1 0 ses2MesFail
398312409  1 0 ses2MesFail
398625382  1 1 PASS
398762580  1 0 ses2MesFail
398763011  1 0 newMesShrink
398850090  1 1 PASS
398850090  2 0 SecondaryOfPN_01
398943781  1 1 PASS
398985393  1 0 ses2MesFail
399144800  1 0 ses2MesFail
399148111  1 0 newMesBelowThresh
399253092  1 1 PASS
399421408  1 1 PASS
399423563  1 0 ses2MesFail
399423563  2 0 AltDetFail
399490653  1 1 PASS
399490653  2 0 AltDetFail
399639698  1 0 ses2MesFail
399853374  1 0 ses2MesFail
400265077  1 1 PASS
400957610  1 0 AltDetFail
400957610  2 0 AltDetFail
401184949  1 0 ses2MesFail
401227592  1 1 PASS
401227592  2 0 SecondaryOfPN_01
401283888  1 0 ses2MesFail
401283890  1 0 ChasesFail
402107145  1 0 AltDetFail
402107145  2 0 AltDetFail
402447670  1 1 PASS
403757320  1 1 PASS
403757320  2 0 SecondaryOfPN_01
404012623  1 0 ses2MesFail
404012623  2 0 ses2MesFail
404421005  1 0 ses2MesFail
404768019  1 0 ses2MesFail
404933493  1 0 ChasesFail
405177882  1 1 PASS
405177882  2 0 SecondaryOfPN_01
405307776  1 0 ses2MesFail
408512382  1 1 PASS
408512382  2 0 SecondaryOfPN_01
408530978  1 1 PASS
408551177  1 0 ses2MesFail
408554642  1 1 PASS
410448693  1 1 PASS
410487677  1 0 AltDetFail
410487677  2 0 AltDetFail
410996127  1 0 ses2MesFail
413376180  1 1 PASS
415783540  1 0 AltDetFail
415783554  1 0 ses2MesFail
415808109  1 0 ses2MesFail
415810108  1 0 ses2MesFail
415810108  2 0 ChasesFail
415869939  1 1 PASS
415873588  1 0 ses2MesFail
415873588  2 0 newMesBelowThresh
421191260  1 1 PASS
421191260  2 0 SecondaryOfPN_01
422380545  1 1 PASS
422407646  1 0 AltDetFail
422407646  2 0 AltDetFail
422446672  1 0 newMesBelowThresh
423530365  1 1 PASS
423530755  1 1 PASS
428657074  1 0 ses2MesFail
428657380  1 1 PASS
428673146  1 1 PASS
428698700  1 0 ses2MesFail
429236863  1 1 PASS
429354344  1 0 ses2MesFail
429354344  2 0 ses2MesFail
429354344  3 0 AltDetFail
429358906  1 1 PASS
429358914  1 0 AltDetFail
429358914  2 0 AltDetFail
432290907  1 0 ses2MesFail
432829812  1 0 ses2MesFail
433440595  1 0 AltDetFail
433448211  1 1 PASS
433448211  2 0 ses2MesFail
436804673  1 1 PASS
437297176  1 0 ses2MesFail
437320683  1 0 ChasesFail
437322147  1 0 ses2MesFail
437322147  2 0 SecondaryOfPN_01
437324684  1 0 newMesBelowThresh
438942374  1 1 PASS
439139241  1 1 PASS
439519959  1 0 ses2MesFail
439519959  2 0 ses2MesFail
440537642  1 1 PASS
440538436  1 1 PASS
440932562  1 1 PASS
442456453  1 1 PASS
442456453  2 0 SecondaryOfPN_01
442456453  3 0 AltDetFail
443494351  1 1 PASS
443494351  2 0 AltDetFail
443494454  1 1 PASS
443494454  2 0 SecondaryOfPN_01
443494454  3 0 AltDetFail
443494454  4 0 AltDetFail
443667698  1 0 ses2MesFail
444093070  1 0 ses2MesFail
444842193  1 1 PASS
446604629  1 1 PASS
446764692  1 0 ses2MesFail
446764692  2 1 PASS
446832107  1 1 PASS
446832107  2 0 SecondaryOfPN_01
447061717  1 0 ses2MesFail
447275571  1 0 ses2MesFail
448695415  1 1 PASS
449351034  1 1 PASS
450203043  1 0 ses2MesFail
450276745  1 0 AltDetFail
450637853  1 1 PASS
451038139  1 1 PASS
451645081  1 1 PASS
451960523  1 0 ses2MesFail
452154400  1 0 ses2MesFail
452172479  1 0 AltDetFail
452406965  1 0 AltDetFail
452406965  2 0 AltDetFail
452448437  1 0 ses2MesFail
452448437  2 0 ChasesFail
452481745  1 0 AltDetFail
452500843  1 0 ses2MesFail
452575636  1 0 ses2MesFail
452575636  2 0 SecondaryOfPN_01
452591471  1 0 ses2MesFail
452591471  2 0 ChasesFail
452591868  1 0 ses2MesFail
452631161  1 0 AltDetFail
452631161  2 0 AltDetFail
452631268  1 0 ses2MesFail
452632430  1 0 ChasesFail
452734608  1 1 PASS
452746839  1 0 AltDetFail
452746839  2 0 AltDetFail
453096666  1 1 PASS
453097744  1 0 AltDetFail
453101438  1 0 newMesBelowThresh
453216810  1 1 PASS
453216810  2 0 AltDetFail
453319778  1 1 PASS
453469791  1 1 PASS
453469791  2 0 AltDetFail
453684455  1 0 ChasesFail
453895689  1 0 ses2MesFail
453895689  2 0 ChasesFail
454013359  1 1 PASS
454013359  2 0 SecondaryOfPN_01
454017690  1 1 PASS
454041982  1 1 PASS
454069777  1 1 PASS
454105199  1 0 ses2MesFail
457427613  1 0 AltDetFail
458038392  1 1 PASS
458147213  1 0 AltDetFail
458161740  1 1 PASS
458199516  1 1 PASS
458199516  2 0 SecondaryOfPN_01
458231448  1 0 ChasesFail
458231448  2 1 PASS
458442958  1 0 newMesBelowThresh
458474559  1 1 PASS
458808688  1 1 PASS
458859193  1 1 PASS
458859364  1 0 AltDetFail
458991248  1 0 ses2MesFail
459293335  1 1 PASS
459512025  1 0 AltDetFail
459809633  1 0 AltDetFail
460071288  1 0 AltDetFail
460172511  1 1 PASS
460172517  1 1 PASS
460205581  1 1 PASS
460340926  1 0 ses2MesFail
460371874  1 0 ses2MesFail
460416229  1 1 PASS
460694605  1 1 PASS
460796730  1 0 ses2MesFail
460984940  1 1 PASS
461201151  1 0 ses2MesFail
462067884  1 1 PASS
462267926  1 0 ChasesFail
463202584  1 1 PASS
463507016  1 1 PASS
464402195  1 1 PASS
464498986  1 0 ses2MesFail
464566714  1 0 AltDetFail
464566714  2 0 AltDetFail
464670890  1 1 PASS
464670890  2 1 PASS
464882300  1 0 ses2MesFail
464886060  1 1 PASS
464901555  1 1 PASS
464936311  1 1 PASS
465075473  1 0 ses2MesFail
465348709  1 0 ses2MesFail
465731771  1 0 ChasesFail
465905231  1 1 PASS
465905231  2 0 newMesBelowThresh
466073202  1 0 ChasesFail
466248428  1 1 PASS
466323338  1 0 ses2MesFail
466494866  1 0 AltDetFail
466537749  1 1 PASS
466799461  1 0 newMesBelowThresh
466911307  1 0 ses2MesFail
467017483  1 1 PASS
467062613  1 1 PASS
467167691  1 0 ses2MesFail
467368706  1 0 ChasesFail
467368706  2 0 ses2MesFail
467445890  1 1 PASS
467773418  1 0 ChasesFail
468162834  1 1 PASS
468997317  1 0 ses2MesFail
469166137  1 1 PASS
471013582  1 0 ses2MesFail
471013596  1 0 ses2MesFail
471015994  1 0 ses2MesFail
