 68015032  1 0 ses2MesFail
 10666479  1 1 PASS
 10666479  2 0 AltDetFail
 68032870  1 0 ses2MesFail
 68032870  2 0 SecondaryOfPN_01
 24658137  1 0 ses2MesFail
 24658137  2 0 ses2MesFail
 24658137  3 0 ses2MesFail
 68015843  1 0 AltDetFail
 68015843  2 0 AltDetFail
 24792492  1 1 PASS
 68076619  1 1 PASS
 68076619  2 0 ChasesFail
 68076619  3 0 AltDetFail
 27312189  1 1 PASS
 27312189  2 0 SecondaryOfPN_01
 84069091  1 1 PASS
 84069091  2 0 SecondaryOfPN_01
 84069091  3 1 PASS
 27350220  1 1 PASS
 84070123  1 0 ses2MesFail
 84070123  2 0 SecondaryOfPN_01
 84070123  3 0 SecondaryOfPN_01
 84070123  4 0 ses2MesFail
 27414576  1 0 ses2MesFail
 27414576  2 0 ses2MesFail
115771549  1 1 PASS
 27415380  1 0 AltDetFail
115779465  1 1 PASS
 27434899  1 0 AltDetFail
116483514  1 1 PASS
 27843942  1 1 PASS
 27843942  2 0 AltDetFail
116483734  1 1 PASS
 44147832  1 1 PASS
119700084  1 1 PASS
 51269322  1 0 ses2MesFail
 51269322  2 0 ses2MesFail
 51269322  3 0 ChasesFail
120239458  1 0 ses2MesFail
120239458  2 0 ChasesFail
 63315565  1 0 AltDetFail
127339511  1 0 ses2MesFail
127339511  2 0 ses2MesFail
127339511  3 0 ses2MesFail
 63700569  1 1 PASS
125442121  1 1 PASS
125442121  2 0 AltDetFail
125442121  3 0 AltDetFail
 63916460  1 1 PASS
 63916460  2 0 ses2MesFail
127365016  1 0 ses2MesFail
 63972440  1 0 ses2MesFail
128721058  1 1 PASS
 64366964  1 0 ses2MesFail
 64366964  2 0 ses2MesFail
 64366964  3 0 ses2MesFail
128927088  1 1 PASS
128927088  2 0 SecondaryOfPN_01
 64904640  1 1 PASS
 64904640  2 0 SecondaryOfPN_01
128927089  1 1 PASS
128927089  2 0 SecondaryOfPN_01
 64951042  1 1 PASS
129409890  1 0 ses2MesFail
129409890  2 0 ses2MesFail
 66080183  1 0 ses2MesFail
 66080183  2 0 ses2MesFail
129455317  1 0 AltDetFail
 66355834  1 1 PASS
 66355834  2 0 SesStatFail
 66355834  3 0 newMesBelowThresh
 66355834  4 0 newMesShrink
 66355834  5 0 newMesBelowThresh
129563318  1 1 PASS
129563318  2 0 AltDetFail
 66786762  1 1 PASS
136999714  1 1 PASS
 67149557  1 0 ChasesFail
120598737  1 1 PASS
120602501  1 1 PASS
137025855  1 0 ses2MesFail
137516558  1 1 PASS
138136997  1 1 PASS
138136997  2 0 SecondaryOfPN_01
138465692  1 0 ses2MesFail
138745625  1 0 ses2MesFail
141816993  1 0 ChasesFail
148781497  1 1 PASS
148781497  2 0 SecondaryOfPN_01
148782377  1 1 PASS
153883717  1 1 PASS
153883717  2 0 AltDetFail
153987857  1 1 PASS
154062158  1 0 ses2MesFail
154062158  2 0 ses2MesFail
154067797  1 0 AltDetFail
154096314  1 0 AltDetFail
154101678  1 0 ses2MesFail
154101678  2 0 ses2MesFail
154101678  3 0 ChasesFail
154108146  1 1 PASS
154108146  2 0 AltDetFail
154381790  1 1 PASS
157264209  1 0 ChasesFail
157273321  1 1 PASS
157880551  1 1 PASS
158025009  1 1 PASS
158532193  1 0 ses2MesFail
158579379  1 1 PASS
158579379  2 0 SecondaryOfPN_01
159628659  1 0 AltDetFail
159636127  1 1 PASS
159854126  1 0 ses2MesFail
159854358  1 0 AltDetFail
159854359  1 0 AltDetFail
159940256  1 0 ses2MesFail
160425283  1 0 AltDetFail
160472514  1 1 PASS
160472514  2 0 ses2MesFail
160472514  3 0 SecondaryOfPN_01
160491374  1 0 ChasesFail
160585813  1 1 PASS
160618494  1 1 PASS
160618494  2 0 SecondaryOfPN_01
161668117  1 0 ses2MesFail
161687311  1 0 AltDetFail
161687311  2 0 AltDetFail
161687311  3 0 AltDetFail
161744580  1 0 ses2MesFail
161744580  2 0 ses2MesFail
162035117  1 1 PASS
162035117  2 0 SecondaryOfPN_01
162173122  1 1 PASS
162173122  2 0 AltDetFail
162461327  1 0 ses2MesFail
164146861  1 1 PASS
164150690  1 0 ses2MesFail
164150690  2 0 ses2MesFail
164170728  1 0 ChasesFail
164170728  2 0 ses2MesFail
164170728  3 0 ChasesFail
164170728  4 0 ChasesFail
164173105  1 1 PASS
165310952  1 0 AltDetFail
165371937  1 1 PASS
165453878  1 1 PASS
165470014  1 1 PASS
165470014  2 0 ses2MesFail
165626871  1 1 PASS
165626871  2 0 SecondaryOfPN_01
165720650  1 0 ses2MesFail
165720650  2 0 ses2MesFail
166013336  1 0 ses2MesFail
166074503  1 0 AltDetFail
166087190  1 0 ses2MesFail
166090445  1 1 PASS
166178948  1 1 PASS
166688490  1 1 PASS
168700034  1 0 AltDetFail
168700034  2 0 AltDetFail
168709463  1 0 ses2MesFail
168748169  1 0 ChasesFail
168809669  1 0 ses2MesFail
168809669  2 0 ses2MesFail
173300884  1 0 ChasesFail
173340408  1 1 PASS
173340408  2 0 AltDetFail
173419202  1 0 ses2MesFail
173419202  2 0 SecondaryOfPN_01
173424364  1 1 PASS
173521768  1 0 ses2MesFail
173521768  2 0 ses2MesFail
173710176  1 1 PASS
173710176  2 0 ses2MesFail
173710176  3 0 SecondaryOfPN_02
173710176  4 0 SecondaryOfPN_02
173795590  1 0 ses2MesFail
173795590  2 0 AltDetFail
173797509  1 1 PASS
173797509  2 0 newMesShrink
174042805  1 0 ses2MesFail
174157888  1 0 ses2MesFail
174157888  2 0 ses2MesFail
174157888  3 0 ses2MesFail
174266604  1 0 ses2MesFail
174266604  2 0 ses2MesFail
174302697  1 0 ses2MesFail
176551075  1 1 PASS
176752680  1 1 PASS
176752680  2 0 SecondaryOfPN_01
176796310  1 0 ses2MesFail
176854066  1 0 ses2MesFail
176854066  2 0 SecondaryOfPN_01
190693377  1 0 AltDetFail
190693377  2 0 AltDetFail
190734021  1 0 newMesShrink
190734021  2 0 ses2MesFail
190885165  1 1 PASS
193948188  1 1 PASS
193948188  2 0 SecondaryOfPN_01
193971913  1 1 PASS
193971913  2 0 SecondaryOfPN_01
197357784  1 0 ChasesFail
197755658  1 0 ses2MesFail
197755658  2 0 ses2MesFail
197757000  1 0 newMesShrink
197774545  1 1 PASS
198152578  1 0 AltDetFail
198181552  1 1 PASS
198187008  1 0 ses2MesFail
198213332  1 1 PASS
198238736  1 0 ses2MesFail
198242676  1 0 ses2MesFail
198242676  2 0 ses2MesFail
198242676  3 0 ses2MesFail
198242676  4 0 ses2MesFail
198280388  1 0 ChasesFail
198313291  1 0 ses2MesFail
198354443  1 1 PASS
198354443  2 0 AltDetFail
198358825  1 0 ses2MesFail
198388252  1 0 newMesBelowThresh
198390247  1 1 PASS
198408416  1 0 ses2MesFail
198408416  2 0 ses2MesFail
198410462  1 0 AltDetFail
198410480  1 1 PASS
198410480  2 0 SecondaryOfPN_01
198410480  3 0 SecondaryOfPN_01
198410480  4 0 AltDetFail
198416591  1 0 ses2MesFail
198457457  1 1 PASS
198457457  2 0 ses2MesFail
198555959  1 0 ses2MesFail
198555959  2 0 SecondaryOfPN_01
198986911  1 0 ses2MesFail
199010369  1 1 PASS
199010369  2 0 SecondaryOfPN_01
199443880  1 1 PASS
199444169  1 1 PASS
199574208  1 1 PASS
199574208  2 0 AltDetFail
199574208  3 0 AltDetFail
199574208  4 0 AltDetFail
199574211  1 1 PASS
199574211  2 0 newMesShrink
199574211  3 0 newMesBelowThresh
199574211  4 0 AltDetFail
199574211  5 0 AltDetFail
199612934  1 1 PASS
199612934  2 0 AltDetFail
199621704  1 1 PASS
199629306  1 0 ses2MesFail
199662929  1 1 PASS
199662929  2 0 SecondaryOfPN_01
199682037  1 0 AltDetFail
199682037  2 0 AltDetFail
199688409  1 0 newMesShrink
199688409  2 0 AltDetFail
199688472  1 1 PASS
199709055  1 1 PASS
199716496  1 0 AltDetFail
199716496  2 0 AltDetFail
199978301  1 1 PASS
200373531  1 1 PASS
202442974  1 1 PASS
202442974  2 0 ses2MesFail
202442982  1 1 PASS
202444594  1 1 PASS
202490797  1 1 PASS
207398432  1 1 PASS
207398432  2 0 ses2MesFail
207436278  1 0 ses2MesFail
207493152  1 1 PASS
207496306  1 0 AltDetFail
207496306  2 0 AltDetFail
207496824  1 1 PASS
219033506  1 1 PASS
219033752  1 0 AltDetFail
219040063  1 0 ses2MesFail
219092860  1 1 PASS
219096494  1 1 PASS
219107776  1 0 AltDetFail
219107776  2 0 AltDetFail
219109908  1 0 AltDetFail
219738202  1 0 AltDetFail
219738202  2 0 AltDetFail
219750638  1 0 ses2MesFail
219765652  1 1 PASS
219765652  2 0 SecondaryOfPN_01
219771660  1 1 PASS
219790151  1 0 ChasesFail
219823570  1 0 AltDetFail
219857791  1 0 ses2MesFail
219859691  1 0 ses2MesFail
219859691  2 0 AltDetFail
219900027  1 0 ses2MesFail
219900027  2 0 AltDetFail
224600500  1 1 PASS
229400643  1 1 PASS
229400643  2 0 AltDetFail
229476285  1 1 PASS
229487005  1 1 PASS
229487733  1 1 PASS
229495981  1 1 PASS
229585356  1 0 AltDetFail
229585356  2 0 AltDetFail
229585365  1 1 PASS
229585542  1 1 PASS
229588059  1 1 PASS
229687624  1 0 ses2MesFail
229687624  2 0 ses2MesFail
229706827  1 0 ses2MesFail
229751802  1 0 AltDetFail
229771234  1 0 AltDetFail
229771234  2 0 AltDetFail
229776076  1 0 ses2MesFail
229776076  2 0 ChasesFail
229781583  1 1 PASS
229782543  1 0 ChasesFail
229791903  1 1 PASS
229791903  2 0 SecondaryOfPN_01
229796245  1 0 ses2MesFail
229910746  1 0 ses2MesFail
229913521  1 0 ses2MesFail
229913521  2 0 ChasesFail
229914020  1 1 PASS
229914020  2 0 SecondaryOfPN_01
229914020  3 0 AltDetFail
229938290  1 1 PASS
229975095  1 1 PASS
230017324  1 1 PASS
230063769  1 1 PASS
230063769  2 0 SecondaryOfPN_01
230065962  1 1 PASS
230065962  2 0 ses2MesFail
230073281  1 0 ses2MesFail
230073281  2 0 ses2MesFail
230081904  1 1 PASS
230131630  1 0 ses2MesFail
230136846  1 1 PASS
230200897  1 0 ses2MesFail
230384382  1 0 ChasesFail
230386284  1 1 PASS
230386284  2 0 SecondaryOfPN_01
232572560  1 0 AltDetFail
232612416  1 1 PASS
232629077  1 1 PASS
232629077  2 0 SecondaryOfPN_01
232633119  1 0 ses2MesFail
232634196  1 1 PASS
232634196  2 0 ChasesFail
232634196  3 0 ses2MesFail
232634196  4 0 AltDetFail
232634196  5 0 AltDetFail
232643392  1 1 PASS
232643392  2 0 SecondaryOfPN_01
232649837  1 0 AltDetFail
232649837  2 0 AltDetFail
232649837  3 0 AltDetFail
232985036  1 1 PASS
233080133  1 1 PASS
233087860  1 1 PASS
233120979  1 1 PASS
233131533  1 0 ChasesFail
233131533  2 0 ses2MesFail
233195058  1 1 PASS
233195058  2 0 SecondaryOfPN_01
233207585  1 0 AltDetFail
233208885  1 0 AltDetFail
233208885  2 0 AltDetFail
233208885  3 0 AltDetFail
233211759  1 0 ses2MesFail
233211762  1 1 PASS
233211762  2 0 ses2MesFail
233233639  1 0 AltDetFail
233233639  2 0 AltDetFail
233282561  1 0 AltDetFail
233310793  1 0 AltDetFail
233390838  1 1 PASS
233390838  2 0 ses2MesFail
233398254  1 1 PASS
233398254  2 0 AltDetFail
233460141  1 1 PASS
233532554  1 0 ses2MesFail
233532554  2 0 ses2MesFail
233532554  3 0 ses2MesFail
233532554  4 0 SecondaryOfPN_02
233532554  5 0 newMesBelowThresh
233539736  1 0 ses2MesFail
233541860  1 0 AltDetFail
233546272  1 1 PASS
233546272  2 0 SecondaryOfPN_01
233569141  1 1 PASS
233569141  2 0 SecondaryOfPN_01
233574062  1 0 AltDetFail
233574062  2 0 AltDetFail
233644917  1 0 ChasesFail
233644917  2 0 ses2MesFail
233681149  1 1 PASS
233684822  1 1 PASS
233720276  1 1 PASS
233735068  1 1 PASS
233738458  1 1 PASS
233751709  1 1 PASS
233751709  2 0 SecondaryOfPN_01
233829984  1 0 ses2MesFail
233829984  2 0 SecondaryOfPN_01
233863754  1 0 AltDetFail
233863754  2 0 AltDetFail
233904049  1 0 ses2MesFail
233904049  2 0 AltDetFail
233905810  1 1 PASS
233905810  2 0 AltDetFail
235568605  1 1 PASS
235568605  2 0 ses2MesFail
235685913  1 0 ses2MesFail
236647148  1 0 ses2MesFail
236714379  1 1 PASS
236776750  1 1 PASS
236776750  2 0 AltDetFail
236876439  1 0 AltDetFail
236876439  2 0 AltDetFail
236981780  1 1 PASS
236982983  1 0 AltDetFail
237200747  1 1 PASS
237222539  1 0 AltDetFail
237222864  1 1 PASS
237277760  1 1 PASS
237277760  2 0 newMesBelowThresh
237277760  3 0 newMesBelowThresh
237278994  1 0 ses2MesFail
237278994  2 0 ses2MesFail
239400488  1 0 newMesBelowThresh
239400488  2 0 ChasesFail
239400488  3 0 ses2MesFail
239637752  1 0 ses2MesFail
240518884  1 0 AltDetFail
243248327  1 1 PASS
243248327  2 0 SecondaryOfPN_01
243319567  1 0 ses2MesFail
243319567  2 0 newMesShrink
243352373  1 0 ses2MesFail
243352809  1 0 AltDetFail
249695222  1 0 ses2MesFail
249744864  1 1 PASS
252668569  1 0 AltDetFail
252668569  2 0 AltDetFail
252788517  1 1 PASS
255806138  1 0 ses2MesFail
255993777  1 1 PASS
255993777  2 0 AltDetFail
256298934  1 0 AltDetFail
256298934  2 0 AltDetFail
256327585  1 1 PASS
256368884  1 1 PASS
256368884  2 0 SecondaryOfPN_01
256512446  1 1 PASS
256512446  2 0 SecondaryOfPN_01
256575818  1 1 PASS
256575818  2 0 AltDetFail
256581363  1 1 PASS
256662147  1 0 newMesBelowThresh
256783784  1 1 PASS
257023157  1 0 ses2MesFail
257060367  1 0 AltDetFail
258351350  1 0 ses2MesFail
258351350  2 0 AltDetFail
258509996  1 1 PASS
258771803  1 0 ses2MesFail
258777137  1 1 PASS
258799793  1 0 AltDetFail
258799793  2 0 ses2MesFail
258799793  3 0 AltDetFail
259006185  1 1 PASS
259006185  2 0 SecondaryOfPN_01
259126645  1 1 PASS
259126645  2 0 AltDetFail
259671983  1 1 PASS
259967623  1 1 PASS
260172556  1 1 PASS
261135533  1 0 AltDetFail
261135533  2 0 ChasesFail
264301570  1 1 PASS
264301570  2 0 SecondaryOfPN_01
265395440  1 1 PASS
265395440  2 1 PASS
266920154  1 0 ses2MesFail
266920154  2 1 PASS
267147831  1 1 PASS
267543197  1 0 ses2MesFail
267561446  1 1 PASS
267808239  1 0 ses2MesFail
267877714  1 1 PASS
269696438  1 1 PASS
269697024  1 1 PASS
269698422  1 1 PASS
269701147  1 1 PASS
269701147  2 1 PASS
270491910  1 0 AltDetFail
270492519  1 0 ses2MesFail
272615711  1 0 ses2MesFail
272650576  1 0 ses2MesFail
272650576  2 0 ses2MesFail
272679464  1 1 PASS
272781956  1 0 ses2MesFail
272781956  2 0 newMesShrink
272785770  1 1 PASS
273066197  1 1 PASS
273173532  1 0 ses2MesFail
273560795  1 1 PASS
273566363  1 1 PASS
274163436  1 0 ses2MesFail
274575202  1 0 ses2MesFail
274575202  2 0 SecondaryOfPN_01
274808964  1 0 ses2MesFail
275051466  1 1 PASS
275119073  1 1 PASS
275119073  2 0 AltDetFail
275633324  1 1 PASS
276105596  1 0 ses2MesFail
276119305  1 0 AltDetFail
276618985  1 1 PASS
276914715  1 0 ses2MesFail
277507814  1 1 PASS
277565268  1 0 ses2MesFail
277565268  2 0 SecondaryOfPN_01
277565268  3 0 SecondaryOfPN_01
278068108  1 0 ses2MesFail
278075650  1 0 ses2MesFail
278075650  2 0 ChasesFail
278075650  3 0 SecondaryOfPN_01
278678404  1 0 ses2MesFail
278678404  2 0 newMesBelowThresh
278678404  3 0 newMesBelowThresh
278950133  1 1 PASS
278950133  2 0 AltDetFail
279980938  1 1 PASS
279980938  2 0 AltDetFail
280031832  1 1 PASS
280033918  1 0 AltDetFail
280033934  1 0 AltDetFail
282925798  1 0 ses2MesFail
283819120  1 1 PASS
283819120  2 0 AltDetFail
283819432  1 0 AltDetFail
283819432  2 0 AltDetFail
284364590  1 0 ses2MesFail
284461108  1 1 PASS
284461108  2 0 AltDetFail
284595199  1 0 newMesShrink
284595199  2 0 ses2MesFail
286167976  1 0 ses2MesFail
286169068  1 0 AltDetFail
286169292  1 0 AltDetFail
286900208  1 1 PASS
286900208  2 0 SecondaryOfPN_01
286923464  1 1 PASS
287151976  1 1 PASS
287196418  1 1 PASS
287263680  1 0 ses2MesFail
288391801  1 0 ses2MesFail
288421355  1 0 ses2MesFail
288434140  1 1 PASS
288434781  1 1 PASS
288434781  2 0 SecondaryOfPN_01
288434781  3 0 SecondaryOfPN_01
288471108  1 1 PASS
288471108  2 0 SecondaryOfPN_01
289435043  1 0 ses2MesFail
289890301  1 0 ChasesFail
290003896  1 1 PASS
290003896  2 0 SecondaryOfPN_01
293954617  1 1 PASS
293954660  1 0 ses2MesFail
294469594  1 1 PASS
294469624  1 0 AltDetFail
294601335  1 1 PASS
294676622  1 0 ses2MesFail
294690620  1 1 PASS
294690620  2 0 AltDetFail
295121410  1 0 ses2MesFail
296012680  1 1 PASS
296321403  1 0 ChasesFail
296321403  2 0 ses2MesFail
298092998  1 1 PASS
298163426  1 0 ses2MesFail
298246821  1 0 AltDetFail
298665328  1 1 PASS
298666530  1 1 PASS
298734307  1 0 AltDetFail
298734307  2 0 AltDetFail
303351921  1 0 ChasesFail
304628774  1 0 AltDetFail
304628774  2 0 AltDetFail
305167549  1 0 AltDetFail
305386053  1 0 ses2MesFail
305386053  2 0 SecondaryOfPN_01
305399324  1 1 PASS
305399325  1 1 PASS
305466446  1 1 PASS
305633328  1 0 AltDetFail
307986891  1 0 ChasesFail
309720946  1 0 ses2MesFail
310004006  1 0 AltDetFail
310169616  1 0 AltDetFail
310169616  2 0 AltDetFail
311035838  1 1 PASS
311188656  1 1 PASS
312286761  1 1 PASS
312286761  2 0 ses2MesFail
312286761  3 0 AltDetFail
313323661  1 0 ses2MesFail
314340550  1 1 PASS
314459000  1 0 ses2MesFail
314459000  2 0 AltDetFail
315060984  1 1 PASS
315060984  2 0 SecondaryOfPN_01
315322693  1 0 ses2MesFail
315576282  1 1 PASS
315977014  1 0 ChasesFail
316182273  1 1 PASS
316450573  1 1 PASS
316450573  2 0 SecondaryOfPN_01
316660881  1 0 AltDetFail
316729474  1 1 PASS
320211179  1 0 ses2MesFail
320323992  1 0 AltDetFail
320323992  2 0 AltDetFail
321444384  1 0 ChasesFail
321549406  1 0 ses2MesFail
321857016  1 1 PASS
322129367  1 1 PASS
322378533  1 1 PASS
322390461  1 1 PASS
322390461  2 0 SecondaryOfPN_01
322845246  1 1 PASS
322845246  2 0 ses2MesFail
323301918  1 1 PASS
323301918  2 0 SecondaryOfPN_01
324596129  1 1 PASS
325901255  1 0 ses2MesFail
326109505  1 1 PASS
326374705  1 0 newMesShrink
326374705  2 0 SecondaryOfPN_01
326475100  1 0 ChasesFail
328866871  1 1 PASS
329246824  1 0 newMesShrink
329246824  2 0 AltDetFail
329248002  1 0 ses2MesFail
329273647  1 0 ses2MesFail
329277372  1 1 PASS
329770815  1 0 ses2MesFail
329864959  1 0 ses2MesFail
330234754  1 0 ses2MesFail
330389267  1 1 PASS
330829235  1 0 AltDetFail
331221558  1 1 PASS
331221558  2 0 AltDetFail
331353877  1 0 ses2MesFail
331532483  1 0 ses2MesFail
331532483  2 0 ChasesFail
331541506  1 1 PASS
332277332  1 1 PASS
332277332  2 0 SecondaryOfPN_01
333277764  1 1 PASS
333473672  1 1 PASS
333784916  1 0 newMesBelowThresh
334483748  1 0 ses2MesFail
334637014  1 0 ses2MesFail
335265326  1 0 ses2MesFail
335265326  2 0 ses2MesFail
335484090  1 0 ChasesFail
335484090  2 0 ses2MesFail
335484090  3 0 SecondaryOfPN_01
335995445  1 1 PASS
336434532  1 1 PASS
336434532  2 0 AltDetFail
336434532  3 0 AltDetFail
336741253  1 1 PASS
336823975  1 1 PASS
337465539  1 1 PASS
337465539  2 0 ChasesFail
337544122  1 1 PASS
337886863  1 1 PASS
337886863  2 0 SecondaryOfPN_01
338071673  1 0 AltDetFail
339003559  1 0 AltDetFail
341327281  1 1 PASS
341327281  2 0 SecondaryOfPN_01
341679932  1 0 ses2MesFail
341679932  2 0 newMesShrink
341679932  3 0 newMesShrink
342334344  1 0 ses2MesFail
342334344  2 0 AltDetFail
343127696  1 0 ses2MesFail
343127696  2 0 SecondaryOfPN_01
343127696  3 0 SecondaryOfPN_01
343412488  1 0 ses2MesFail
343412488  2 1 PASS
343549114  1 0 ses2MesFail
343553606  1 0 ses2MesFail
343553606  2 0 AltDetFail
343553606  3 0 AltDetFail
343667351  1 0 AltDetFail
343667351  2 0 newMesBelowThresh
343667351  3 0 AltDetFail
344456744  1 0 ses2MesFail
344456744  2 0 ses2MesFail
344456744  3 0 SecondaryOfPN_02
344456744  4 1 PASS
345710962  1 1 PASS
346338553  1 1 PASS
346418409  1 1 PASS
350131674  1 0 AltDetFail
350132371  1 1 PASS
350736467  1 0 ses2MesFail
352165018  1 0 ses2MesFail
352165018  2 0 newMesBelowThresh
352239069  1 1 PASS
352371514  1 1 PASS
352762746  1 0 ses2MesFail
352915304  1 1 PASS
352920358  1 0 ses2MesFail
352951628  1 0 newMesShrink
352964170  1 0 ses2MesFail
352964170  2 0 AltDetFail
352979549  1 0 ses2MesFail
352979549  2 0 AltDetFail
353780788  1 0 AltDetFail
353854078  1 1 PASS
353854078  2 0 SecondaryOfPN_01
353854078  3 0 SecondaryOfPN_01
353863850  1 0 ses2MesFail
353863850  2 0 SecondaryOfPN_01
353863850  3 0 SecondaryOfPN_01
353863850  4 0 SecondaryOfPN_01
353894978  1 0 ses2MesFail
353939279  1 1 PASS
353939279  2 0 SecondaryOfPN_01
353939279  3 0 SecondaryOfPN_01
353939279  4 0 SecondaryOfPN_01
353989471  1 1 PASS
354080845  1 0 ses2MesFail
356015357  1 1 PASS
356015357  2 0 ses2MesFail
356632361  1 1 PASS
356701798  1 0 ses2MesFail
356701798  2 0 AltDetFail
356701798  3 0 AltDetFail
356820646  1 0 ses2MesFail
356820646  2 0 AltDetFail
356896550  1 0 AltDetFail
356896561  1 0 ses2MesFail
356896561  2 0 ses2MesFail
356974629  1 1 PASS
356974629  2 0 SecondaryOfPN_01
356974639  1 1 PASS
356974639  2 0 SecondaryOfPN_01
357050556  1 0 AltDetFail
357050556  2 0 AltDetFail
357178622  1 0 AltDetFail
357372327  1 0 ses2MesFail
357372327  2 0 AltDetFail
357457104  1 1 PASS
357875887  1 1 PASS
357875887  2 0 AltDetFail
357979050  1 0 ses2MesFail
358325879  1 1 PASS
358430193  1 0 ChasesFail
359313701  1 0 ses2MesFail
359497418  1 1 PASS
359497418  2 0 SecondaryOfPN_01
359631482  1 0 AltDetFail
359631482  2 0 AltDetFail
359631482  3 0 AltDetFail
359631482  4 0 AltDetFail
359675849  1 1 PASS
359675849  2 0 SecondaryOfPN_01
359676320  1 0 AltDetFail
359676320  2 0 AltDetFail
359677968  1 0 ses2MesFail
359677968  2 0 SecondaryOfPN_01
359678111  1 0 AltDetFail
362104293  1 0 ses2MesFail
362259855  1 1 PASS
364075921  1 1 PASS
364120439  1 1 PASS
364120439  2 0 ses2MesFail
364186197  1 1 PASS
364628248  1 1 PASS
364816538  1 1 PASS
364934586  1 0 AltDetFail
364965655  1 0 AltDetFail
365034219  1 0 AltDetFail
365034219  2 0 AltDetFail
365103851  1 0 AltDetFail
365103851  2 0 AltDetFail
365613123  1 1 PASS
365613123  2 0 AltDetFail
365733349  1 1 PASS
365787759  1 0 AltDetFail
367681735  1 0 AltDetFail
367681735  2 0 AltDetFail
369530699  1 0 ses2MesFail
370450750  1 0 AltDetFail
370450750  2 0 AltDetFail
370450750  3 0 AltDetFail
370900886  1 1 PASS
371303697  1 0 ses2MesFail
371480725  1 0 AltDetFail
371480725  2 0 ChasesFail
371953862  1 0 ses2MesFail
372084264  1 1 PASS
372207328  1 0 AltDetFail
372366518  1 0 AltDetFail
372366518  2 0 AltDetFail
373445744  1 1 PASS
373445744  2 0 ses2MesFail
373932701  1 1 PASS
374138156  1 0 ses2MesFail
374138156  2 1 PASS
374265995  1 0 AltDetFail
375422201  1 0 newMesShrink
375422201  2 0 newMesShrink
375422201  3 0 ses2MesFail
375422201  4 0 SecondaryOfPN_02
375506058  1 1 PASS
376023519  1 0 ses2MesFail
377165060  1 1 PASS
377190161  1 0 ses2MesFail
377190161  2 0 AltDetFail
377192658  1 0 ses2MesFail
377192659  1 1 PASS
377192675  1 0 newMesShrink
377192675  2 0 AltDetFail
377251803  1 0 ses2MesFail
377251803  2 0 AltDetFail
377253090  1 0 AltDetFail
377253090  2 0 AltDetFail
377257650  1 1 PASS
377296926  1 0 AltDetFail
377296926  2 0 AltDetFail
377307592  1 0 ses2MesFail
377307592  2 0 SecondaryOfPN_01
377307592  3 0 SecondaryOfPN_01
377307592  4 0 AltDetFail
377731192  1 1 PASS
377731192  2 0 AltDetFail
383676981  1 1 PASS
387834907  1 1 PASS
387834907  2 0 SecondaryOfPN_01
387901176  1 1 PASS
387901176  2 0 SecondaryOfPN_01
388076435  1 1 PASS
388081074  1 0 ses2MesFail
388196465  1 1 PASS
388196465  2 0 SecondaryOfPN_01
388196465  3 0 SecondaryOfPN_01
388705796  1 0 AltDetFail
389916225  1 1 PASS
389916225  2 0 AltDetFail
390021728  1 0 ses2MesFail
390021728  2 0 AltDetFail
392536805  1 1 PASS
392536812  1 0 AltDetFail
392536812  2 0 AltDetFail
392536812  3 0 AltDetFail
394131772  1 1 PASS
394881270  1 0 ses2MesFail
394881270  2 0 ses2MesFail
394881270  3 1 PASS
394881270  4 1 PASS
394881270  5 1 PASS
395218466  1 0 AltDetFail
395218466  2 0 AltDetFail
395459736  1 1 PASS
395550927  1 0 AltDetFail
395550927  2 0 AltDetFail
395550927  3 0 AltDetFail
395550927  4 0 AltDetFail
399788405  1 0 ses2MesFail
399788405  2 0 AltDetFail
399864405  1 1 PASS
402893991  1 1 PASS
404103665  1 1 PASS
404103665  2 0 SecondaryOfPN_01
404113676  1 1 PASS
405504882  1 0 ses2MesFail
405504882  2 0 AltDetFail
405526704  1 1 PASS
405764176  1 0 AltDetFail
406526590  1 1 PASS
406927453  1 0 ses2MesFail
407851974  1 1 PASS
407851974  2 0 SecondaryOfPN_01
408093341  1 1 PASS
409163906  1 0 ChasesFail
409455615  1 0 ses2MesFail
410522328  1 1 PASS
410522328  2 0 ses2MesFail
411311989  1 1 PASS
412638697  1 0 newMesShrink
412638697  2 0 ses2MesFail
412880893  1 0 ses2MesFail
413746112  1 0 AltDetFail
414019028  1 0 ses2MesFail
414019028  2 0 newMesBelowThresh
414579577  1 1 PASS
415469752  1 0 ses2MesFail
416195870  1 1 PASS
417277789  1 1 PASS
417436387  1 0 AltDetFail
417497545  1 0 ses2MesFail
417497545  2 0 SecondaryOfPN_01
417516682  1 0 AltDetFail
417948359  1 1 PASS
418203178  1 0 ChasesFail
418959198  1 1 PASS
419666455  1 1 PASS
419666455  2 0 AltDetFail
419924650  1 1 PASS
420110967  1 1 PASS
420113351  1 0 ChasesFail
420114772  1 1 PASS
420114772  2 0 SecondaryOfPN_01
420116474  1 0 ses2MesFail
420116962  1 0 AltDetFail
420126478  1 1 PASS
420137030  1 0 ses2MesFail
420137341  1 0 ses2MesFail
420231335  1 0 newMesShrink
421334320  1 0 ses2MesFail
421334320  2 0 ses2MesFail
421442360  1 0 ses2MesFail
421714420  1 1 PASS
421714420  2 0 ses2MesFail
421718004  1 0 ses2MesFail
421718004  2 0 SecondaryOfPN_01
422516769  1 0 AltDetFail
422516769  2 0 AltDetFail
424439457  1 1 PASS
424439457  2 0 SecondaryOfPN_01
424461577  1 0 ses2MesFail
424461577  2 0 AltDetFail
424721218  1 0 ses2MesFail
427063387  1 1 PASS
427063387  2 0 SecondaryOfPN_01
427147238  1 0 ses2MesFail
427240420  1 1 PASS
427941553  1 0 ChasesFail
427941560  1 1 PASS
427941560  2 0 ses2MesFail
428003183  1 0 ses2MesFail
428102518  1 1 PASS
428186617  1 0 AltDetFail
428315885  1 0 ses2MesFail
430000969  1 1 PASS
430530755  1 0 AltDetFail
430677414  1 0 AltDetFail
430808126  1 0 newMesShrink
430808347  1 0 AltDetFail
430846854  1 0 AltDetFail
430847282  1 0 AltDetFail
430847463  1 0 ses2MesFail
431107890  1 0 ses2MesFail
431107890  2 0 ses2MesFail
431107890  3 0 ses2MesFail
431107890  4 1 PASS
431124333  1 1 PASS
431124333  2 0 SecondaryOfPN_01
431124765  1 0 ses2MesFail
431159508  1 1 PASS
431276063  1 0 ses2MesFail
431338625  1 0 AltDetFail
431374523  1 0 ses2MesFail
431374523  2 0 SecondaryOfPN_01
441641972  1 1 PASS
441641972  2 0 SecondaryOfPN_01
441687696  1 0 AltDetFail
441687696  2 0 AltDetFail
441690583  1 0 ses2MesFail
441694629  1 1 PASS
441694629  2 0 SecondaryOfPN_01
441717812  1 0 newMesBelowThresh
441732151  1 1 PASS
441734144  1 0 AltDetFail
441734144  2 0 AltDetFail
441734910  1 0 ses2MesFail
441739153  1 1 PASS
441739153  2 0 SecondaryOfPN_01
441792937  1 0 ses2MesFail
441802347  1 0 ses2MesFail
441804674  1 1 PASS
441804674  2 0 SecondaryOfPN_01
441804674  3 0 AltDetFail
441804888  1 1 PASS
441807438  1 0 ses2MesFail
441808796  1 1 PASS
444059177  1 0 ChasesFail
446175401  1 1 PASS
446176120  1 0 newMesBelowThresh
455626201  1 0 AltDetFail
455790537  1 0 ses2MesFail
455790537  2 1 PASS
455793877  1 0 ses2MesFail
455824124  1 1 PASS
455824124  2 0 SecondaryOfPN_01
458452691  1 1 PASS
458452691  2 0 AltDetFail
458461293  1 1 PASS
458478250  1 1 PASS
458481461  1 1 PASS
459252372  1 1 PASS
459252372  2 0 SecondaryOfPN_01
459978466  1 1 PASS
459978466  2 0 AltDetFail
462573387  1 0 ChasesFail
467181063  1 0 ses2MesFail
467463928  1 0 ChasesFail
467463928  2 0 ChasesFail
468792279  1 0 ses2MesFail
468792279  2 0 ses2MesFail
468812400  1 1 PASS
469460566  1 0 AltDetFail
469828834  1 1 PASS
469857617  1 0 ses2MesFail
469857617  2 0 SecondaryOfPN_01
469857617  3 0 SecondaryOfPN_01
469952937  1 0 ses2MesFail
1102093577  1 0 AltDetFail
1102093577  2 0 AltDetFail
1400770435  1 1 PASS
1551660228  1 1 PASS
1884067686  1 0 ses2MesFail
1981434196  1 0 ses2MesFail
1981434198  1 0 ses2MesFail
2003333263  1 0 AltDetFail
2003333263  2 0 AltDetFail
2046417955  1 0 AltDetFail
