270507305  1 1 PASS
167551757  1 0 ses2MesFail
149060456  1 1 PASS
260298958  1 1 PASS
101695210  1 1 PASS
260003467  1 1 PASS
293525651  1 1 PASS
293525651  2 0 SecondaryOfPN_01
212250731  1 1 PASS
164163109  1 0 ses2MesFail
183120439  1 1 PASS
424747720  1 0 ses2MesFail
407584737  1 1 PASS
407584737  2 0 SecondaryOfPN_01
150429807  1 1 PASS
280097543  1 1 PASS
394698182  1 1 PASS
271891552  1 1 PASS
341495927  1 1 PASS
271577579  1 1 PASS
 90953428  1 1 PASS
219306934  1 1 PASS
291194976  1 1 PASS
 38820496  1 1 PASS
176874062  1 1 PASS
176874062  2 0 SecondaryOfPN_01
 38842861  1 1 PASS
141807839  1 0 ChasesFail
141807839  2 0 ses2MesFail
327667965  1 0 newMesShrink
300141210  1 1 PASS
164514315  1 0 ses2MesFail
 34685590  1 0 ses2MesFail
167602025  1 0 ses2MesFail
166463208  1 0 ses2MesFail
270472265  1 1 PASS
271366453  1 0 AltDetFail
219290316  1 0 ChasesFail
219317273  1 1 PASS
219317273  2 0 SecondaryOfPN_01
219317273  3 0 ses2MesFail
140659978  1 1 PASS
140659978  2 1 PASS
219975536  1 0 AltDetFail
219975536  2 0 AltDetFail
468148930  1 1 PASS
261259291  1 0 ses2MesFail
169385570  1 0 ses2MesFail
229804573  1 0 AltDetFail
229804573  2 0 ses2MesFail
229804573  3 0 ses2MesFail
229804573  4 0 SecondaryOfPN_03
229804573  5 0 AltDetFail
164599385  1 1 PASS
261369656  1 1 PASS
238173456  1 0 ses2MesFail
113854279  1 0 ses2MesFail
419736605  1 0 ses2MesFail
419736605  2 0 AltDetFail
350298319  1 0 ses2MesFail
389049086  1 1 PASS
389049086  2 0 SecondaryOfPN_01
 29778064  1 0 ses2MesFail
 29778064  2 0 AltDetFail
150357290  1 1 PASS
232062375  1 0 ChasesFail
260162387  1 0 ses2MesFail
260162387  2 0 ses2MesFail
231663901  1 1 PASS
218911792  1 0 ses2MesFail
398272462  1 0 ses2MesFail
263078716  1 1 PASS
406347247  1 0 ses2MesFail
143257766  1 1 PASS
317087106  1 0 AltDetFail
317087106  2 0 SecondaryOfPN_01
320261550  1 0 ses2MesFail
426017070  1 0 AltDetFail
410308233  1 1 PASS
302067015  1 0 ses2MesFail
290777240  1 0 ChasesFail
272357134  1 1 PASS
272357134  2 0 SecondaryOfPN_01
350520348  1 0 ses2MesFail
231629787  1 0 AltDetFail
231629787  2 0 AltDetFail
349156098  1 1 PASS
325469795  1 0 ses2MesFail
325469795  2 0 newMesBelowThresh
 97177351  1 0 ChasesFail
325412896  1 0 newMesShrink
325412896  2 0 AltDetFail
 91169659  1 1 PASS
735128403  1 0 AltDetFail
735128403  2 0 AltDetFail
278199349  1 1 PASS
238197638  1 0 ses2MesFail
464658144  1 1 PASS
150442264  1 0 ses2MesFail
150442264  2 0 SecondaryOfPN_01
431481290  1 1 PASS
271795511  1 1 PASS
364395234  1 1 PASS
260131665  1 0 ses2MesFail
211225423  1 1 PASS
211225423  2 0 newMesShrink
339451801  1 1 PASS
261236136  1 1 PASS
277069829  1 0 ses2MesFail
277069829  2 0 ses2MesFail
277069829  3 0 SecondaryOfPN_01
403135192  1 1 PASS
299893237  1 1 PASS
304201950  1 0 ses2MesFail
150358433  1 1 PASS
212347311  1 0 ses2MesFail
141608198  1 1 PASS
176956893  1 1 PASS
389048624  1 1 PASS
269942883  1 1 PASS
406277015  1 0 ses2MesFail
 79171411  1 0 AltDetFail
279615956  1 1 PASS
373843857  1 0 AltDetFail
453095489  1 1 PASS
453095489  2 0 AltDetFail
269795198  1 0 ses2MesFail
409854777  1 1 PASS
409854777  2 0 SecondaryOfPN_01
 31743416  1 1 PASS
409934687  1 1 PASS
409934687  2 0 SecondaryOfPN_01
388240837  1 0 ses2MesFail
 55746262  1 1 PASS
273305007  1 0 ses2MesFail
273305007  2 0 ses2MesFail
177118939  1 0 AltDetFail
177118939  2 0 AltDetFail
 55383975  1 0 ses2MesFail
265529454  1 1 PASS
274145115  1 1 PASS
126910093  1 0 newMesShrink
126910093  2 1 PASS
126910093  3 0 SecondaryOfPN_01
341192914  1 1 PASS
341192914  2 0 SecondaryOfPN_01
 92352621  1 1 PASS
142109430  1 0 AltDetFail
382069435  1 1 PASS
382069435  2 0 SecondaryOfPN_01
341186896  1 1 PASS
382528174  1 0 AltDetFail
 41591173  1 0 ses2MesFail
126700850  1 0 ses2MesFail
 97673330  1 0 ses2MesFail
351397173  1 0 AltDetFail
351397173  2 0 AltDetFail
281581467  1 0 newMesShrink
167344029  1 0 ses2MesFail
167344029  2 0 ses2MesFail
234284556  1 1 PASS
234284556  2 1 PASS
327785134  1 0 ses2MesFail
 30531417  1 0 AltDetFail
 30531417  2 0 AltDetFail
231670397  1 1 PASS
 48788702  1 0 ses2MesFail
 48788702  2 0 ses2MesFail
140830390  1 1 PASS
  1641642  1 1 PASS
  1641642  2 0 AltDetFail
262020326  1 1 PASS
262020326  2 0 SecondaryOfPN_01
220473309  1 0 ChasesFail
220473309  2 0 ses2MesFail
300840529  1 1 PASS
261401023  1 1 PASS
 31961007  1 1 PASS
 31961007  2 0 SecondaryOfPN_01
394017574  1 0 ses2MesFail
 31869740  1 1 PASS
352480602  1 1 PASS
409934330  1 1 PASS
101359202  1 1 PASS
101359202  2 0 SecondaryOfPN_01
220475245  1 1 PASS
301710123  1 0 ses2MesFail
176873028  1 0 ses2MesFail
382145619  1 0 ChasesFail
372124871  1 0 ses2MesFail
372124871  2 0 ses2MesFail
468217890  1 0 ses2MesFail
142105158  1 1 PASS
370239669  1 0 AltDetFail
 92352620  1 1 PASS
299891213  1 0 AltDetFail
299891213  2 0 AltDetFail
260797169  1 1 PASS
179308939  1 0 AltDetFail
404927661  1 1 PASS
167810285  1 0 ses2MesFail
317130019  1 0 ses2MesFail
260269456  1 1 PASS
419610509  1 0 ses2MesFail
277683130  1 1 PASS
300560295  1 0 ses2MesFail
351234096  1 1 PASS
351234096  2 0 SecondaryOfPN_01
167251459  1 1 PASS
167251459  2 0 newMesShrink
179369863  1 1 PASS
290968087  1 0 AltDetFail
114886941  1 1 PASS
339209865  1 1 PASS
112827315  1 0 ses2MesFail
112827315  2 1 PASS
259845346  1 0 ses2MesFail
259845346  2 0 ses2MesFail
350443417  1 0 ses2MesFail
350443417  2 0 newMesShrink
350443417  3 0 AltDetFail
309791156  1 1 PASS
278137593  1 0 AltDetFail
349152140  1 0 ChasesFail
327712163  1 1 PASS
394346745  1 1 PASS
126763885  1 1 PASS
126763885  2 0 SecondaryOfPN_01
183799307  1 1 PASS
100566492  1 1 PASS
367024313  1 0 ChasesFail
367024313  2 0 newMesBelowThresh
323434471  1 0 ses2MesFail
287355511  1 0 ses2MesFail
287355511  2 0 ses2MesFail
 25078924  1 1 PASS
 25078924  2 0 SecondaryOfPN_01
278825952  1 0 ses2MesFail
265288328  1 1 PASS
 30914235  1 1 PASS
 30914235  2 0 SecondaryOfPN_01
231666244  1 0 AltDetFail
231666244  2 1 PASS
231666244  3 0 AltDetFail
323442776  1 0 ses2MesFail
323442776  2 0 SecondaryOfPN_01
323442776  3 0 SecondaryOfPN_01
254147986  1 1 PASS
314864866  1 0 ses2MesFail
352479276  1 0 ses2MesFail
370133522  1 1 PASS
322949743  1 1 PASS
101358663  1 0 ses2MesFail
260756218  1 1 PASS
441395198  1 0 ChasesFail
232087348  1 0 ses2MesFail
232087348  2 0 SecondaryOfPN_01
232087348  3 0 AltDetFail
404378743  1 0 ses2MesFail
404378743  2 0 SecondaryOfPN_01
 55604447  1 0 ses2MesFail
260504147  1 0 ses2MesFail
238872494  1 1 PASS
351559719  1 0 AltDetFail
290817776  1 0 ses2MesFail
218878052  1 1 PASS
212348883  1 1 PASS
350431335  1 1 PASS
350431335  2 0 AltDetFail
 38586438  1 1 PASS
 30985222  1 0 ses2MesFail
306773020  1 1 PASS
376985426  1 0 AltDetFail
376985426  2 0 AltDetFail
2026518709  1 0 AltDetFail
129529317  1 1 PASS
394699148  1 0 AltDetFail
 31798074  1 0 AltDetFail
 31798074  2 0 AltDetFail
314825931  1 0 ses2MesFail
370282727  1 0 ChasesFail
197979666  1 1 PASS
300012172  1 0 ses2MesFail
300012172  2 0 ses2MesFail
468177090  1 0 newMesShrink
468177090  2 0 SecondaryOfPN_01
290348383  1 1 PASS
100796064  1 0 ses2MesFail
100796064  2 0 ses2MesFail
231799463  1 0 ses2MesFail
 79403459  1 1 PASS
 79403459  2 0 AltDetFail
272188493  1 1 PASS
277649549  1 1 PASS
277649549  2 0 SecondaryOfPN_01
461736222  1 1 PASS
402104788  1 1 PASS
 50345701  1 0 ses2MesFail
276793501  1 0 AltDetFail
382188882  1 1 PASS
220432563  1 0 ses2MesFail
425826230  1 0 ChasesFail
369837660  1 0 ses2MesFail
166420397  1 0 ses2MesFail
273695332  1 1 PASS
425561347  1 1 PASS
327712165  1 1 PASS
 30816076  1 1 PASS
 30816076  2 0 SecondaryOfPN_01
320263492  1 0 AltDetFail
394275759  1 0 ses2MesFail
 91190203  1 0 ses2MesFail
270260727  1 1 PASS
325610193  1 1 PASS
271806353  1 1 PASS
389525208  1 1 PASS
317018543  1 1 PASS
140900726  1 1 PASS
 30267198  1 1 PASS
308451526  1 1 PASS
308451526  2 0 AltDetFail
352478596  1 0 AltDetFail
167754658  1 1 PASS
316787874  1 1 PASS
149990841  1 1 PASS
276789915  1 0 ses2MesFail
350480660  1 1 PASS
269529082  1 0 ses2MesFail
265336403  1 0 ses2MesFail
149346498  1 0 ses2MesFail
424913810  1 1 PASS
404875128  1 0 ChasesFail
394461693  1 0 AltDetFail
303911896  1 0 ses2MesFail
303911896  2 0 ChasesFail
1991504365  1 0 ses2MesFail
358154354  1 0 AltDetFail
358154354  2 0 AltDetFail
382266319  1 0 ses2MesFail
382266319  2 0 AltDetFail
364302118  1 0 newMesShrink
142052608  1 0 ses2MesFail
261089147  1 0 ses2MesFail
261089147  2 0 ses2MesFail
396170777  1 0 ses2MesFail
280723416  1 1 PASS
280723416  2 0 SecondaryOfPN_01
280723416  3 0 AltDetFail
260161144  1 0 ses2MesFail
260161144  2 0 newMesShrink
260161144  3 0 newMesShrink
314864553  1 0 newMesShrink
149473467  1 0 ses2MesFail
441427485  1 1 PASS
441427485  2 0 AltDetFail
369960846  1 1 PASS
149573659  1 1 PASS
149573659  2 0 SecondaryOfPN_01
261646556  1 0 AltDetFail
238176110  1 1 PASS
209008404  1 0 ses2MesFail
141914082  1 0 ses2MesFail
141914082  2 0 ses2MesFail
1925699381  1 0 ses2MesFail
113581635  1 0 ses2MesFail
351603103  1 1 PASS
 92320552  1 1 PASS
267263253  1 1 PASS
 96773772  1 0 ses2MesFail
372172128  1 1 PASS
231074850  1 1 PASS
231074850  2 0 SecondaryOfPN_01
176874136  1 1 PASS
 48788704  1 0 ChasesFail
464592499  1 1 PASS
401703196  1 0 ses2MesFail
320171928  1 0 ses2MesFail
238226533  1 1 PASS
234330672  1 1 PASS
141811446  1 1 PASS
141811446  2 0 SecondaryOfPN_01
369864738  1 1 PASS
306510653  1 1 PASS
267043786  1 0 AltDetFail
267043786  2 0 AltDetFail
177309964  1 1 PASS
 91035708  1 1 PASS
410487677  1 0 AltDetFail
410487677  2 0 AltDetFail
 39080923  1 1 PASS
466695912  1 1 PASS
358463513  1 1 PASS
382218911  1 1 PASS
143356388  1 0 ses2MesFail
238171173  1 1 PASS
277752280  1 1 PASS
392693384  1 1 PASS
392693384  2 0 ChasesFail
370202728  1 1 PASS
370202728  2 0 AltDetFail
355096431  1 1 PASS
373843852  1 1 PASS
 31553893  1 1 PASS
 38827910  1 0 ses2MesFail
 55652896  1 0 ses2MesFail
369984032  1 1 PASS
369984032  2 0 SecondaryOfPN_01
419608598  1 1 PASS
444049705  1 1 PASS
364398410  1 0 ses2MesFail
364398410  2 0 AltDetFail
394517162  1 0 ses2MesFail
394517162  2 0 SecondaryOfPN_01
394517162  3 0 AltDetFail
394517162  4 0 AltDetFail
394517162  5 0 AltDetFail
394136141  1 1 PASS
150098860  1 1 PASS
 30113151  1 0 AltDetFail
1927567004  1 0 ses2MesFail
405077613  1 0 ses2MesFail
278778068  1 1 PASS
351601843  1 1 PASS
348897766  1 0 ses2MesFail
348897766  2 0 AltDetFail
238870367  1 1 PASS
238870367  2 0 newMesBelowThresh
 30718115  1 0 ses2MesFail
349647488  1 0 ses2MesFail
349647488  2 0 ChasesFail
349647488  3 0 AltDetFail
306577678  1 0 ChasesFail
374861595  1 1 PASS
339397896  1 0 ses2MesFail
339397896  2 1 PASS
269940990  1 0 ses2MesFail
 61849366  1 0 ses2MesFail
 61849366  2 1 PASS
340780670  1 1 PASS
 92349924  1 1 PASS
 92349924  2 0 SecondaryOfPN_01
1924699655  1 0 ses2MesFail
141871560  1 1 PASS
141871560  2 0 AltDetFail
100796276  1 1 PASS
231665460  1 1 PASS
 79403675  1 0 ses2MesFail
 79403675  2 0 ChasesFail
278138619  1 1 PASS
 32068898  1 0 ses2MesFail
294092966  1 1 PASS
294092966  2 0 SecondaryOfPN_01
294092966  3 0 AltDetFail
128790976  1 1 PASS
 31740375  1 0 ses2MesFail
 38843381  1 1 PASS
167896870  1 0 ses2MesFail
350479496  1 1 PASS
350479496  2 0 SecondaryOfPN_01
340359630  1 1 PASS
 39018923  1 1 PASS
 30034081  1 0 ses2MesFail
 30034081  2 0 newMesBelowThresh
 30034081  3 0 newMesShrink
319670068  1 0 ses2MesFail
 79748331  1 1 PASS
 79748331  2 1 PASS
382575967  1 0 newMesBelowThresh
390903892  1 0 ses2MesFail
410186401  1 0 ses2MesFail
350025488  1 1 PASS
114141028  1 0 AltDetFail
220473495  1 0 ses2MesFail
 30981628  1 0 ses2MesFail
325934609  1 0 ses2MesFail
364398097  1 1 PASS
 91309685  1 0 ses2MesFail
409141567  1 1 PASS
100362823  1 1 PASS
164679353  1 0 AltDetFail
269762258  1 1 PASS
401604346  1 1 PASS
382101519  1 0 AltDetFail
382101519  2 0 AltDetFail
 91257101  1 0 ses2MesFail
471015240  1 0 AltDetFail
 55387764  1 0 ses2MesFail
1992091728  1 0 ses2MesFail
302965929  1 0 ses2MesFail
369215499  1 1 PASS
369215499  2 0 AltDetFail
261376909  1 0 AltDetFail
261376909  2 0 AltDetFail
421439297  1 1 PASS
318125367  1 0 AltDetFail
 55369219  1 0 ses2MesFail
292826577  1 0 AltDetFail
292826577  2 0 AltDetFail
292826577  3 0 AltDetFail
382028425  1 1 PASS
382028425  2 0 SecondaryOfPN_01
260820871  1 1 PASS
304102832  1 1 PASS
327668243  1 1 PASS
 32041567  1 1 PASS
351336681  1 1 PASS
351336681  2 0 SecondaryOfPN_01
 62124646  1 0 ses2MesFail
149176080  1 0 AltDetFail
149176080  2 0 AltDetFail
322950055  1 0 ses2MesFail
322950055  2 0 ses2MesFail
735229757  1 0 AltDetFail
735229757  2 0 AltDetFail
466048684  1 0 ses2MesFail
274033437  1 1 PASS
 31850842  1 1 PASS
 31850842  2 0 SecondaryOfPN_01
 31850842  3 0 newMesBelowThresh
272232401  1 0 ses2MesFail
272232401  2 0 ses2MesFail
276934414  1 0 AltDetFail
263003176  1 1 PASS
389421473  1 1 PASS
350274840  1 1 PASS
469979014  1 0 AltDetFail
260419124  1 0 AltDetFail
272550631  1 0 ses2MesFail
101177153  1 1 PASS
1927518035  1 0 ses2MesFail
260130483  1 0 ses2MesFail
 61698163  1 1 PASS
265566844  1 0 newMesBelowThresh
 38634085  1 0 ses2MesFail
 38634085  2 0 ses2MesFail
320173862  1 1 PASS
320173862  2 0 SecondaryOfPN_01
 48938221  1 0 ses2MesFail
372909935  1 1 PASS
159693368  1 1 PASS
100603766  1 1 PASS
100603766  2 0 ses2MesFail
299901158  1 1 PASS
270368906  1 0 ses2MesFail
 38680052  1 1 PASS
149349809  1 1 PASS
 39046291  1 1 PASS
419744996  1 0 ses2MesFail
419744996  2 0 ses2MesFail
 38846515  1 1 PASS
346704136  1 0 ChasesFail
260160482  1 0 AltDetFail
355544723  1 1 PASS
355544723  2 0 SecondaryOfPN_01
369456296  1 0 ses2MesFail
220369051  1 0 ses2MesFail
 33864387  1 0 ses2MesFail
1926743615  1 0 ChasesFail
179317684  1 1 PASS
141865875  1 0 AltDetFail
141865875  2 0 AltDetFail
126565862  1 1 PASS
126565862  2 0 ChasesFail
 31655792  1 0 AltDetFail
366989877  1 1 PASS
295071643  1 1 PASS
272086159  1 0 ses2MesFail
306635088  1 0 ses2MesFail
469849622  1 1 PASS
142105308  1 0 ses2MesFail
260239481  1 0 ses2MesFail
260239481  2 0 SecondaryOfPN_01
179582003  1 0 ses2MesFail
167602738  1 1 PASS
167602738  2 0 AltDetFail
404122633  1 1 PASS
261262184  1 0 AltDetFail
261262184  2 0 AltDetFail
141122198  1 0 ses2MesFail
279425357  1 1 PASS
364538560  1 1 PASS
364538560  2 0 SecondaryOfPN_01
 33864821  1 1 PASS
 33864821  2 0 SecondaryOfPN_01
 33864821  3 0 AltDetFail
382577618  1 1 PASS
100381832  1 0 AltDetFail
100381832  2 0 AltDetFail
230955191  1 0 ses2MesFail
254097049  1 0 ses2MesFail
167303776  1 0 ses2MesFail
167303776  2 0 ses2MesFail
167303776  3 1 PASS
177175199  1 1 PASS
 34720876  1 0 ses2MesFail
260304800  1 1 PASS
441224398  1 0 ses2MesFail
441224398  2 0 newMesShrink
229807051  1 0 ses2MesFail
139825840  1 0 ses2MesFail
278296621  1 1 PASS
278296621  2 0 SecondaryOfPN_01
 30509346  1 1 PASS
375088647  1 1 PASS
229809557  1 1 PASS
425866725  1 1 PASS
425866725  2 0 SecondaryOfPN_01
179637387  1 0 AltDetFail
382624902  1 0 ses2MesFail
269941899  1 1 PASS
234290005  1 0 ses2MesFail
 51991595  1 0 AltDetFail
320913313  1 1 PASS
350025490  1 1 PASS
388104525  1 1 PASS
293345927  1 0 AltDetFail
293345927  2 0 AltDetFail
293345927  3 0 AltDetFail
348995212  1 1 PASS
166969346  1 1 PASS
152226055  1 1 PASS
212253390  1 1 PASS
381979901  1 1 PASS
381979901  2 0 SecondaryOfPN_01
 55650494  1 1 PASS
317089588  1 1 PASS
273861698  1 1 PASS
273861698  2 0 SecondaryOfPN_01
410442849  1 1 PASS
410442849  2 0 SecondaryOfPN_01
410442849  3 0 AltDetFail
 31399867  1 0 ses2MesFail
410214986  1 1 PASS
410214986  2 0 ses2MesFail
410214986  3 0 ses2MesFail
261136000  1 0 newMesShrink
327305518  1 0 ses2MesFail
271404999  1 0 ses2MesFail
271404999  2 0 SecondaryOfPN_01
271404999  3 0 AltDetFail
369455629  1 1 PASS
 33714875  1 0 ses2MesFail
147133612  1 0 ChasesFail
425569341  1 1 PASS
300552539  1 0 ses2MesFail
389309847  1 0 AltDetFail
167812449  1 1 PASS
167812449  2 0 SecondaryOfPN_01
471012589  1 0 ChasesFail
360824561  1 1 PASS
360824561  2 0 SecondaryOfPN_01
388198242  1 1 PASS
 79492099  1 0 ses2MesFail
404054947  1 1 PASS
398273994  1 0 ses2MesFail
280910766  1 0 ChasesFail
278683641  1 0 ses2MesFail
278683641  2 0 SecondaryOfPN_01
139721086  1 0 ses2MesFail
468216076  1 0 ses2MesFail
468216076  2 0 ses2MesFail
115244268  1 1 PASS
115244268  2 0 SecondaryOfPN_01
231809798  1 1 PASS
261257684  1 1 PASS
166606391  1 1 PASS
 97914505  1 0 ses2MesFail
 97914505  2 1 PASS
 97914505  3 0 ses2MesFail
 97914505  4 1 PASS
319865847  1 0 ses2MesFail
319865847  2 0 AltDetFail
299779868  1 0 ses2MesFail
299779868  2 0 newMesBelowThresh
469981019  1 0 AltDetFail
469981019  2 0 AltDetFail
150166721  1 0 ses2MesFail
150166721  2 0 ses2MesFail
339397374  1 0 ses2MesFail
212289072  1 0 ses2MesFail
382258517  1 0 ChasesFail
101233724  1 1 PASS
115115136  1 1 PASS
115115136  2 0 SecondaryOfPN_01
 91010808  1 0 ses2MesFail
277173427  1 0 AltDetFail
149308175  1 0 AltDetFail
370243555  1 0 AltDetFail
764425749  1 1 PASS
764425749  2 0 ChasesFail
764425749  3 0 AltDetFail
355547586  1 0 AltDetFail
167344043  1 0 ses2MesFail
167344043  2 0 ses2MesFail
278509633  1 0 ses2MesFail
272236017  1 1 PASS
129081118  1 0 ses2MesFail
410153553  1 1 PASS
269996328  1 1 PASS
350141505  1 0 ChasesFail
140802498  1 0 ses2MesFail
140802498  2 0 SecondaryOfPN_01
382260153  1 1 PASS
350332997  1 1 PASS
270342589  1 1 PASS
290482313  1 1 PASS
358463026  1 1 PASS
 32150999  1 1 PASS
 32150999  2 0 SecondaryOfPN_01
294271676  1 0 ses2MesFail
265334670  1 0 ses2MesFail
265334670  2 0 ses2MesFail
265334670  3 0 AltDetFail
265334670  4 0 AltDetFail
257642093  1 1 PASS
376631833  1 0 AltDetFail
101313393  1 0 ses2MesFail
113345658  1 0 ses2MesFail
278825715  1 0 ses2MesFail
166659516  1 1 PASS
 31858844  1 1 PASS
 31858844  2 0 SecondaryOfPN_01
141268467  1 1 PASS
141268467  2 0 newMesShrink
141268467  3 0 ses2MesFail
158297421  1 1 PASS
323434013  1 0 ses2MesFail
467973137  1 0 ses2MesFail
467973137  2 0 AltDetFail
394126943  1 0 ses2MesFail
394126943  2 0 SecondaryOfPN_01
164544018  1 0 ses2MesFail
164544018  2 0 SecondaryOfPN_01
273571987  1 1 PASS
389521974  1 0 ses2MesFail
 92350408  1 1 PASS
404156391  1 0 ses2MesFail
404156391  2 0 newMesShrink
404156391  3 0 AltDetFail
404156391  4 0 AltDetFail
404156391  5 0 AltDetFail
404156391  6 0 AltDetFail
238813187  1 0 ses2MesFail
 38699825  1 0 AltDetFail
 38699825  2 0 AltDetFail
304033253  1 1 PASS
304033253  2 0 SecondaryOfPN_01
169443390  1 1 PASS
 97456906  1 1 PASS
263075864  1 1 PASS
278729421  1 1 PASS
300013489  1 1 PASS
280867169  1 1 PASS
280867169  2 0 SecondaryOfPN_01
209169794  1 0 AltDetFail
441420236  1 1 PASS
441420236  2 0 ChasesFail
 50346583  1 1 PASS
425064757  1 0 AltDetFail
425064757  2 0 AltDetFail
355600246  1 1 PASS
254113311  1 1 PASS
254113311  2 1 PASS
 61965938  1 0 AltDetFail
381950094  1 0 ses2MesFail
348842168  1 0 ses2MesFail
300153507  1 1 PASS
300153507  2 0 SecondaryOfPN_01
238227405  1 0 ses2MesFail
150105372  1 1 PASS
300871376  1 0 AltDetFail
300871376  2 0 AltDetFail
300871376  3 0 AltDetFail
115152243  1 1 PASS
364588501  1 0 ses2MesFail
422044138  1 1 PASS
 79956773  1 1 PASS
341359699  1 0 ses2MesFail
238870487  1 0 AltDetFail
279958827  1 1 PASS
260128333  1 1 PASS
260128333  2 0 SecondaryOfPN_01
231632224  1 0 AltDetFail
231632224  2 0 AltDetFail
 79328890  1 1 PASS
 79328890  2 0 SecondaryOfPN_01
 79328890  3 0 AltDetFail
141975926  1 0 ses2MesFail
230953115  1 0 ses2MesFail
230953115  2 0 AltDetFail
230953115  3 0 AltDetFail
348995211  1 1 PASS
149102762  1 0 AltDetFail
424796997  1 1 PASS
424796997  2 0 ses2MesFail
293507177  1 0 ses2MesFail
446549905  1 1 PASS
166654885  1 0 ChasesFail
141708335  1 1 PASS
 29984014  1 1 PASS
421477804  1 0 ses2MesFail
302987876  1 1 PASS
350954265  1 1 PASS
294206429  1 1 PASS
294206429  2 0 ses2MesFail
294206429  3 0 AltDetFail
294206429  4 0 AltDetFail
177283493  1 1 PASS
 91037997  1 0 ses2MesFail
 91037997  2 0 ses2MesFail
348770361  1 1 PASS
1992091727  1 0 ses2MesFail
271893367  1 1 PASS
219322317  1 1 PASS
300038246  1 1 PASS
279251651  1 1 PASS
139771134  1 1 PASS
388205603  1 1 PASS
469850267  1 1 PASS
358107516  1 1 PASS
218931553  1 1 PASS
218931553  2 0 AltDetFail
382256692  1 0 AltDetFail
382256692  2 0 AltDetFail
382256692  3 0 AltDetFail
382256692  4 0 AltDetFail
382256692  5 0 AltDetFail
340843996  1 0 ses2MesFail
340843996  2 0 AltDetFail
340843996  3 0 AltDetFail
372127422  1 1 PASS
372127422  2 0 SecondaryOfPN_01
410450507  1 1 PASS
441322598  1 0 ses2MesFail
 55497281  1 1 PASS
 55497281  2 0 ses2MesFail
231693006  1 0 AltDetFail
404055841  1 0 AltDetFail
404055841  2 0 AltDetFail
404055841  3 0 AltDetFail
439446186  1 0 ses2MesFail
410214984  1 1 PASS
410214984  2 0 ses2MesFail
410214984  3 0 ses2MesFail
410418820  1 0 ses2MesFail
410418820  2 0 ses2MesFail
410418820  3 0 ses2MesFail
 61135882  1 1 PASS
 61135882  2 0 SecondaryOfPN_01
469879280  1 0 ses2MesFail
261108236  1 0 ChasesFail
383715654  1 0 AltDetFail
383715654  2 0 AltDetFail
303951776  1 1 PASS
166421485  1 1 PASS
327301957  1 1 PASS
176958231  1 1 PASS
115015715  1 0 ses2MesFail
115015715  2 0 ses2MesFail
 40343782  1 1 PASS
 97919621  1 0 ses2MesFail
 97919621  2 0 newMesShrink
364115836  1 1 PASS
468150795  1 0 ses2MesFail
468150795  2 0 newMesShrink
 91127189  1 0 ses2MesFail
 91127189  2 0 newMesBelowThresh
 91127189  3 0 SecondaryOfPN_01
410278487  1 0 ses2MesFail
410278487  2 0 ses2MesFail
 48939546  1 1 PASS
 34684991  1 1 PASS
269832033  1 0 ses2MesFail
 38850860  1 1 PASS
278594030  1 0 ses2MesFail
278594030  2 0 SecondaryOfPN_01
419738713  1 0 ses2MesFail
339633702  1 1 PASS
339633702  2 0 AltDetFail
404160369  1 1 PASS
276860175  1 0 ChasesFail
381856446  1 1 PASS
 38937499  1 1 PASS
 38937499  2 0 SecondaryOfPN_01
 38936062  1 1 PASS
183494861  1 0 AltDetFail
183494861  2 0 AltDetFail
349408306  1 1 PASS
349408306  2 0 SecondaryOfPN_01
 97914501  1 0 ChasesFail
 97914501  2 0 ses2MesFail
320911963  1 1 PASS
320911963  2 0 SecondaryOfPN_01
320911963  3 0 SecondaryOfPN_01
271478281  1 1 PASS
381855507  1 1 PASS
141768070  1 1 PASS
370236000  1 0 AltDetFail
370236000  2 0 AltDetFail
370236000  3 0 AltDetFail
277890574  1 1 PASS
 80087347  1 0 ses2MesFail
392813675  1 1 PASS
314829796  1 1 PASS
431383040  1 0 ses2MesFail
314826949  1 1 PASS
464646604  1 1 PASS
269450738  1 1 PASS
382043650  1 0 ses2MesFail
 30982266  1 0 ses2MesFail
278324296  1 0 ses2MesFail
220415088  1 0 ChasesFail
277074217  1 0 ses2MesFail
141187075  1 1 PASS
164163106  1 1 PASS
398403278  1 1 PASS
373915220  1 1 PASS
373915220  2 0 SecondaryOfPN_01
389749904  1 1 PASS
 34640040  1 0 ses2MesFail
339890862  1 1 PASS
339890862  2 0 AltDetFail
 29189037  1 1 PASS
 29189037  2 0 ses2MesFail
 29189037  3 0 ses2MesFail
235056185  1 0 ses2MesFail
270275812  1 0 ses2MesFail
 61089040  1 0 ses2MesFail
415616003  1 0 ses2MesFail
220474209  1 1 PASS
220474209  2 0 newMesShrink
220474209  3 0 AltDetFail
382302241  1 1 PASS
 55497209  1 1 PASS
351452056  1 1 PASS
351452056  2 0 AltDetFail
269850928  1 1 PASS
410154584  1 1 PASS
 55404385  1 0 ses2MesFail
 55404385  2 0 ses2MesFail
394722677  1 1 PASS
389471462  1 1 PASS
389471462  2 0 ses2MesFail
320256658  1 0 ses2MesFail
212321250  1 1 PASS
260265964  1 1 PASS
410450228  1 0 ses2MesFail
 31109583  1 1 PASS
 31858843  1 1 PASS
 31858843  2 0 SecondaryOfPN_01
299941037  1 1 PASS
1992395356  1 0 newMesBelowThresh
464647124  1 0 AltDetFail
464647124  2 0 AltDetFail
141428309  1 0 ses2MesFail
260505914  1 1 PASS
404190415  1 0 AltDetFail
265435357  1 1 PASS
 31621051  1 1 PASS
 80091106  1 1 PASS
 80091106  2 0 ses2MesFail
 80091106  3 0 ses2MesFail
383712761  1 1 PASS
383712761  2 0 SecondaryOfPN_01
354942668  1 0 ChasesFail
287327575  1 0 ses2MesFail
166348393  1 1 PASS
 31529035  1 1 PASS
 31529035  2 0 newMesShrink
 91255803  1 1 PASS
 91255803  2 0 SecondaryOfPN_01
425068409  1 0 AltDetFail
232069784  1 0 AltDetFail
278409390  1 1 PASS
278409390  2 0 SecondaryOfPN_01
278409390  3 0 AltDetFail
262471759  1 1 PASS
374347766  1 0 newMesShrink
374347766  2 0 SecondaryOfPN_01
167526485  1 1 PASS
1926703973  1 0 newMesBelowThresh
344552743  1 1 PASS
300599466  1 1 PASS
150101472  1 1 PASS
391949880  1 1 PASS
 80166433  1 1 PASS
  2527981  1 1 PASS
  2527981  2 0 SecondaryOfPN_01
 38844268  1 1 PASS
229802010  1 1 PASS
373918302  1 1 PASS
302125867  1 0 ses2MesFail
403121294  1 0 ChasesFail
403121294  2 1 PASS
403121294  3 0 ses2MesFail
 55269690  1 0 ses2MesFail
 55269690  2 0 ses2MesFail
260985861  1 1 PASS
362068768  1 1 PASS
112395568  1 1 PASS
232073219  1 0 ses2MesFail
370247078  1 0 AltDetFail
370247078  2 0 AltDetFail
381856447  1 1 PASS
183979262  1 1 PASS
183979262  2 0 SecondaryOfPN_01
304989038  1 0 ses2MesFail
319904128  1 0 ses2MesFail
319904128  2 1 PASS
150437346  1 1 PASS
149603524  1 1 PASS
261335113  1 1 PASS
261335113  2 0 SecondaryOfPN_01
394230860  1 0 ses2MesFail
394230860  2 0 ses2MesFail
394230860  3 0 ses2MesFail
139027267  1 0 AltDetFail
441387582  1 1 PASS
 38469354  1 0 ses2MesFail
260353841  1 1 PASS
260353841  2 0 AltDetFail
355095316  1 1 PASS
254158522  1 1 PASS
260351540  1 0 ses2MesFail
1922546907  1 0 ses2MesFail
410444135  1 0 ses2MesFail
309659126  1 0 AltDetFail
309659126  2 0 AltDetFail
387313600  1 0 ses2MesFail
291116020  1 1 PASS
201726459  1 0 ses2MesFail
201726459  2 0 AltDetFail
271698660  1 0 ses2MesFail
271799457  1 1 PASS
382626661  1 1 PASS
126945917  1 0 ses2MesFail
126945917  2 0 SecondaryOfPN_01
 24750907  1 1 PASS
 24750907  2 0 SecondaryOfPN_01
274034106  1 1 PASS
269590900  1 1 PASS
 24695044  1 1 PASS
238814798  1 1 PASS
152796589  1 0 ses2MesFail
301295687  1 0 ses2MesFail
267263809  1 1 PASS
267263809  2 0 SecondaryOfPN_01
278895705  1 1 PASS
394702191  1 1 PASS
150442268  1 1 PASS
237324767  1 0 AltDetFail
237324767  2 0 AltDetFail
278198753  1 1 PASS
405425498  1 1 PASS
402065454  1 1 PASS
389609806  1 0 ses2MesFail
389609806  2 0 AltDetFail
389609806  3 0 AltDetFail
101180761  1 1 PASS
167554898  1 1 PASS
451599528  1 0 ses2MesFail
 92500112  1 0 ses2MesFail
360742636  1 1 PASS
140580579  1 0 ses2MesFail
140580579  2 0 SecondaryOfPN_01
140580579  3 0 AltDetFail
410451083  1 1 PASS
410451083  2 0 AltDetFail
406318573  1 1 PASS
374910314  1 0 ses2MesFail
374910314  2 0 AltDetFail
280053651  1 1 PASS
280053651  2 0 ses2MesFail
265489698  1 0 ses2MesFail
265489698  2 0 ses2MesFail
291065047  1 0 ses2MesFail
 30275662  1 0 AltDetFail
129292407  1 1 PASS
129292407  2 0 AltDetFail
238893410  1 0 ChasesFail
 25118964  1 0 ses2MesFail
 25118964  2 0 ChasesFail
466273013  1 1 PASS
219967673  1 0 newMesBelowThresh
389298764  1 1 PASS
389197321  1 1 PASS
389197321  2 0 SecondaryOfPN_01
 91371183  1 1 PASS
 91371183  2 0 AltDetFail
469979084  1 0 AltDetFail
294977381  1 1 PASS
403224672  1 1 PASS
231721550  1 0 ses2MesFail
348717439  1 0 AltDetFail
403995704  1 0 ses2MesFail
 30848598  1 0 AltDetFail
 31690331  1 0 AltDetFail
 91231096  1 0 ses2MesFail
259864042  1 1 PASS
339672028  1 0 ses2MesFail
280095254  1 1 PASS
270342707  1 0 ses2MesFail
320534619  1 1 PASS
469906109  1 1 PASS
218876820  1 0 ses2MesFail
218876820  2 0 ses2MesFail
218876820  3 0 ses2MesFail
269797536  1 0 ChasesFail
290970527  1 1 PASS
302065890  1 0 ses2MesFail
441423591  1 1 PASS
441423591  2 0 ses2MesFail
164250471  1 0 ses2MesFail
164250471  2 0 AltDetFail
164250471  3 0 AltDetFail
 55601705  1 1 PASS
467971286  1 1 PASS
201642601  1 1 PASS
 89258777  1 0 newMesShrink
260891473  1 1 PASS
421361060  1 1 PASS
100566535  1 0 AltDetFail
100566535  2 0 AltDetFail
126658158  1 0 newMesShrink
143291764  1 1 PASS
394460608  1 0 ses2MesFail
394460608  2 0 ses2MesFail
394460608  3 0 ses2MesFail
339859782  1 0 ses2MesFail
339859782  2 0 AltDetFail
129532864  1 1 PASS
168153467  1 0 ses2MesFail
461737753  1 1 PASS
1926679636  1 0 AltDetFail
389352124  1 1 PASS
382068562  1 1 PASS
306576958  1 1 PASS
 40340867  1 0 ChasesFail
 40612150  1 0 AltDetFail
254131256  1 1 PASS
254131256  2 0 SecondaryOfPN_01
 90850770  1 1 PASS
234288940  1 1 PASS
234288940  2 0 SecondaryOfPN_01
309659124  1 0 AltDetFail
271581073  1 1 PASS
280803917  1 1 PASS
 25155310  1 1 PASS
231630147  1 1 PASS
389015383  1 0 ses2MesFail
389015383  2 0 AltDetFail
412014494  1 1 PASS
319739812  1 0 newMesBelowThresh
425070148  1 1 PASS
277108449  1 0 AltDetFail
394721720  1 1 PASS
179308923  1 0 AltDetFail
168687149  1 0 ses2MesFail
220435095  1 1 PASS
140691463  1 1 PASS
294273900  1 0 ses2MesFail
294273900  2 0 AltDetFail
260131643  1 0 AltDetFail
100765074  1 0 AltDetFail
100765074  2 0 AltDetFail
100765074  3 0 AltDetFail
218907113  1 0 AltDetFail
129529326  1 1 PASS
355577451  1 0 ses2MesFail
355577451  2 0 SecondaryOfPN_01
150273402  1 1 PASS
260043723  1 1 PASS
441398770  1 0 ses2MesFail
441398770  2 0 ses2MesFail
441398770  3 0 ses2MesFail
441398770  4 0 ses2MesFail
280909668  1 0 newMesShrink
389051009  1 0 AltDetFail
389051009  2 0 AltDetFail
351473399  1 0 newMesShrink
351473399  2 0 ses2MesFail
 31672006  1 1 PASS
 31672006  2 0 SecondaryOfPN_01
231628804  1 0 newMesShrink
231628804  2 0 AltDetFail
