 26801525  1 1 PASS
 26801525  2 0 ses2MesFail
 26801525  3 0 newMesShrink
 26801525  4 0 newMesShrink
 12790306  1 0 AltDetFail
 26893151  1 0 ses2MesFail
 13389059  1 0 ses2MesFail
 26834853  1 0 ChasesFail
 13829713  1 0 ses2MesFail
 26893392  1 0 ses2MesFail
 13960751  1 0 ses2MesFail
 26993764  1 1 PASS
 15613161  1 0 newMesBelowThresh
 26994998  1 0 AltDetFail
 26994998  2 0 AltDetFail
 15613315  1 0 AltDetFail
 15613315  2 0 AltDetFail
 28224552  1 1 PASS
 28224552  2 0 SecondaryOfPN_01
 16916903  1 1 PASS
 28244296  1 0 ChasesFail
 16920150  1 1 PASS
 28294609  1 0 ChasesFail
 17005768  1 1 PASS
 28351918  1 1 PASS
 28351918  2 0 AltDetFail
 18225199  1 0 ses2MesFail
 28352805  1 0 ses2MesFail
 18250189  1 0 AltDetFail
 18250189  2 0 AltDetFail
 28391714  1 1 PASS
 28391714  2 0 AltDetFail
 18307659  1 0 ses2MesFail
 44631965  1 1 PASS
 24658137  1 0 ChasesFail
 24658137  2 0 ses2MesFail
 24658137  3 0 ses2MesFail
 44631957  1 1 PASS
 44631957  2 0 SecondaryOfPN_01
 24935204  1 1 PASS
 24935204  2 0 ses2MesFail
 51955546  1 0 ses2MesFail
 51955546  2 0 AltDetFail
 51955546  3 0 AltDetFail
 25241388  1 0 ses2MesFail
 51961599  1 0 ChasesFail
 25681159  1 0 ses2MesFail
 53847727  1 1 PASS
 25799110  1 0 ses2MesFail
 57916666  1 0 ses2MesFail
 57916666  2 0 ses2MesFail
 26216847  1 1 PASS
 57917921  1 0 ChasesFail
 57917921  2 1 PASS
 26568753  1 1 PASS
 57986745  1 1 PASS
 26763552  1 0 ses2MesFail
 58018570  1 1 PASS
 58018570  2 0 SecondaryOfPN_01
 26763553  1 0 ses2MesFail
 60987622  1 0 AltDetFail
 26766810  1 0 newMesBelowThresh
 28763683  1 1 PASS
 28763683  2 0 AltDetFail
 44560801  1 1 PASS
 60997913  1 0 ses2MesFail
 61505537  1 1 PASS
 63972389  1 0 ses2MesFail
 63972440  1 0 ses2MesFail
 63972440  2 0 newMesBelowThresh
 63972440  3 0 AltDetFail
 64366964  1 0 newMesShrink
 64366964  2 0 AltDetFail
 64951042  1 1 PASS
 66080183  1 1 PASS
 66080183  2 0 ses2MesFail
 66355834  1 0 ses2MesFail
 66786762  1 0 ses2MesFail
 67149557  1 0 ChasesFail
 67902388  1 0 ses2MesFail
 67902388  2 0 newMesShrink
 67902388  3 0 ses2MesFail
 80532925  1 0 newMesBelowThresh
 80532925  2 0 newMesBelowThresh
 80532925  3 0 newMesBelowThresh
 80532925  4 1 PASS
 83222019  1 1 PASS
 83222019  2 0 SecondaryOfPN_01
 83812531  1 0 newMesShrink
 83812531  2 0 ses2MesFail
 83905462  1 0 ses2MesFail
 83905462  2 0 ses2MesFail
113670533  1 0 ses2MesFail
113709717  1 1 PASS
115480780  1 1 PASS
118182747  1 0 ses2MesFail
118268215  1 0 ses2MesFail
125298121  1 0 AltDetFail
126996454  1 1 PASS
155114483  1 1 PASS
155229537  1 0 ses2MesFail
155229537  2 1 PASS
155260498  1 1 PASS
160472514  1 1 PASS
160472514  2 0 newMesBelowThresh
160472514  3 0 ChasesFail
160585813  1 1 PASS
160602230  1 0 ses2MesFail
160618494  1 0 ses2MesFail
160618494  2 1 PASS
160618494  3 0 SecondaryOfPN_01
160618494  4 0 newMesBelowThresh
165530589  1 0 ChasesFail
173340408  1 0 AltDetFail
173419202  1 0 ses2MesFail
173424364  1 1 PASS
173521768  1 0 ses2MesFail
173710176  1 1 PASS
173710176  2 0 AltDetFail
173795590  1 0 ses2MesFail
173797509  1 0 ses2MesFail
173797509  2 0 newMesBelowThresh
173797509  3 0 ses2MesFail
174157888  1 0 AltDetFail
174266604  1 0 ses2MesFail
174266604  2 0 SecondaryOfPN_01
174310085  1 1 PASS
174433284  1 0 ses2MesFail
176551075  1 0 ses2MesFail
176718492  1 1 PASS
176752680  1 0 ses2MesFail
176752680  2 0 AltDetFail
176796310  1 0 ses2MesFail
176796310  2 0 ses2MesFail
176860064  1 1 PASS
176948652  1 0 AltDetFail
177053699  1 0 AltDetFail
177138802  1 0 ses2MesFail
177245718  1 1 PASS
177315555  1 0 newMesShrink
177315555  2 0 AltDetFail
177318532  1 0 ChasesFail
177401037  1 1 PASS
177417406  1 1 PASS
177490838  1 1 PASS
177490838  2 0 AltDetFail
177644756  1 0 ses2MesFail
186291640  1 0 ses2MesFail
186302615  1 0 ses2MesFail
186400004  1 0 ses2MesFail
186449172  1 0 ChasesFail
186452465  1 0 ChasesFail
186514178  1 1 PASS
188768068  1 1 PASS
189360111  1 0 ses2MesFail
189397763  1 0 ses2MesFail
189414606  1 1 PASS
189414606  2 0 SecondaryOfPN_01
189581684  1 0 ses2MesFail
189670720  1 0 ses2MesFail
189679711  1 0 ses2MesFail
189714989  1 0 AltDetFail
189714989  2 0 AltDetFail
189714989  3 0 AltDetFail
190998418  1 1 PASS
191142098  1 1 PASS
191284318  1 1 PASS
191463077  1 0 ses2MesFail
191632569  1 0 ses2MesFail
191769621  1 0 ses2MesFail
194303300  1 1 PASS
194327926  1 1 PASS
194353171  1 0 ses2MesFail
196433833  1 1 PASS
196672210  1 0 ses2MesFail
196740034  1 0 ses2MesFail
196776171  1 1 PASS
196896001  1 1 PASS
196896001  2 0 AltDetFail
196920546  1 0 ses2MesFail
196920546  2 0 AltDetFail
197587400  1 1 PASS
197755658  1 0 ses2MesFail
197755658  2 0 newMesShrink
197755658  3 0 newMesShrink
197755658  4 0 AltDetFail
197757000  1 1 PASS
197757000  2 0 newMesBelowThresh
197757000  3 0 AltDetFail
197774545  1 1 PASS
198241702  1 1 PASS
198242676  1 0 AltDetFail
198242676  2 0 SecondaryOfPN_01
198354443  1 1 PASS
198354443  2 0 AltDetFail
198355046  1 1 PASS
198382838  1 0 ses2MesFail
198388252  1 1 PASS
198408416  1 0 ses2MesFail
198408416  2 0 AltDetFail
198410462  1 0 AltDetFail
198410480  1 1 PASS
198410480  2 0 SecondaryOfPN_01
198410480  3 0 AltDetFail
198555959  1 0 ses2MesFail
198555959  2 0 SecondaryOfPN_01
199682037  1 0 AltDetFail
199682037  2 0 AltDetFail
199688409  1 0 newMesShrink
199688409  2 0 AltDetFail
199688472  1 1 PASS
199716496  1 0 AltDetFail
199716496  2 0 AltDetFail
201651046  1 1 PASS
201693184  1 1 PASS
202088205  1 0 ses2MesFail
202366954  1 0 AltDetFail
202366954  2 0 AltDetFail
202376043  1 1 PASS
202593310  1 0 ses2MesFail
202601061  1 0 ses2MesFail
202601061  2 0 AltDetFail
219096494  1 1 PASS
219107776  1 0 AltDetFail
219107776  2 0 AltDetFail
219109908  1 0 AltDetFail
219738202  1 0 AltDetFail
219738222  1 1 PASS
219765652  1 1 PASS
219771660  1 1 PASS
219811129  1 1 PASS
219859691  1 0 ses2MesFail
219859691  2 0 AltDetFail
219865181  1 1 PASS
219882262  1 1 PASS
219884551  1 1 PASS
219900027  1 0 ses2MesFail
229400643  1 1 PASS
229400643  2 0 AltDetFail
229461186  1 0 ses2MesFail
229476285  1 1 PASS
229487733  1 1 PASS
229495981  1 1 PASS
229501076  1 0 ses2MesFail
229585356  1 0 AltDetFail
229585356  2 0 AltDetFail
229585356  3 0 AltDetFail
229585365  1 1 PASS
229585542  1 1 PASS
229588059  1 1 PASS
229671667  1 0 ses2MesFail
229687624  1 0 ses2MesFail
229687624  2 0 AltDetFail
229687624  3 0 AltDetFail
229751802  1 0 newMesShrink
229751802  2 0 AltDetFail
229766985  1 0 AltDetFail
229776076  1 1 PASS
229776076  2 0 SecondaryOfPN_01
229791903  1 0 ses2MesFail
229791903  2 0 ses2MesFail
229791903  3 0 AltDetFail
229791903  4 0 AltDetFail
229910746  1 0 ses2MesFail
229913521  1 1 PASS
229914020  1 1 PASS
229914020  2 0 SecondaryOfPN_01
229944666  1 1 PASS
229975095  1 1 PASS
230017324  1 1 PASS
230069712  1 1 PASS
230086683  1 1 PASS
230086683  2 0 ses2MesFail
230086768  1 0 ses2MesFail
230088370  1 1 PASS
230114503  1 1 PASS
230132258  1 0 ChasesFail
230136846  1 1 PASS
230386284  1 1 PASS
230386284  2 0 AltDetFail
232612416  1 1 PASS
232628654  1 0 ses2MesFail
232629077  1 1 PASS
232629077  2 0 SecondaryOfPN_01
232634180  1 1 PASS
232634196  1 0 ses2MesFail
232634196  2 1 PASS
232634196  3 0 SecondaryOfPN_01
232985036  1 1 PASS
233082103  1 0 AltDetFail
233082103  2 0 AltDetFail
233193908  1 0 ChasesFail
233193944  1 1 PASS
233193944  2 0 SecondaryOfPN_01
233195058  1 1 PASS
233195058  2 0 SecondaryOfPN_01
233204484  1 1 PASS
233207585  1 0 AltDetFail
233207585  2 0 AltDetFail
233211762  1 1 PASS
233233639  1 0 AltDetFail
233233639  2 0 AltDetFail
233310793  1 0 AltDetFail
233390838  1 1 PASS
233390838  2 0 SecondaryOfPN_01
233532220  1 0 ChasesFail
233532554  1 1 PASS
233532554  2 0 AltDetFail
233539736  1 1 PASS
233539736  2 0 AltDetFail
233679640  1 0 ses2MesFail
233679640  2 0 ses2MesFail
233679640  3 0 ChasesFail
233681149  1 1 PASS
233684822  1 1 PASS
233689243  1 1 PASS
233720276  1 1 PASS
233720276  2 0 newMesShrink
233735068  1 1 PASS
233738219  1 0 ses2MesFail
233738458  1 1 PASS
235683377  1 1 PASS
235930066  1 0 newMesBelowThresh
235985439  1 1 PASS
235985439  2 0 SecondaryOfPN_01
236714379  1 1 PASS
236776750  1 0 AltDetFail
236776750  2 0 AltDetFail
236778955  1 0 ses2MesFail
236778955  2 0 ses2MesFail
236876439  1 0 AltDetFail
236876439  2 0 AltDetFail
236887394  1 1 PASS
236973844  1 0 ses2MesFail
236973844  2 0 SecondaryOfPN_01
236973844  3 0 SecondaryOfPN_01
236973844  4 0 SecondaryOfPN_01
237010658  1 1 PASS
237086564  1 1 PASS
237200747  1 1 PASS
237277760  1 0 ses2MesFail
237277760  2 0 newMesShrink
237277760  3 0 AltDetFail
237278994  1 1 PASS
237286849  1 0 ChasesFail
238625906  1 0 ses2MesFail
238626074  1 1 PASS
238626074  2 0 SecondaryOfPN_01
240681314  1 1 PASS
240706234  1 0 AltDetFail
240706234  2 0 AltDetFail
240872692  1 1 PASS
240872692  2 0 SecondaryOfPN_01
240911239  1 0 ChasesFail
240911239  2 0 AltDetFail
240911239  3 0 AltDetFail
240911922  1 1 PASS
240911922  2 0 ses2MesFail
240947891  1 0 ses2MesFail
240947891  2 0 SecondaryOfPN_01
240947891  3 0 ses2MesFail
240968774  1 1 PASS
241013310  1 0 newMesShrink
241013310  2 0 ses2MesFail
241017747  1 0 newMesShrink
241017747  2 0 ChasesFail
242700897  1 0 ChasesFail
242700897  2 1 PASS
242799145  1 1 PASS
242843658  1 1 PASS
243153498  1 1 PASS
243185500  1 1 PASS
243185500  2 1 PASS
243187830  1 1 PASS
245763803  1 0 ses2MesFail
249744864  1 1 PASS
251922596  1 1 PASS
252140076  1 0 ses2MesFail
252140076  2 0 SecondaryOfPN_01
252140076  3 0 AltDetFail
252668569  1 0 AltDetFail
252668569  2 0 AltDetFail
255802749  1 0 ses2MesFail
255993777  1 1 PASS
255993777  2 0 AltDetFail
256298934  1 0 ses2MesFail
256298934  2 0 ses2MesFail
256327585  1 1 PASS
256368884  1 1 PASS
256368884  2 0 SecondaryOfPN_01
256512446  1 1 PASS
256640207  1 0 AltDetFail
256640207  2 0 AltDetFail
256640207  3 0 AltDetFail
256640561  1 0 newMesShrink
257562020  1 0 ses2MesFail
258351350  1 0 newMesShrink
258351350  2 0 AltDetFail
258773798  1 0 AltDetFail
258777137  1 1 PASS
258799793  1 0 AltDetFail
258799793  2 0 AltDetFail
258799793  3 0 AltDetFail
259006174  1 1 PASS
259006185  1 1 PASS
259006185  2 0 SecondaryOfPN_01
259103852  1 0 AltDetFail
259260957  1 0 ses2MesFail
259967623  1 1 PASS
260172556  1 1 PASS
263968694  1 0 ses2MesFail
263968694  2 0 AltDetFail
264051559  1 1 PASS
264101177  1 1 PASS
265272708  1 0 ses2MesFail
267802440  1 0 ses2MesFail
267803830  1 1 PASS
267805178  1 0 ses2MesFail
267805178  2 0 ses2MesFail
267805178  3 0 AltDetFail
268944966  1 0 AltDetFail
269411609  1 1 PASS
269411609  2 0 SecondaryOfPN_01
269516224  1 0 ses2MesFail
269609504  1 0 ses2MesFail
269609504  2 0 SecondaryOfPN_01
269609504  3 0 SecondaryOfPN_01
269696430  1 1 PASS
269696430  2 0 SecondaryOfPN_01
269696438  1 1 PASS
269698422  1 1 PASS
270665642  1 0 ses2MesFail
270665642  2 0 SecondaryOfPN_01
270665642  3 0 AltDetFail
271241950  1 1 PASS
271529021  1 0 ses2MesFail
271529021  2 0 newMesBelowThresh
271529113  1 0 ses2MesFail
271529113  2 0 AltDetFail
271746067  1 0 AltDetFail
271763731  1 1 PASS
272230783  1 1 PASS
272335628  1 0 newMesShrink
272532173  1 0 newMesShrink
272532173  2 0 ses2MesFail
272539879  1 0 ses2MesFail
272539879  2 0 SecondaryOfPN_01
272622914  1 0 newMesShrink
272785770  1 0 ses2MesFail
272822330  1 0 newMesShrink
272822330  2 0 newMesShrink
272922818  1 0 AltDetFail
275633324  1 1 PASS
276105596  1 0 ses2MesFail
276105676  1 0 AltDetFail
276119305  1 0 AltDetFail
276123137  1 0 ses2MesFail
278950133  1 1 PASS
278950133  2 0 SecondaryOfPN_01
279186939  1 1 PASS
279186939  2 0 SecondaryOfPN_01
279605117  1 0 AltDetFail
279871974  1 0 ses2MesFail
280031832  1 1 PASS
283390331  1 1 PASS
283475515  1 0 ses2MesFail
283476365  1 1 PASS
283570609  1 1 PASS
283640314  1 0 ses2MesFail
283722336  1 1 PASS
283722336  2 1 PASS
284441182  1 1 PASS
284611896  1 1 PASS
284890361  1 0 ses2MesFail
284925600  1 0 ses2MesFail
287085893  1 0 AltDetFail
287085893  2 0 AltDetFail
287086786  1 0 ses2MesFail
287151976  1 1 PASS
287151976  2 0 ses2MesFail
287196418  1 1 PASS
288296337  1 0 AltDetFail
288312840  1 0 ses2MesFail
288312840  2 0 SecondaryOfPN_01
288312840  3 0 AltDetFail
288471108  1 1 PASS
288471108  2 0 SecondaryOfPN_01
288735205  1 1 PASS
291689873  1 0 ChasesFail
291728959  1 0 ses2MesFail
291752177  1 0 AltDetFail
291752177  2 0 AltDetFail
291836643  1 0 ses2MesFail
298665328  1 0 AltDetFail
298666530  1 1 PASS
301918882  1 1 PASS
305043392  1 1 PASS
305043392  2 0 AltDetFail
305399324  1 1 PASS
305399325  1 1 PASS
305466446  1 1 PASS
305633328  1 0 ses2MesFail
305832152  1 0 ses2MesFail
305832152  2 0 AltDetFail
306119849  1 0 AltDetFail
306181869  1 0 ses2MesFail
306263608  1 1 PASS
306955329  1 1 PASS
306955469  1 1 PASS
308126348  1 0 ses2MesFail
311188656  1 1 PASS
312060302  1 1 PASS
312471472  1 0 newMesShrink
313506357  1 1 PASS
314459000  1 0 ses2MesFail
314459000  2 0 AltDetFail
315287999  1 0 AltDetFail
315287999  2 0 SecondaryOfPN_01
315287999  3 0 AltDetFail
315777423  1 0 AltDetFail
315810194  1 0 AltDetFail
316182273  1 1 PASS
316660881  1 0 ses2MesFail
316660881  2 0 AltDetFail
317015040  1 1 PASS
317015040  2 0 ses2MesFail
317470793  1 0 ses2MesFail
317470793  2 0 ses2MesFail
317511418  1 1 PASS
317839169  1 1 PASS
319916680  1 1 PASS
320268279  1 0 ses2MesFail
320268279  2 0 AltDetFail
320323992  1 0 AltDetFail
320525520  1 0 newMesShrink
321551426  1 1 PASS
322055308  1 1 PASS
322129367  1 0 ses2MesFail
322262620  1 0 ses2MesFail
322262620  2 0 SecondaryOfPN_01
323403590  1 1 PASS
324596129  1 1 PASS
324596129  2 0 SecondaryOfPN_01
326109505  1 1 PASS
326149070  1 1 PASS
326149070  2 0 SecondaryOfPN_01
326374705  1 0 ses2MesFail
326374705  2 0 ses2MesFail
326630342  1 0 ses2MesFail
326630342  2 0 SecondaryOfPN_01
326630342  3 0 SecondaryOfPN_01
326630342  4 0 SecondaryOfPN_01
326812358  1 0 ses2MesFail
326854031  1 0 ChasesFail
326894790  1 0 ses2MesFail
327010115  1 1 PASS
327010115  2 0 AltDetFail
327121759  1 0 newMesShrink
327121928  1 0 ses2MesFail
327121928  2 0 newMesBelowThresh
328866871  1 1 PASS
329246824  1 0 ses2MesFail
329246824  2 0 AltDetFail
329248002  1 0 ses2MesFail
329249115  1 0 ses2MesFail
329277372  1 1 PASS
329770815  1 0 ses2MesFail
329864959  1 1 PASS
330234754  1 0 ses2MesFail
330389267  1 1 PASS
331353877  1 0 ses2MesFail
331860062  1 1 PASS
331930196  1 0 newMesBelowThresh
332474962  1 0 ChasesFail
333473672  1 1 PASS
333561337  1 0 ses2MesFail
333868181  1 0 ses2MesFail
335265326  1 1 PASS
335265326  2 0 SecondaryOfPN_01
335484090  1 1 PASS
335484090  2 0 newMesBelowThresh
335484090  3 0 SecondaryOfPN_01
335995445  1 1 PASS
336119914  1 0 ChasesFail
336296852  1 1 PASS
336741253  1 0 ses2MesFail
336741253  2 1 PASS
336767770  1 0 ses2MesFail
336767770  2 0 AltDetFail
336778418  1 1 PASS
336778418  2 0 AltDetFail
336823975  1 1 PASS
337470211  1 1 PASS
337544122  1 1 PASS
337886863  1 0 ses2MesFail
338159479  1 1 PASS
338159479  2 0 SecondaryOfPN_01
338434574  1 0 ChasesFail
340911048  1 0 AltDetFail
340911048  2 0 AltDetFail
340911048  3 0 AltDetFail
341327281  1 1 PASS
341327281  2 0 SecondaryOfPN_01
341679932  1 0 ses2MesFail
341679932  2 0 AltDetFail
341814981  1 0 ChasesFail
341870349  1 0 ses2MesFail
341983711  1 1 PASS
342334344  1 0 ses2MesFail
342334344  2 0 AltDetFail
342334344  3 0 AltDetFail
342866210  1 1 PASS
342866210  2 0 SecondaryOfPN_01
343127696  1 0 ses2MesFail
343127696  2 0 ses2MesFail
343320735  1 0 ses2MesFail
343326909  1 0 ses2MesFail
343326909  2 1 PASS
343328765  1 1 PASS
343328765  2 0 SecondaryOfPN_01
343549114  1 0 newMesShrink
343553606  1 0 ses2MesFail
343553606  2 0 AltDetFail
343667351  1 0 AltDetFail
343667351  2 0 newMesShrink
343667351  3 0 AltDetFail
343667351  4 0 AltDetFail
343667351  5 0 AltDetFail
344376832  1 0 ses2MesFail
344376832  2 1 PASS
344376832  3 0 AltDetFail
344376832  4 0 AltDetFail
344769778  1 0 ses2MesFail
345324572  1 1 PASS
346934659  1 1 PASS
346934659  2 0 SecondaryOfPN_01
350132371  1 1 PASS
352077081  1 0 ses2MesFail
352223400  1 1 PASS
352260947  1 0 ses2MesFail
352260948  1 0 ses2MesFail
352261541  1 0 ses2MesFail
352296053  1 0 AltDetFail
352378412  1 0 ses2MesFail
352378412  2 0 AltDetFail
352413427  1 1 PASS
352588202  1 0 ChasesFail
352693111  1 1 PASS
352915304  1 1 PASS
352954787  1 1 PASS
352954787  2 0 SecondaryOfPN_01
352954787  3 0 AltDetFail
352954787  4 0 AltDetFail
352979549  1 0 ses2MesFail
352979549  2 0 ses2MesFail
352979549  3 0 newMesShrink
352979549  4 0 AltDetFail
352979549  5 0 AltDetFail
352979549  6 0 AltDetFail
353776047  1 0 ses2MesFail
353780525  1 0 ses2MesFail
353780788  1 0 AltDetFail
353780788  2 0 AltDetFail
353851176  1 0 ses2MesFail
353854078  1 0 ses2MesFail
353854078  2 0 SecondaryOfPN_01
353854078  3 0 SecondaryOfPN_01
353894978  1 0 ses2MesFail
353939279  1 0 ses2MesFail
353939279  2 0 AltDetFail
353939279  3 0 AltDetFail
353989471  1 0 ses2MesFail
354246759  1 1 PASS
356015357  1 0 ses2MesFail
356015357  2 0 ses2MesFail
356015361  1 1 PASS
356150515  1 0 ses2MesFail
356150515  2 0 AltDetFail
356150515  3 0 AltDetFail
356701798  1 0 ses2MesFail
356701798  2 0 AltDetFail
356820646  1 0 ses2MesFail
356867115  1 1 PASS
356896550  1 0 AltDetFail
356896561  1 0 ses2MesFail
357045188  1 0 ChasesFail
357045189  1 0 ChasesFail
357050556  1 0 AltDetFail
357050556  2 0 AltDetFail
357498249  1 0 ses2MesFail
358899721  1 0 ChasesFail
358908226  1 1 PASS
358908226  2 0 newMesShrink
358908226  3 0 AltDetFail
359042174  1 1 PASS
359313701  1 0 ses2MesFail
359497418  1 1 PASS
359497418  2 0 SecondaryOfPN_01
359631482  1 1 PASS
359675849  1 1 PASS
359675849  2 0 SecondaryOfPN_01
359676320  1 0 AltDetFail
359676320  2 0 SecondaryOfPN_01
360020620  1 0 ses2MesFail
362259855  1 1 PASS
364075921  1 0 ses2MesFail
364116821  1 0 AltDetFail
364119315  1 0 AltDetFail
364119315  2 0 AltDetFail
364119315  3 0 AltDetFail
364120439  1 1 PASS
364186197  1 1 PASS
364965655  1 0 AltDetFail
365663227  1 1 PASS
365733349  1 1 PASS
365962806  1 1 PASS
365962806  2 0 SecondaryOfPN_01
366072761  1 1 PASS
366072761  2 0 SecondaryOfPN_01
366517337  1 1 PASS
366517381  1 0 ses2MesFail
366517381  2 0 AltDetFail
366715078  1 1 PASS
366918222  1 1 PASS
366972961  1 0 ses2MesFail
366975905  1 0 AltDetFail
366975905  2 0 AltDetFail
366975905  3 0 AltDetFail
367096163  1 0 ses2MesFail
367183127  1 1 PASS
367681735  1 0 AltDetFail
367681735  2 0 AltDetFail
368319105  1 0 ses2MesFail
368447751  1 1 PASS
368512362  1 1 PASS
369662331  1 1 PASS
369901195  1 0 ses2MesFail
371480725  1 0 AltDetFail
371480725  2 0 AltDetFail
371738956  1 0 AltDetFail
371953862  1 0 ChasesFail
372207328  1 0 AltDetFail
375422201  1 0 ses2MesFail
375422201  2 0 newMesShrink
375422201  3 0 ses2MesFail
375422201  4 0 SecondaryOfPN_02
375599392  1 1 PASS
375599392  2 0 newMesShrink
375599392  3 0 SecondaryOfPN_01
375853985  1 0 ses2MesFail
375853985  2 0 ses2MesFail
375854079  1 0 ses2MesFail
375907264  1 1 PASS
376023519  1 1 PASS
376499580  1 0 AltDetFail
376891083  1 0 ses2MesFail
376891083  2 0 SecondaryOfPN_01
376891083  3 0 SecondaryOfPN_01
376891085  1 0 ses2MesFail
376891085  2 0 SecondaryOfPN_01
376963666  1 0 ses2MesFail
376963666  2 0 SecondaryOfPN_01
376963666  3 0 ChasesFail
377190161  1 0 ses2MesFail
377192659  1 1 PASS
377192659  2 0 AltDetFail
377251803  1 0 AltDetFail
377251803  2 0 AltDetFail
377251803  3 0 AltDetFail
377253090  1 0 AltDetFail
377278259  1 1 PASS
377307592  1 1 PASS
377307592  2 0 SecondaryOfPN_01
377611329  1 0 AltDetFail
378358639  1 0 AltDetFail
380784511  1 1 PASS
381343573  1 0 ses2MesFail
381343573  2 0 ses2MesFail
383676981  1 1 PASS
384886993  1 0 ses2MesFail
387009905  1 0 ses2MesFail
387237076  1 1 PASS
387259626  1 1 PASS
387757610  1 1 PASS
387834907  1 1 PASS
388000857  1 0 ses2MesFail
388039429  1 1 PASS
388081074  1 0 ses2MesFail
388132550  1 1 PASS
388196465  1 1 PASS
388196465  2 0 SecondaryOfPN_01
388245308  1 0 ChasesFail
388705796  1 0 ses2MesFail
388705796  2 0 ses2MesFail
389188453  1 0 ChasesFail
389916225  1 0 ses2MesFail
389916225  2 0 AltDetFail
390021728  1 0 ChasesFail
390973110  1 1 PASS
392536805  1 1 PASS
392536812  1 0 AltDetFail
392536812  2 0 AltDetFail
395218466  1 0 AltDetFail
396134795  1 0 ses2MesFail
396201681  1 0 ses2MesFail
396201681  2 0 SecondaryOfPN_01
396235258  1 1 PASS
396235258  2 0 SecondaryOfPN_01
398940461  1 1 PASS
400048097  1 0 ses2MesFail
400048097  2 0 ses2MesFail
403113997  1 0 AltDetFail
403113997  2 0 AltDetFail
404103665  1 0 ses2MesFail
404103665  2 0 AltDetFail
404103665  3 0 AltDetFail
404113676  1 0 ses2MesFail
404393507  1 0 ChasesFail
404393507  2 0 newMesBelowThresh
405764176  1 1 PASS
405764678  1 1 PASS
406631696  1 1 PASS
406855037  1 0 ChasesFail
406894356  1 0 ses2MesFail
406894356  2 1 PASS
406894356  3 1 PASS
406894356  4 0 ses2MesFail
409455615  1 0 ses2MesFail
411532730  1 0 AltDetFail
411845789  1 0 ses2MesFail
412638697  1 0 ses2MesFail
412638697  2 0 AltDetFail
413738130  1 1 PASS
413738130  2 0 SecondaryOfPN_01
414019028  1 1 PASS
414579577  1 1 PASS
414807623  1 1 PASS
414807623  2 0 SecondaryOfPN_01
415460749  1 1 PASS
415469752  1 0 ses2MesFail
415775240  1 0 ses2MesFail
416195870  1 1 PASS
416320349  1 1 PASS
417585921  1 0 ses2MesFail
417585921  2 0 ses2MesFail
417703706  1 1 PASS
417735733  1 0 ses2MesFail
418257102  1 1 PASS
419253850  1 1 PASS
419523408  1 0 ChasesFail
419553270  1 0 ses2MesFail
420110967  1 1 PASS
420114772  1 1 PASS
420114772  2 0 SecondaryOfPN_01
420126478  1 1 PASS
420126478  2 0 AltDetFail
420137341  1 0 ses2MesFail
420448703  1 1 PASS
421110675  1 0 ses2MesFail
421110675  2 0 ses2MesFail
421334320  1 0 ses2MesFail
421714420  1 0 ses2MesFail
421718004  1 0 ses2MesFail
421718004  2 0 SecondaryOfPN_01
424008045  1 1 PASS
424008045  2 0 AltDetFail
424439457  1 1 PASS
424439457  2 0 ses2MesFail
424461577  1 0 ses2MesFail
424461577  2 0 AltDetFail
426142732  1 1 PASS
427063387  1 1 PASS
427063387  2 0 SecondaryOfPN_01
427147238  1 1 PASS
427240420  1 1 PASS
427312571  1 1 PASS
427312571  2 0 ChasesFail
427654774  1 1 PASS
427731217  1 0 ses2MesFail
427767269  1 0 ses2MesFail
427767269  2 0 newMesShrink
428003183  1 0 ses2MesFail
428064231  1 0 ChasesFail
428186617  1 0 AltDetFail
429034456  1 1 PASS
430443854  1 0 AltDetFail
430530755  1 0 AltDetFail
430677414  1 1 PASS
430808126  1 1 PASS
431159508  1 1 PASS
431276063  1 0 ses2MesFail
431276063  2 0 ses2MesFail
431373652  1 1 PASS
431374523  1 0 ses2MesFail
431374523  2 0 AltDetFail
431423983  1 1 PASS
431423983  2 0 SecondaryOfPN_01
431486590  1 1 PASS
431514478  1 1 PASS
431633352  1 1 PASS
432549364  1 1 PASS
432758339  1 1 PASS
432758339  2 0 SecondaryOfPN_01
432758339  3 0 AltDetFail
432761331  1 0 ses2MesFail
432761331  2 0 ses2MesFail
432761331  3 0 AltDetFail
433977629  1 1 PASS
433977629  2 0 SecondaryOfPN_01
434171112  1 1 PASS
434214393  1 1 PASS
434214393  2 0 SecondaryOfPN_01
434437489  1 0 AltDetFail
434625997  1 0 AltDetFail
434723918  1 0 ses2MesFail
434893323  1 0 AltDetFail
435160829  1 0 ses2MesFail
435863262  1 1 PASS
435864514  1 1 PASS
435864514  2 0 SecondaryOfPN_01
435873235  1 0 newMesBelowThresh
436546358  1 1 PASS
436546358  2 1 PASS
436546358  3 0 AltDetFail
436556421  1 1 PASS
437761208  1 1 PASS
437761208  2 0 SecondaryOfPN_01
439943228  1 1 PASS
440003271  1 0 ses2MesFail
440657189  1 0 AltDetFail
440657189  2 0 AltDetFail
440666925  1 0 AltDetFail
440666925  2 0 AltDetFail
440676745  1 1 PASS
440676745  2 0 SecondaryOfPN_01
441726485  1 0 ses2MesFail
441730472  1 0 ses2MesFail
441732151  1 1 PASS
441734144  1 0 AltDetFail
441734144  2 0 AltDetFail
441734910  1 0 ChasesFail
441804674  1 1 PASS
441804674  2 0 ses2MesFail
441804888  1 0 ses2MesFail
441808796  1 0 ses2MesFail
445133704  1 0 newMesShrink
445181450  1 0 ses2MesFail
445187975  1 0 ses2MesFail
445287089  1 0 AltDetFail
445287089  2 0 AltDetFail
453012065  1 1 PASS
455732776  1 0 AltDetFail
455737585  1 0 ses2MesFail
455755453  1 0 ses2MesFail
455756014  1 0 ses2MesFail
455769191  1 0 ses2MesFail
455790537  1 0 ses2MesFail
455790537  2 0 ChasesFail
455817128  1 0 ses2MesFail
455824124  1 1 PASS
455824124  2 0 newMesShrink
455825451  1 0 ses2MesFail
455896112  1 1 PASS
455896112  2 0 AltDetFail
455947620  1 1 PASS
455959634  1 0 ChasesFail
455991789  1 0 ChasesFail
456894770  1 1 PASS
456905229  1 0 newMesShrink
456937378  1 0 ses2MesFail
458478250  1 1 PASS
459969957  1 0 ses2MesFail
459978466  1 1 PASS
459978466  2 0 AltDetFail
459979376  1 0 ChasesFail
467181063  1 1 PASS
467354611  1 0 ses2MesFail
467463928  1 0 ses2MesFail
469460566  1 0 AltDetFail
469857617  1 0 ses2MesFail
469857617  2 0 SecondaryOfPN_01
469863969  1 1 PASS
470710327  1 1 PASS
470710327  2 0 SecondaryOfPN_01
470846310  1 0 ses2MesFail
470846310  2 0 ChasesFail
470846310  3 0 SecondaryOfPN_01
600037491  1 1 PASS
600494350  1 0 ChasesFail
601366244  1 0 ses2MesFail
611378260  1 0 ses2MesFail
611402948  1 0 AltDetFail
611402948  2 0 AltDetFail
611620105  1 0 ChasesFail
611620106  1 0 ChasesFail
620226958  1 0 ChasesFail
620711218  1 1 PASS
1400770435  1 1 PASS
1981303680  1 0 ses2MesFail
1981434196  1 0 ses2MesFail
1981434198  1 0 ses2MesFail
2041549164  1 0 ses2MesFail
2046417955  1 0 AltDetFail
2046417955  2 0 AltDetFail
2046417955  3 0 AltDetFail
