 21319374  1 1 PASS
  1841543  1 0 ses2MesFail
 27589601  1 0 AltDetFail
  2013258  1 0 ses2MesFail
 27424903  1 1 PASS
  2234692  1 0 AltDetFail
  2234692  2 0 AltDetFail
  2234692  3 0 AltDetFail
 28498786  1 1 PASS
 28498786  2 0 AltDetFail
  2234723  1 1 PASS
  2234723  2 0 AltDetFail
 28586609  1 1 PASS
 28586609  2 0 SecondaryOfPN_01
  2236015  1 1 PASS
  2236015  2 0 AltDetFail
 28900646  1 1 PASS
  2236662  1 0 ses2MesFail
 29072734  1 1 PASS
  2433753  1 1 PASS
 29408858  1 1 PASS
  2434608  1 0 ses2MesFail
 29555981  1 1 PASS
  2595273  1 1 PASS
 48357756  1 1 PASS
 48357756  2 0 AltDetFail
  2852467  1 0 newMesShrink
 48499902  1 0 ses2MesFail
  2853085  1 0 ses2MesFail
 50849800  1 1 PASS
 50849800  2 0 SecondaryOfPN_01
 50849800  3 0 AltDetFail
  2947282  1 1 PASS
  2947282  2 0 AltDetFail
 56626996  1 0 ses2MesFail
  3033448  1 0 ses2MesFail
 56626987  1 1 PASS
  3034524  1 1 PASS
  3034524  2 0 AltDetFail
 56658816  1 0 ChasesFail
  3547397  1 0 AltDetFail
  3547397  2 0 AltDetFail
 58108085  1 0 ses2MesFail
  8306594  1 0 ses2MesFail
 58177093  1 0 ses2MesFail
 58177093  2 0 newMesBelowThresh
 58177093  3 0 ChasesFail
  8400842  1 1 PASS
 58229181  1 0 ChasesFail
 58229181  2 1 PASS
  8895896  1 1 PASS
  8895896  2 0 SecondaryOfPN_01
 58231482  1 0 ses2MesFail
 58231482  2 0 ses2MesFail
 58231482  3 0 ChasesFail
  9492606  1 0 AltDetFail
 58287935  1 1 PASS
  9894952  1 0 ses2MesFail
 58288494  1 0 ses2MesFail
 20969215  1 0 ses2MesFail
 58366488  1 0 ses2MesFail
 21133246  1 0 AltDetFail
 53085065  1 0 newMesBelowThresh
 53085065  2 0 ses2MesFail
 53085065  3 0 ses2MesFail
 53085065  4 0 ChasesFail
 53085065  5 0 AltDetFail
 53085065  6 0 AltDetFail
 56625009  1 0 newMesBelowThresh
 58467533  1 0 ses2MesFail
 58540876  1 1 PASS
 58540876  2 0 ses2MesFail
 58542531  1 1 PASS
 59739922  1 0 AltDetFail
 59834339  1 1 PASS
 59834339  2 0 SecondaryOfPN_01
 62257830  1 0 AltDetFail
 62257830  2 0 AltDetFail
 67186251  1 1 PASS
 67186251  2 0 SecondaryOfPN_01
 67294814  1 0 ses2MesFail
 67296459  1 1 PASS
 67296459  2 0 AltDetFail
 67298931  1 0 ChasesFail
 67360334  1 1 PASS
 70927360  1 0 AltDetFail
 70999666  1 1 PASS
 70999666  2 0 SecondaryOfPN_01
 71038757  1 0 ChasesFail
 71038757  2 1 PASS
 71038757  3 0 ChasesFail
 71038757  4 0 AltDetFail
 71038757  5 0 AltDetFail
 71103363  1 0 ses2MesFail
 71103363  2 0 SecondaryOfPN_01
 73017653  1 0 AltDetFail
 81390067  1 0 ses2MesFail
 81913475  1 1 PASS
 81913475  2 0 AltDetFail
 82239365  1 0 ChasesFail
 82337809  1 1 PASS
 82884753  1 0 AltDetFail
 82886347  1 1 PASS
 84475101  1 0 ChasesFail
 85031598  1 1 PASS
 85371626  1 1 PASS
 85668676  1 1 PASS
 85743488  1 0 AltDetFail
 85743488  2 0 AltDetFail
 85785338  1 1 PASS
 85785338  2 0 newMesShrink
 85785338  3 0 SecondaryOfPN_01
 85785338  4 0 AltDetFail
 85849448  1 0 ses2MesFail
 86081744  1 1 PASS
 86081744  2 0 SecondaryOfPN_01
 86532559  1 1 PASS
 87094608  1 1 PASS
 87251422  1 1 PASS
 87251422  2 0 ses2MesFail
 87303050  1 0 ses2MesFail
 87303050  2 0 ses2MesFail
 87304178  1 0 ses2MesFail
 87429086  1 1 PASS
 87429086  2 0 SecondaryOfPN_01
 87796490  1 0 AltDetFail
 87796490  2 0 AltDetFail
 96201850  1 0 ses2MesFail
 96205005  1 0 ses2MesFail
 96205005  2 0 ses2MesFail
 96205005  3 0 ses2MesFail
 96432881  1 0 ses2MesFail
 96791888  1 0 ses2MesFail
 99391575  1 1 PASS
 99430670  1 0 AltDetFail
 99430670  2 0 AltDetFail
102672709  1 1 PASS
102680848  1 1 PASS
102807490  1 1 PASS
103448870  1 1 PASS
103448870  2 0 ses2MesFail
103449681  1 0 AltDetFail
103452621  1 1 PASS
103452621  2 0 SecondaryOfPN_01
103565448  1 0 ses2MesFail
103565448  2 0 ses2MesFail
103565448  3 0 ses2MesFail
103566595  1 1 PASS
104611472  1 0 ses2MesFail
104658234  1 0 ses2MesFail
104743460  1 1 PASS
104743460  2 0 SecondaryOfPN_01
104975120  1 1 PASS
104975120  2 0 SecondaryOfPN_01
105233028  1 1 PASS
105233028  2 0 SecondaryOfPN_01
115050838  1 0 ses2MesFail
115052682  1 1 PASS
115452855  1 0 ses2MesFail
115642115  1 0 ses2MesFail
115980439  1 1 PASS
116254596  1 0 ChasesFail
116260314  1 1 PASS
116853937  1 1 PASS
116853937  2 0 AltDetFail
116864436  1 0 ses2MesFail
117099990  1 1 PASS
117099990  2 0 SecondaryOfPN_01
117101700  1 1 PASS
121966220  1 1 PASS
122104276  1 1 PASS
122275115  1 1 PASS
122275115  2 0 ses2MesFail
122275115  3 0 ses2MesFail
122771575  1 0 ses2MesFail
127584240  1 0 ses2MesFail
127845671  1 1 PASS
137121812  1 0 AltDetFail
137121812  2 0 AltDetFail
137200814  1 1 PASS
137205922  1 1 PASS
137206215  1 0 ChasesFail
137394346  1 0 ses2MesFail
137501278  1 1 PASS
137985716  1 0 ChasesFail
138168262  1 0 ChasesFail
138168262  2 0 ChasesFail
138168780  1 1 PASS
138171285  1 0 ses2MesFail
138399197  1 0 ses2MesFail
138476641  1 1 PASS
138476641  2 0 ChasesFail
140627676  1 0 AltDetFail
140736015  1 1 PASS
140804999  1 1 PASS
140804999  2 0 AltDetFail
140864169  1 1 PASS
140864169  2 0 AltDetFail
141525324  1 1 PASS
141525324  2 0 SecondaryOfPN_01
141533801  1 0 ses2MesFail
141533801  2 0 ChasesFail
141602778  1 0 ses2MesFail
141620020  1 1 PASS
142047616  1 0 AltDetFail
142047616  2 0 AltDetFail
142090065  1 1 PASS
142154041  1 1 PASS
142154041  2 0 SecondaryOfPN_01
143499878  1 0 ses2MesFail
143499878  2 0 ChasesFail
143959183  1 1 PASS
143959183  2 0 SecondaryOfPN_01
143959183  3 0 AltDetFail
148211681  1 0 AltDetFail
148392309  1 1 PASS
148517781  1 1 PASS
148522657  1 0 ses2MesFail
150125720  1 0 ChasesFail
154339226  1 0 AltDetFail
154339226  2 0 AltDetFail
154840461  1 1 PASS
154872375  1 1 PASS
155352386  1 1 PASS
155352386  2 0 ChasesFail
155479809  1 1 PASS
155479809  2 0 SecondaryOfPN_01
155669153  1 1 PASS
155669153  2 0 SecondaryOfPN_01
155742582  1 0 ses2MesFail
156091346  1 1 PASS
156094450  1 0 ses2MesFail
156282541  1 1 PASS
156364508  1 0 ses2MesFail
156414921  1 0 ses2MesFail
156414921  2 0 AltDetFail
156719482  1 1 PASS
157999789  1 0 ses2MesFail
158002130  1 1 PASS
159290668  1 0 ses2MesFail
159296833  1 1 PASS
159298033  1 0 ses2MesFail
159298033  2 0 ses2MesFail
159298033  3 0 ses2MesFail
159298033  4 0 ChasesFail
159298033  5 0 ses2MesFail
159336052  1 1 PASS
159345743  1 1 PASS
159466193  1 0 AltDetFail
159510109  1 0 ses2MesFail
159510109  2 0 ses2MesFail
160195393  1 0 AltDetFail
160418603  1 1 PASS
160419850  1 0 ses2MesFail
160421752  1 0 ses2MesFail
160423353  1 0 newMesShrink
160425283  1 0 AltDetFail
160425283  2 0 AltDetFail
160472514  1 0 ses2MesFail
160519380  1 0 AltDetFail
160535706  1 0 ses2MesFail
160585813  1 1 PASS
160601758  1 1 PASS
160602230  1 0 ses2MesFail
160618494  1 1 PASS
160618494  2 0 SecondaryOfPN_01
160618494  3 0 newMesShrink
160619243  1 1 PASS
171084337  1 0 AltDetFail
171158545  1 0 ses2MesFail
171200611  1 0 ChasesFail
174757717  1 1 PASS
174765774  1 0 ses2MesFail
174899748  1 1 PASS
174947583  1 0 ses2MesFail
174949325  1 1 PASS
187254179  1 1 PASS
187254179  2 0 AltDetFail
198212955  1 1 PASS
198236604  1 0 ses2MesFail
198242676  1 1 PASS
198242676  2 0 ses2MesFail
198242678  1 0 ses2MesFail
198242678  2 0 ChasesFail
198242678  3 0 ses2MesFail
198242678  4 0 AltDetFail
198280388  1 0 ChasesFail
198354443  1 0 AltDetFail
198354443  2 0 AltDetFail
198358825  1 0 ses2MesFail
198384408  1 1 PASS
198388252  1 0 ses2MesFail
198388252  2 0 ChasesFail
198390747  1 0 ChasesFail
198408416  1 1 PASS
198408416  2 0 SecondaryOfPN_01
198408416  3 0 AltDetFail
198416591  1 0 ses2MesFail
198457457  1 0 ses2MesFail
199574208  1 1 PASS
199574208  2 0 newMesShrink
199574208  3 0 newMesShrink
199574211  1 1 PASS
199574211  2 0 newMesBelowThresh
199574211  3 0 AltDetFail
199574211  4 0 AltDetFail
199666114  1 1 PASS
199666114  2 0 SecondaryOfPN_01
199666719  1 0 ses2MesFail
199666719  2 0 newMesShrink
199682037  1 0 AltDetFail
199682037  2 0 AltDetFail
199688409  1 1 PASS
199688409  2 0 AltDetFail
199688472  1 1 PASS
199709055  1 1 PASS
199715706  1 0 ses2MesFail
199716496  1 0 AltDetFail
199716496  2 0 AltDetFail
207435026  1 0 ses2MesFail
207465529  1 0 ses2MesFail
207493152  1 1 PASS
207493152  2 0 SecondaryOfPN_01
207496306  1 0 AltDetFail
207496306  2 0 AltDetFail
207496824  1 0 ses2MesFail
207496824  2 0 SecondaryOfPN_01
207497114  1 1 PASS
219096494  1 1 PASS
219740926  1 1 PASS
219750638  1 0 ses2MesFail
219750638  2 0 ses2MesFail
219750638  3 0 ses2MesFail
219750638  4 0 AltDetFail
219751969  1 1 PASS
219751969  2 0 AltDetFail
219765652  1 1 PASS
219771660  1 1 PASS
219771690  1 0 ses2MesFail
219788401  1 0 AltDetFail
219790149  1 0 ses2MesFail
219790149  2 0 ChasesFail
219790151  1 1 PASS
219790151  2 0 ChasesFail
219790151  3 1 PASS
219791033  1 1 PASS
219791033  2 0 AltDetFail
219850915  1 1 PASS
219857398  1 0 ses2MesFail
219859691  1 1 PASS
219859691  2 0 AltDetFail
219860549  1 0 ses2MesFail
219882262  1 1 PASS
219897786  1 1 PASS
219900027  1 1 PASS
219900027  2 0 AltDetFail
224601129  1 0 ses2MesFail
229400643  1 1 PASS
229400643  2 0 AltDetFail
229442487  1 0 ses2MesFail
229487733  1 1 PASS
229501295  1 0 ses2MesFail
229585356  1 0 AltDetFail
229585356  2 0 AltDetFail
229585365  1 1 PASS
229585542  1 0 ses2MesFail
229585542  2 0 ses2MesFail
229615589  1 1 PASS
229639058  1 0 AltDetFail
229640059  1 0 ses2MesFail
229647609  1 1 PASS
229687624  1 0 newMesShrink
229687624  2 1 PASS
229751802  1 1 PASS
229751802  2 0 AltDetFail
229771234  1 0 AltDetFail
229776076  1 0 ses2MesFail
229776076  2 0 SecondaryOfPN_01
229780215  1 1 PASS
229783705  1 0 ChasesFail
229791903  1 1 PASS
229791903  2 0 SecondaryOfPN_01
229791903  3 0 AltDetFail
229791903  4 0 AltDetFail
229913521  1 1 PASS
229913521  2 0 ChasesFail
229970360  1 1 PASS
229975095  1 1 PASS
230017324  1 1 PASS
230079674  1 1 PASS
230086768  1 0 ses2MesFail
230088370  1 1 PASS
230114503  1 0 ses2MesFail
230121228  1 1 PASS
230127302  1 1 PASS
230127302  2 1 PASS
230131178  1 0 ChasesFail
230136846  1 1 PASS
232609546  1 1 PASS
232612416  1 1 PASS
232629077  1 1 PASS
232629077  2 0 SecondaryOfPN_01
232634180  1 1 PASS
232634196  1 0 ses2MesFail
232634196  2 0 ChasesFail
232634196  3 0 SecondaryOfPN_01
232643392  1 1 PASS
232643392  2 0 SecondaryOfPN_01
232649837  1 0 AltDetFail
232649837  2 0 AltDetFail
232649837  3 0 AltDetFail
232985036  1 1 PASS
233008502  1 0 ses2MesFail
233010801  1 0 ses2MesFail
233079659  1 1 PASS
233080133  1 0 AltDetFail
233087860  1 1 PASS
233120979  1 1 PASS
233128614  1 0 ses2MesFail
233131533  1 0 ChasesFail
233131533  2 0 ses2MesFail
233131533  3 0 ses2MesFail
233193944  1 1 PASS
233193944  2 0 SecondaryOfPN_01
233205987  1 0 ses2MesFail
233205987  2 1 PASS
233207585  1 0 AltDetFail
233207585  2 0 AltDetFail
233208885  1 1 PASS
233208885  2 0 ses2MesFail
233211762  1 1 PASS
233233639  1 0 AltDetFail
233233639  2 0 AltDetFail
233532554  1 0 ses2MesFail
233532554  2 0 ses2MesFail
233539736  1 1 PASS
233541860  1 0 AltDetFail
233608839  1 1 PASS
233679640  1 1 PASS
233679640  2 0 newMesBelowThresh
233679640  3 0 ses2MesFail
233681149  1 1 PASS
233684822  1 1 PASS
233689243  1 1 PASS
233720276  1 1 PASS
233720276  2 0 AltDetFail
233735068  1 1 PASS
233738219  1 0 ses2MesFail
235679010  1 0 ChasesFail
235683377  1 1 PASS
235714229  1 0 newMesBelowThresh
235717346  1 0 ses2MesFail
235718636  1 1 PASS
235930066  1 0 ses2MesFail
235982927  1 1 PASS
235985439  1 1 PASS
236776750  1 1 PASS
236776750  2 0 AltDetFail
236778355  1 1 PASS
236778955  1 0 ses2MesFail
236778955  2 1 PASS
237097061  1 0 newMesBelowThresh
237098588  1 0 ses2MesFail
237116051  1 1 PASS
237116051  2 0 newMesBelowThresh
237116051  3 0 AltDetFail
237200188  1 1 PASS
237200747  1 0 ses2MesFail
237200747  2 1 PASS
237222539  1 0 AltDetFail
237277760  1 1 PASS
237277760  2 0 AltDetFail
237278994  1 0 ChasesFail
237286849  1 0 ses2MesFail
237306206  1 1 PASS
239004471  1 1 PASS
239004471  2 0 SecondaryOfPN_01
239022536  1 0 ses2MesFail
239052494  1 0 ses2MesFail
239052494  2 0 newMesShrink
239052494  3 0 ses2MesFail
239104484  1 1 PASS
239104484  2 0 SecondaryOfPN_01
239661117  1 0 AltDetFail
239661117  2 0 AltDetFail
239668781  1 0 ses2MesFail
239784112  1 0 ses2MesFail
239816765  1 0 ses2MesFail
239819975  1 0 ChasesFail
239830810  1 0 ses2MesFail
239837224  1 0 ChasesFail
243354593  1 1 PASS
252214164  1 0 ses2MesFail
252294709  1 1 PASS
252294709  2 0 SecondaryOfPN_01
252442473  1 1 PASS
252442473  2 0 SecondaryOfPN_01
252442473  3 0 AltDetFail
256298934  1 0 ChasesFail
256298934  2 0 SecondaryOfPN_01
256298934  3 0 ChasesFail
256770297  1 0 ChasesFail
258351350  1 1 PASS
258509996  1 1 PASS
258773798  1 0 AltDetFail
258777137  1 1 PASS
258799793  1 0 AltDetFail
258799793  2 0 AltDetFail
258826816  1 0 ses2MesFail
258954458  1 0 ChasesFail
258954817  1 1 PASS
259006174  1 1 PASS
259006185  1 1 PASS
259006185  2 0 SecondaryOfPN_01
259126645  1 1 PASS
259126645  2 0 newMesShrink
259126645  3 0 newMesBelowThresh
259126645  4 0 newMesBelowThresh
259166291  1 1 PASS
259168516  1 1 PASS
259322368  1 0 ses2MesFail
259322434  1 0 newMesBelowThresh
259500092  1 0 ses2MesFail
259500358  1 0 ses2MesFail
259603285  1 0 AltDetFail
260058315  1 0 AltDetFail
260478421  1 1 PASS
261353333  1 1 PASS
263968694  1 0 ses2MesFail
263968694  2 0 AltDetFail
264051559  1 1 PASS
264052522  1 0 ses2MesFail
264052522  2 0 ses2MesFail
264101177  1 0 ChasesFail
264101177  2 1 PASS
264221409  1 0 ses2MesFail
265579763  1 1 PASS
265684256  1 0 ses2MesFail
265767012  1 1 PASS
265767012  2 0 ses2MesFail
265767012  3 0 AltDetFail
265869770  1 1 PASS
266058038  1 0 AltDetFail
266220739  1 1 PASS
266220739  2 0 SecondaryOfPN_01
266336252  1 1 PASS
266341688  1 0 ses2MesFail
266394699  1 1 PASS
266493396  1 0 ses2MesFail
266958963  1 1 PASS
266958963  2 1 PASS
267574918  1 1 PASS
268171869  1 0 ses2MesFail
268318645  1 0 ses2MesFail
268334473  1 1 PASS
268403738  1 1 PASS
268404844  1 1 PASS
268404844  2 0 SecondaryOfPN_01
269696438  1 1 PASS
269698422  1 1 PASS
269701147  1 1 PASS
269701147  2 1 PASS
270526513  1 0 ses2MesFail
272781956  1 0 ses2MesFail
272781956  2 0 SecondaryOfPN_01
272785770  1 0 ses2MesFail
272785770  2 0 ChasesFail
274601313  1 1 PASS
274602479  1 0 ses2MesFail
274602479  2 0 AltDetFail
275259749  1 1 PASS
275259749  2 0 ChasesFail
275259749  3 0 ses2MesFail
275259749  4 0 SecondaryOfPN_01
275259749  5 0 SecondaryOfPN_01
275367529  1 1 PASS
275860377  1 1 PASS
275911914  1 1 PASS
275911914  2 0 ses2MesFail
276231175  1 0 AltDetFail
279202406  1 0 ses2MesFail
279202406  2 0 SecondaryOfPN_01
279462605  1 1 PASS
280031832  1 1 PASS
280033918  1 0 AltDetFail
280033934  1 0 AltDetFail
280321964  1 1 PASS
280321964  2 0 SecondaryOfPN_01
280416535  1 0 ses2MesFail
280626089  1 1 PASS
280626089  2 0 SecondaryOfPN_01
280687143  1 1 PASS
280981791  1 1 PASS
281114303  1 1 PASS
281114303  2 0 SecondaryOfPN_01
281486906  1 1 PASS
281486906  2 0 SecondaryOfPN_01
284748746  1 0 ses2MesFail
284891601  1 1 PASS
286031430  1 1 PASS
286031430  2 0 AltDetFail
286043955  1 0 ses2MesFail
286107039  1 0 ses2MesFail
286489240  1 0 ses2MesFail
286489240  2 1 PASS
286566392  1 0 AltDetFail
286566392  2 0 AltDetFail
286644608  1 0 AltDetFail
287085893  1 0 AltDetFail
287085893  2 0 AltDetFail
287085893  3 0 AltDetFail
287151976  1 1 PASS
287151976  2 0 SecondaryOfPN_01
287151976  3 0 ses2MesFail
287151976  4 1 PASS
288312840  1 1 PASS
288312840  2 0 SecondaryOfPN_01
288312840  3 0 AltDetFail
288312840  4 0 AltDetFail
288344202  1 0 ChasesFail
288344202  2 0 ses2MesFail
288344202  3 0 ses2MesFail
288354068  1 0 ses2MesFail
288391801  1 0 ChasesFail
288391863  1 0 ses2MesFail
288471108  1 1 PASS
288471108  2 0 SecondaryOfPN_01
288507910  1 1 PASS
288525131  1 1 PASS
288609424  1 0 ses2MesFail
288636342  1 1 PASS
288735205  1 1 PASS
288857260  1 1 PASS
288857260  2 0 AltDetFail
288979840  1 1 PASS
288979840  2 0 SecondaryOfPN_01
288979840  3 0 ses2MesFail
289040470  1 0 ses2MesFail
289044378  1 0 ses2MesFail
289044378  2 0 ses2MesFail
289382202  1 1 PASS
289564387  1 1 PASS
289564387  2 0 SecondaryOfPN_01
289584752  1 1 PASS
289815523  1 0 AltDetFail
289815523  2 0 AltDetFail
289830925  1 0 AltDetFail
289947843  1 0 ses2MesFail
289949453  1 1 PASS
289949453  2 0 SecondaryOfPN_01
289949453  3 1 PASS
289970992  1 1 PASS
297647356  1 1 PASS
297647356  2 0 ses2MesFail
297899564  1 1 PASS
297899564  2 0 ses2MesFail
298363685  1 1 PASS
298665328  1 1 PASS
298666530  1 1 PASS
298734307  1 0 AltDetFail
302625238  1 0 ChasesFail
302683676  1 0 ses2MesFail
302771290  1 1 PASS
302771290  2 0 AltDetFail
302773669  1 0 ses2MesFail
303255899  1 1 PASS
303256075  1 0 ChasesFail
309124550  1 1 PASS
309600985  1 1 PASS
309600985  2 0 SecondaryOfPN_01
310634695  1 0 ses2MesFail
310634695  2 0 ChasesFail
310634695  3 0 ses2MesFail
310785613  1 1 PASS
310785613  2 0 SecondaryOfPN_01
310791263  1 0 ses2MesFail
310897084  1 1 PASS
310897084  2 0 AltDetFail
311062274  1 1 PASS
311062274  2 0 ses2MesFail
311062274  3 0 SecondaryOfPN_01
311121985  1 1 PASS
311188656  1 1 PASS
311774126  1 1 PASS
311774126  2 0 AltDetFail
312115976  1 1 PASS
312353805  1 1 PASS
312686747  1 0 ChasesFail
313028417  1 1 PASS
313142195  1 1 PASS
313142195  2 0 SecondaryOfPN_01
313197303  1 1 PASS
313294818  1 0 AltDetFail
313294818  2 0 AltDetFail
313294818  3 0 AltDetFail
314590329  1 1 PASS
315810194  1 0 AltDetFail
315937374  1 1 PASS
315937374  2 0 AltDetFail
316249183  1 1 PASS
316249183  2 0 SecondaryOfPN_01
316250867  1 1 PASS
316250867  2 0 AltDetFail
317439826  1 0 ses2MesFail
317674257  1 1 PASS
317681251  1 1 PASS
317681251  2 0 SecondaryOfPN_01
320323992  1 0 AltDetFail
320785922  1 1 PASS
320947341  1 1 PASS
320947341  2 0 AltDetFail
321041369  1 1 PASS
322163618  1 0 ses2MesFail
322163618  2 0 ses2MesFail
322219420  1 1 PASS
322347559  1 0 AltDetFail
322549898  1 1 PASS
322549898  2 0 newMesShrink
322578865  1 0 AltDetFail
322578865  2 0 AltDetFail
327873544  1 0 ses2MesFail
327873544  2 0 ses2MesFail
329246824  1 1 PASS
329246824  2 0 AltDetFail
329248002  1 0 ses2MesFail
333527240  1 1 PASS
333529137  1 0 AltDetFail
333529137  2 0 AltDetFail
333534431  1 1 PASS
334230880  1 1 PASS
336006563  1 1 PASS
339252712  1 0 ses2MesFail
339393951  1 0 AltDetFail
347044473  1 1 PASS
347128725  1 0 newMesBelowThresh
347130362  1 1 PASS
347130362  2 0 SecondaryOfPN_01
347728752  1 0 ses2MesFail
349579586  1 0 ses2MesFail
349667325  1 1 PASS
349692885  1 1 PASS
349692885  2 0 AltDetFail
349692885  3 0 AltDetFail
350071100  1 0 ChasesFail
350071946  1 0 AltDetFail
350071946  2 0 AltDetFail
352940699  1 1 PASS
353129911  1 1 PASS
353475866  1 1 PASS
353482844  1 0 AltDetFail
353482844  2 0 AltDetFail
353482844  3 0 AltDetFail
353565609  1 0 ses2MesFail
353565609  2 0 ses2MesFail
353565609  3 0 ChasesFail
353565609  4 0 ses2MesFail
353565609  5 0 ses2MesFail
353780788  1 0 AltDetFail
353839780  1 0 ses2MesFail
353854078  1 0 ses2MesFail
353854078  2 0 ses2MesFail
353854078  3 0 SecondaryOfPN_01
353854078  4 0 SecondaryOfPN_01
353894978  1 0 ses2MesFail
353898013  1 0 ses2MesFail
353939279  1 1 PASS
353939279  2 0 SecondaryOfPN_01
353939279  3 0 newMesShrink
353962058  1 0 ses2MesFail
353962058  2 0 AltDetFail
353989471  1 1 PASS
354023414  1 1 PASS
354023414  2 0 SecondaryOfPN_01
354246759  1 1 PASS
354437781  1 1 PASS
354437781  2 0 SecondaryOfPN_01
354535363  1 1 PASS
354785938  1 0 AltDetFail
354785938  2 0 AltDetFail
354872568  1 0 AltDetFail
354877289  1 1 PASS
354922610  1 1 PASS
354926863  1 1 PASS
354926863  2 0 SecondaryOfPN_01
354970764  1 0 ses2MesFail
355010562  1 1 PASS
356015357  1 0 ses2MesFail
356015357  2 0 SecondaryOfPN_01
356471230  1 0 ses2MesFail
356597768  1 0 AltDetFail
356597768  2 0 AltDetFail
356641568  1 1 PASS
356641568  2 0 SecondaryOfPN_01
356701798  1 1 PASS
356820646  1 1 PASS
356820646  2 0 SecondaryOfPN_01
356820646  3 0 SecondaryOfPN_01
356867115  1 1 PASS
356896550  1 0 AltDetFail
356896561  1 0 ses2MesFail
356896561  2 0 AltDetFail
356978132  1 0 ses2MesFail
357032546  1 1 PASS
357032546  2 0 ses2MesFail
357032546  3 0 ChasesFail
357032575  1 1 PASS
357032575  2 0 ses2MesFail
357045189  1 0 ses2MesFail
357050556  1 1 PASS
357050556  2 0 SecondaryOfPN_01
357050556  3 0 AltDetFail
357243349  1 0 ses2MesFail
357744369  1 1 PASS
357744369  2 0 AltDetFail
358017960  1 0 AltDetFail
358018612  1 1 PASS
359497418  1 1 PASS
359497418  2 0 SecondaryOfPN_01
359631482  1 0 AltDetFail
359631482  2 0 AltDetFail
359631482  3 0 AltDetFail
359675849  1 1 PASS
359675849  2 0 SecondaryOfPN_01
359676320  1 0 AltDetFail
359676320  2 0 SecondaryOfPN_01
359676320  3 0 AltDetFail
359677968  1 0 ChasesFail
359677968  2 0 ses2MesFail
359677968  3 1 PASS
359678111  1 0 AltDetFail
359679943  1 0 ses2MesFail
362103921  1 1 PASS
362104293  1 1 PASS
362226269  1 1 PASS
362259855  1 1 PASS
362259855  2 0 SecondaryOfPN_01
364119315  1 0 AltDetFail
364119315  2 0 AltDetFail
364119315  3 0 AltDetFail
364120439  1 1 PASS
364186197  1 1 PASS
366311262  1 0 ses2MesFail
366517337  1 0 AltDetFail
366517381  1 1 PASS
366517381  2 0 SecondaryOfPN_01
366517491  1 1 PASS
366560963  1 0 ChasesFail
366634379  1 0 AltDetFail
366634379  2 0 AltDetFail
366715078  1 1 PASS
366715078  2 0 SecondaryOfPN_01
366718627  1 1 PASS
366718627  2 0 ses2MesFail
366918222  1 1 PASS
366972961  1 1 PASS
366975905  1 0 AltDetFail
366975905  2 0 AltDetFail
366975905  3 0 AltDetFail
367076284  1 0 ses2MesFail
367076284  2 1 PASS
367096163  1 0 ses2MesFail
367106469  1 1 PASS
367106469  2 0 AltDetFail
367106469  3 0 AltDetFail
367110550  1 0 ses2MesFail
367110550  2 0 ses2MesFail
367110550  3 0 ses2MesFail
367351021  1 0 AltDetFail
367359393  1 0 ses2MesFail
367366318  1 1 PASS
367373358  1 0 ses2MesFail
367448265  1 0 AltDetFail
367681735  1 0 AltDetFail
367681735  2 0 AltDetFail
367682011  1 0 ses2MesFail
367793563  1 0 ses2MesFail
367793563  2 0 newMesShrink
367843143  1 0 ses2MesFail
367843143  2 0 ses2MesFail
367843707  1 1 PASS
368118204  1 0 ses2MesFail
368180294  1 1 PASS
368180294  2 0 SecondaryOfPN_01
368180294  3 0 AltDetFail
368483044  1 0 ses2MesFail
369134092  1 1 PASS
369283035  1 1 PASS
369334982  1 1 PASS
371706494  1 0 ses2MesFail
371706494  2 0 ses2MesFail
372758722  1 1 PASS
372758722  2 0 SecondaryOfPN_01
372758788  1 0 ses2MesFail
373128383  1 1 PASS
373128383  2 0 ses2MesFail
373128383  3 0 ses2MesFail
373128383  4 0 AltDetFail
373283314  1 0 AltDetFail
373328406  1 1 PASS
373328406  2 0 SecondaryOfPN_01
373462311  1 1 PASS
376087281  1 0 ses2MesFail
376354629  1 1 PASS
376589519  1 0 AltDetFail
376589519  2 0 AltDetFail
376593757  1 0 AltDetFail
376595143  1 0 ses2MesFail
376595143  2 0 SecondaryOfPN_01
376928980  1 0 ses2MesFail
377190161  1 1 PASS
377190161  2 0 newMesShrink
377190161  3 0 newMesBelowThresh
377190658  1 0 AltDetFail
377192659  1 1 PASS
377192659  2 0 ses2MesFail
377192675  1 1 PASS
377251803  1 0 AltDetFail
377251803  2 0 AltDetFail
377251803  3 0 AltDetFail
377253090  1 0 AltDetFail
377257650  1 1 PASS
377296926  1 0 AltDetFail
377296926  2 0 AltDetFail
377307592  1 1 PASS
377307592  2 0 SecondaryOfPN_01
377731192  1 1 PASS
377731192  2 0 AltDetFail
377731192  3 0 AltDetFail
379376585  1 1 PASS
379376585  2 0 ses2MesFail
379376585  3 0 SecondaryOfPN_01
379631121  1 1 PASS
383553114  1 1 PASS
383676981  1 1 PASS
387020248  1 0 ses2MesFail
387757610  1 1 PASS
388602832  1 0 AltDetFail
388602832  2 0 AltDetFail
389916225  1 1 PASS
389916225  2 0 SecondaryOfPN_01
389916225  3 0 AltDetFail
390661644  1 1 PASS
391613238  1 0 ses2MesFail
392536805  1 1 PASS
392536812  1 0 AltDetFail
392674926  1 0 ses2MesFail
392890396  1 0 ChasesFail
394030788  1 0 ChasesFail
394030788  2 0 ChasesFail
394030788  3 0 ChasesFail
394089846  1 1 PASS
395390452  1 0 ChasesFail
396240233  1 1 PASS
396240233  2 0 AltDetFail
396486931  1 1 PASS
396486931  2 0 SecondaryOfPN_01
396562848  1 1 PASS
396607495  1 1 PASS
396655661  1 0 AltDetFail
396655661  2 0 AltDetFail
396713719  1 1 PASS
396740648  1 1 PASS
397100292  1 1 PASS
397100292  2 0 SecondaryOfPN_01
397155442  1 1 PASS
397184624  1 1 PASS
397184624  2 0 SecondaryOfPN_01
398327107  1 0 ses2MesFail
399689377  1 1 PASS
399737080  1 1 PASS
399737080  2 0 AltDetFail
399788405  1 0 AltDetFail
399797809  1 1 PASS
399832376  1 1 PASS
399832376  2 0 ses2MesFail
399962207  1 0 AltDetFail
399962207  2 0 AltDetFail
399962207  3 0 AltDetFail
400825015  1 1 PASS
401323036  1 0 AltDetFail
401323036  2 0 AltDetFail
401323036  3 0 AltDetFail
401323036  4 0 AltDetFail
402980664  1 1 PASS
402980664  2 0 SecondaryOfPN_01
402980664  3 0 AltDetFail
403090999  1 1 PASS
403090999  2 0 SecondaryOfPN_01
403882661  1 1 PASS
406681360  1 1 PASS
406832259  1 0 ChasesFail
406832259  2 0 ChasesFail
406832261  1 0 ses2MesFail
406832261  2 1 PASS
406927453  1 0 ChasesFail
407515765  1 1 PASS
407515765  2 0 SecondaryOfPN_01
407515765  3 0 AltDetFail
408387447  1 0 ses2MesFail
408601710  1 0 newMesBelowThresh
408651394  1 1 PASS
408651394  2 0 AltDetFail
408651399  1 1 PASS
408727812  1 0 ses2MesFail
408727812  2 0 ses2MesFail
408937625  1 0 ChasesFail
409056401  1 1 PASS
409213800  1 1 PASS
409905448  1 0 ses2MesFail
416195870  1 1 PASS
416309828  1 1 PASS
416884385  1 0 AltDetFail
416947584  1 1 PASS
416947584  2 0 AltDetFail
417703706  1 1 PASS
417705690  1 1 PASS
417728463  1 1 PASS
417728778  1 0 ses2MesFail
417728778  2 0 ses2MesFail
417728778  3 0 SecondaryOfPN_01
417735733  1 0 ses2MesFail
417765877  1 1 PASS
417765877  2 0 SecondaryOfPN_01
417885833  1 1 PASS
417885833  2 0 SecondaryOfPN_01
418015374  1 1 PASS
418018709  1 0 ses2MesFail
418223905  1 1 PASS
418244848  1 1 PASS
418244848  2 0 AltDetFail
418257102  1 0 AltDetFail
418292424  1 1 PASS
418292424  2 0 SecondaryOfPN_01
418343229  1 0 AltDetFail
418344969  1 1 PASS
418344969  2 0 SecondaryOfPN_01
418344969  3 0 AltDetFail
420110967  1 1 PASS
420113351  1 0 ses2MesFail
420113351  2 0 ses2MesFail
420113351  3 0 ses2MesFail
420114772  1 1 PASS
420114772  2 0 SecondaryOfPN_01
420137341  1 1 PASS
420137341  2 0 SecondaryOfPN_01
420574964  1 0 ses2MesFail
420645189  1 0 ses2MesFail
420645952  1 1 PASS
420645952  2 0 SecondaryOfPN_01
420757505  1 0 ses2MesFail
421334320  1 0 ses2MesFail
422756130  1 1 PASS
424439457  1 0 ses2MesFail
424439457  2 0 ses2MesFail
424461577  1 1 PASS
424461577  2 0 AltDetFail
426145772  1 0 ses2MesFail
426389397  1 1 PASS
426389397  2 0 SecondaryOfPN_01
428249301  1 1 PASS
428257299  1 1 PASS
428257299  2 0 AltDetFail
428260264  1 1 PASS
428444188  1 0 AltDetFail
428534573  1 0 ses2MesFail
428676619  1 1 PASS
428679607  1 1 PASS
428735978  1 0 AltDetFail
428735978  2 0 newMesShrink
428735978  3 0 SecondaryOfPN_01
428735978  4 0 AltDetFail
428761512  1 0 ChasesFail
428761512  2 0 ses2MesFail
428767557  1 1 PASS
428767557  2 0 SecondaryOfPN_01
428784674  1 1 PASS
428784674  2 0 SecondaryOfPN_01
428795527  1 1 PASS
428795527  2 0 SecondaryOfPN_01
428981401  1 1 PASS
428988656  1 1 PASS
429010536  1 0 ses2MesFail
429021446  1 0 ses2MesFail
429021446  2 0 ses2MesFail
430334921  1 0 ses2MesFail
440356810  1 0 ses2MesFail
440356810  2 0 ses2MesFail
440459327  1 1 PASS
440459327  2 0 AltDetFail
440479034  1 0 ses2MesFail
440524030  1 0 ses2MesFail
440529709  1 1 PASS
441717812  1 0 ChasesFail
441732151  1 1 PASS
441734144  1 0 AltDetFail
441734144  2 0 AltDetFail
441734910  1 0 ses2MesFail
441739020  1 0 ses2MesFail
441739153  1 0 ses2MesFail
441739153  2 0 ses2MesFail
441762221  1 1 PASS
441792937  1 0 ses2MesFail
441804674  1 1 PASS
441804674  2 0 SecondaryOfPN_01
441804888  1 1 PASS
441808796  1 1 PASS
445715549  1 0 AltDetFail
445805961  1 0 ses2MesFail
446092384  1 0 ses2MesFail
450182870  1 0 ses2MesFail
450228309  1 0 ses2MesFail
459173473  1 1 PASS
459894730  1 1 PASS
459978466  1 1 PASS
459978466  2 0 AltDetFail
461498341  1 0 ses2MesFail
461498341  2 0 ChasesFail
461512871  1 0 ChasesFail
461512872  1 0 newMesShrink
467076024  1 1 PASS
467113954  1 1 PASS
467181063  1 0 ses2MesFail
467354611  1 0 ses2MesFail
467722005  1 1 PASS
467722869  1 0 ses2MesFail
467784599  1 1 PASS
468293391  1 1 PASS
468343249  1 0 AltDetFail
468754960  1 1 PASS
468810471  1 1 PASS
468827257  1 0 ses2MesFail
470085533  1 1 PASS
470085533  2 0 SecondaryOfPN_01
470121167  1 1 PASS
470122265  1 0 ses2MesFail
470124714  1 1 PASS
470124714  2 0 SecondaryOfPN_01
470152814  1 0 ses2MesFail
470196589  1 0 ses2MesFail
470196589  2 0 ses2MesFail
470275219  1 0 AltDetFail
470275219  2 0 AltDetFail
470283916  1 1 PASS
470314334  1 1 PASS
470314334  2 0 SecondaryOfPN_01
470358759  1 1 PASS
470372494  1 0 ses2MesFail
470381900  1 1 PASS
470391356  1 1 PASS
470391356  2 0 SecondaryOfPN_01
470429964  1 1 PASS
470444880  1 1 PASS
470444880  2 0 AltDetFail
470499734  1 1 PASS
470677450  1 1 PASS
470677450  2 0 SecondaryOfPN_01
470679985  1 0 ses2MesFail
609742113  1 0 ses2MesFail
661540044  1 1 PASS
664915372  1 1 PASS
668878080  1 1 PASS
670710618  1 0 ses2MesFail
670710618  2 0 ses2MesFail
670710618  3 0 ses2MesFail
705138752  1 0 ses2MesFail
722865779  1 1 PASS
1400770435  1 1 PASS
1400770435  2 0 SecondaryOfPN_01
1884067686  1 0 ses2MesFail
1884091865  1 1 PASS
1884524546  1 0 ses2MesFail
1981434198  1 0 AltDetFail
2023948529  1 0 ses2MesFail
