 26597981  1 1 PASS
 26597981  2 0 SecondaryOfPN_01
 26597981  3 0 AltDetFail
 11119600  1 0 AltDetFail
 11119600  2 0 AltDetFail
 26748620  1 1 PASS
 12029932  1 0 ses2MesFail
 26656583  1 1 PASS
 26656583  2 0 AltDetFail
 12032513  1 1 PASS
 27006880  1 1 PASS
 12249935  1 0 AltDetFail
 27014182  1 0 AltDetFail
 12494582  1 0 AltDetFail
 12494582  2 0 AltDetFail
 27190451  1 1 PASS
 27190451  2 0 AltDetFail
 12915124  1 0 ses2MesFail
 12915124  2 0 AltDetFail
 27307817  1 0 ChasesFail
 13558301  1 1 PASS
 27312189  1 1 PASS
 27312189  2 0 SecondaryOfPN_01
 13684720  1 1 PASS
 27316805  1 0 ses2MesFail
 27316805  2 0 ses2MesFail
 27316805  3 0 ses2MesFail
 13968858  1 1 PASS
 13968858  2 0 AltDetFail
 27395746  1 1 PASS
 14207118  1 1 PASS
 14207118  2 0 AltDetFail
 27397122  1 1 PASS
 14323558  1 0 newMesShrink
 27766908  1 1 PASS
 14617089  1 1 PASS
 27845677  1 0 ses2MesFail
 15795549  1 0 AltDetFail
 27844498  1 1 PASS
 27844498  2 0 SecondaryOfPN_01
 15884352  1 1 PASS
 27846645  1 0 ses2MesFail
 16197544  1 1 PASS
 27915909  1 1 PASS
 27915909  2 0 SecondaryOfPN_01
 16728252  1 1 PASS
 16728252  2 0 AltDetFail
 16728252  3 0 AltDetFail
 28062141  1 0 AltDetFail
 28062141  2 0 AltDetFail
 16740101  1 1 PASS
 16740101  2 0 AltDetFail
 28159019  1 1 PASS
 28159019  2 0 SecondaryOfPN_01
 26489741  1 1 PASS
 28230919  1 1 PASS
 26538131  1 0 AltDetFail
 26538131  2 0 AltDetFail
 28304399  1 0 AltDetFail
 26542657  1 0 ses2MesFail
 26542657  2 0 SecondaryOfPN_01
 28304903  1 1 PASS
 28304903  2 0 AltDetFail
 26547036  1 0 ses2MesFail
 28359831  1 1 PASS
 26597569  1 1 PASS
 27767184  1 1 PASS
 27843942  1 1 PASS
 27843942  2 0 AltDetFail
 28369708  1 1 PASS
 28449295  1 1 PASS
 28449295  2 0 SecondaryOfPN_01
 40038743  1 0 ses2MesFail
 40038743  2 0 newMesBelowThresh
 40038743  3 0 newMesBelowThresh
 40038743  4 0 newMesBelowThresh
 40219040  1 0 AltDetFail
 40219040  2 0 AltDetFail
 40219040  3 0 AltDetFail
 40244907  1 1 PASS
 40244907  2 0 SecondaryOfPN_01
 40244907  3 0 ChasesFail
 40378419  1 0 ses2MesFail
 40378419  2 0 ChasesFail
 40623328  1 1 PASS
 41770470  1 0 AltDetFail
 41770470  2 0 AltDetFail
 41770470  3 0 AltDetFail
 41998476  1 0 ses2MesFail
 41998476  2 0 newMesShrink
 41998476  3 0 AltDetFail
 42244951  1 0 ses2MesFail
 42244951  2 0 AltDetFail
 42836593  1 1 PASS
 47579336  1 0 ChasesFail
 47579336  2 0 ChasesFail
 47579336  3 0 ses2MesFail
 47579336  4 0 ses2MesFail
 47579336  5 0 ChasesFail
 47579336  6 0 ses2MesFail
 47626069  1 0 ChasesFail
 47626069  2 1 PASS
 47626069  3 0 AltDetFail
 47757785  1 0 ses2MesFail
 47757785  2 0 SecondaryOfPN_01
 47762157  1 1 PASS
 47762157  2 0 SecondaryOfPN_01
 47762157  3 0 AltDetFail
 47974844  1 0 ses2MesFail
 48084398  1 1 PASS
 48191564  1 1 PASS
 48191564  2 0 SecondaryOfPN_01
 48217508  1 0 AltDetFail
 48217508  2 0 AltDetFail
 48220551  1 0 AltDetFail
 48220551  2 0 AltDetFail
 48356677  1 0 ses2MesFail
 48356677  2 0 SecondaryOfPN_01
 48357756  1 1 PASS
 48357756  2 0 AltDetFail
 48357756  3 0 AltDetFail
 48450535  1 1 PASS
 48450535  2 0 SecondaryOfPN_01
 48499902  1 1 PASS
 48499902  2 0 ses2MesFail
 48506689  1 1 PASS
 48506689  2 0 AltDetFail
 48507019  1 1 PASS
 51269322  1 0 ses2MesFail
 51269322  2 0 ses2MesFail
 51269322  3 0 ses2MesFail
 62916125  1 0 AltDetFail
 62916125  2 0 AltDetFail
 62916125  3 0 AltDetFail
 63068354  1 1 PASS
 63071165  1 1 PASS
 63071165  2 0 ses2MesFail
 63074282  1 1 PASS
 63126950  1 0 ses2MesFail
 63205800  1 1 PASS
 63291675  1 1 PASS
 63291675  2 0 SecondaryOfPN_01
 63291675  3 1 PASS
 63315565  1 0 AltDetFail
 63328020  1 0 AltDetFail
 63328020  2 0 AltDetFail
 63328020  3 0 AltDetFail
 63328020  4 0 AltDetFail
 63328020  5 0 AltDetFail
 63328020  6 0 AltDetFail
 63366439  1 1 PASS
 63367810  1 1 PASS
 63449090  1 1 PASS
 63451547  1 1 PASS
 63451547  2 0 SecondaryOfPN_01
 63451547  3 0 AltDetFail
 63452125  1 0 AltDetFail
 63454475  1 0 AltDetFail
 63700569  1 1 PASS
 63916460  1 1 PASS
 63916460  2 0 ses2MesFail
 64220043  1 0 newMesBelowThresh
 64220043  2 0 newMesBelowThresh
 64220043  3 0 newMesBelowThresh
 64220043  4 0 newMesBelowThresh
 64799884  1 1 PASS
 64799884  2 0 AltDetFail
 64904640  1 1 PASS
 64904640  2 0 SecondaryOfPN_01
 84069091  1 1 PASS
 84069091  2 0 SecondaryOfPN_01
 84069091  3 1 PASS
 84069091  4 0 ses2MesFail
 84070123  1 0 ses2MesFail
 84070123  2 0 SecondaryOfPN_01
 84070123  3 0 SecondaryOfPN_01
 84070123  4 0 AltDetFail
 89756665  1 0 AltDetFail
 89756665  2 0 AltDetFail
 90349611  1 0 ChasesFail
 90349611  2 0 ses2MesFail
 90349611  3 0 SecondaryOfPN_02
 90349611  4 0 SecondaryOfPN_02
 92059645  1 1 PASS
 92645571  1 0 ses2MesFail
 92774987  1 1 PASS
 92774987  2 0 newMesBelowThresh
 92774987  3 0 newMesBelowThresh
 99896567  1 0 ses2MesFail
 99901644  1 1 PASS
 99901644  2 0 SecondaryOfPN_01
100011130  1 0 ses2MesFail
100234005  1 0 AltDetFail
100234005  2 0 AltDetFail
104909909  1 1 PASS
104909909  2 0 AltDetFail
104909909  3 0 AltDetFail
106233506  1 1 PASS
106233506  2 0 AltDetFail
136851851  1 1 PASS
136851851  2 0 AltDetFail
137025855  1 0 ses2MesFail
137511893  1 0 ChasesFail
137516558  1 1 PASS
137726810  1 0 AltDetFail
137728034  1 0 ses2MesFail
137728034  2 0 ses2MesFail
137729107  1 0 ses2MesFail
137750098  1 0 ses2MesFail
137835068  1 1 PASS
138136997  1 1 PASS
138136997  2 1 PASS
138136997  3 1 PASS
138239074  1 0 AltDetFail
138239074  2 0 AltDetFail
138239074  3 0 AltDetFail
138239074  4 0 AltDetFail
138239074  5 0 AltDetFail
138239074  6 0 AltDetFail
138430438  1 1 PASS
138430438  2 0 SecondaryOfPN_01
138465692  1 0 newMesShrink
138528843  1 0 AltDetFail
138558673  1 1 PASS
138578906  1 0 AltDetFail
138578906  2 0 AltDetFail
138588540  1 1 PASS
138634813  1 1 PASS
138634813  2 0 AltDetFail
138639253  1 1 PASS
138650903  1 1 PASS
138745625  1 0 ses2MesFail
138968089  1 1 PASS
139144802  1 1 PASS
141814272  1 0 ses2MesFail
141816993  1 0 ChasesFail
141821186  1 0 AltDetFail
141821186  2 0 AltDetFail
141821186  3 0 AltDetFail
142276270  1 1 PASS
142276270  2 0 SecondaryOfPN_01
142276270  3 1 PASS
142308209  1 1 PASS
142308209  2 0 SecondaryOfPN_01
142317598  1 0 ses2MesFail
142373362  1 0 ses2MesFail
142373362  2 0 ses2MesFail
142373362  3 0 ses2MesFail
142381364  1 0 AltDetFail
142381532  1 0 ses2MesFail
142381664  1 1 PASS
142878895  1 0 ses2MesFail
142878895  2 0 ses2MesFail
142963060  1 1 PASS
142979644  1 1 PASS
142979644  2 0 SecondaryOfPN_01
142979644  3 0 ses2MesFail
142979644  4 0 ses2MesFail
147625755  1 1 PASS
147625755  2 0 SecondaryOfPN_01
147625755  3 0 AltDetFail
147643683  1 1 PASS
147686743  1 1 PASS
147686743  2 0 SecondaryOfPN_01
148895152  1 0 AltDetFail
148895152  2 0 AltDetFail
148914403  1 1 PASS
148914403  2 0 SecondaryOfPN_01
148914726  1 1 PASS
148969888  1 0 ses2MesFail
153949511  1 1 PASS
153951307  1 1 PASS
153951307  2 1 PASS
153976712  1 0 ChasesFail
153976959  1 1 PASS
153977353  1 1 PASS
153977353  2 1 PASS
153977353  3 1 PASS
153991851  1 0 AltDetFail
153991851  2 0 SecondaryOfPN_01
154007402  1 1 PASS
154067797  1 1 PASS
154067797  2 0 AltDetFail
154067797  3 0 AltDetFail
154070829  1 0 AltDetFail
154070829  2 0 AltDetFail
154089169  1 1 PASS
154108146  1 1 PASS
154108146  2 0 AltDetFail
154165672  1 0 ses2MesFail
154222671  1 0 ses2MesFail
154381790  1 0 ses2MesFail
154381790  2 1 PASS
154383539  1 1 PASS
154562198  1 1 PASS
154570928  1 1 PASS
154570928  2 0 SecondaryOfPN_01
156462488  1 1 PASS
156491887  1 1 PASS
156491887  2 0 AltDetFail
157264209  1 0 ChasesFail
157318662  1 0 ses2MesFail
157320424  1 0 AltDetFail
157320424  2 0 AltDetFail
157320424  3 0 AltDetFail
157320424  4 0 AltDetFail
157320424  5 0 AltDetFail
157880551  1 1 PASS
158272742  1 1 PASS
158272742  2 0 SecondaryOfPN_01
158272742  3 0 AltDetFail
158272742  4 0 AltDetFail
158324245  1 1 PASS
158393140  1 1 PASS
158393140  2 0 AltDetFail
158491288  1 1 PASS
158491288  2 0 SecondaryOfPN_01
158498107  1 0 newMesBelowThresh
158498107  2 0 ses2MesFail
158498107  3 0 SecondaryOfPN_02
158532193  1 0 ChasesFail
158561566  1 1 PASS
158565141  1 0 AltDetFail
158579379  1 1 PASS
158579379  2 0 SecondaryOfPN_01
158660631  1 1 PASS
158660631  2 0 ses2MesFail
158660631  3 0 AltDetFail
158728853  1 1 PASS
158983460  1 0 ses2MesFail
158988347  1 1 PASS
158988347  2 0 SecondaryOfPN_01
159047480  1 1 PASS
159107668  1 1 PASS
159160819  1 0 ses2MesFail
159169838  1 1 PASS
159169838  2 0 AltDetFail
159190000  1 1 PASS
159441328  1 0 ses2MesFail
159464498  1 1 PASS
159509446  1 1 PASS
159509446  2 0 SecondaryOfPN_01
159510109  1 1 PASS
159510109  2 0 SecondaryOfPN_01
159586048  1 1 PASS
159613900  1 1 PASS
159613900  2 1 PASS
159613900  3 0 ses2MesFail
159613900  4 1 PASS
159628659  1 0 AltDetFail
159628659  2 0 AltDetFail
159636127  1 1 PASS
159636127  2 0 SecondaryOfPN_01
159644070  1 1 PASS
159644070  2 0 newMesBelowThresh
159644070  3 0 ChasesFail
159644070  4 0 SecondaryOfPN_01
159723646  1 0 AltDetFail
159723646  2 0 AltDetFail
160472514  1 1 PASS
160472514  2 0 ses2MesFail
160472514  3 0 ses2MesFail
160491374  1 0 ChasesFail
160519380  1 0 AltDetFail
160519380  2 0 newMesShrink
160582982  1 0 AltDetFail
160582982  2 0 AltDetFail
160585813  1 1 PASS
160600404  1 0 ses2MesFail
160600404  2 1 PASS
160600809  1 1 PASS
160603519  1 0 ses2MesFail
160603519  2 0 ses2MesFail
160603519  3 1 PASS
160603693  1 1 PASS
160618494  1 1 PASS
160618494  2 0 newMesShrink
160618494  3 0 SecondaryOfPN_01
160619243  1 0 ses2MesFail
160619243  2 0 ses2MesFail
160619243  3 0 ChasesFail
161190740  1 0 ses2MesFail
161190740  2 0 ses2MesFail
161563111  1 0 ses2MesFail
161563111  2 0 SecondaryOfPN_01
161563111  3 0 SecondaryOfPN_01
161633889  1 0 ses2MesFail
161685732  1 0 newMesShrink
161687311  1 0 AltDetFail
161687311  2 0 AltDetFail
161687311  3 0 AltDetFail
161710825  1 1 PASS
162035117  1 1 PASS
162035117  2 0 SecondaryOfPN_01
162173122  1 1 PASS
162173122  2 0 AltDetFail
162239156  1 1 PASS
162239156  2 0 AltDetFail
162239156  3 0 AltDetFail
162239156  4 0 AltDetFail
162461327  1 0 ses2MesFail
164557531  1 1 PASS
165304716  1 0 ses2MesFail
165304716  2 0 ses2MesFail
165307617  1 0 ses2MesFail
165307617  2 0 ChasesFail
165308804  1 1 PASS
165310952  1 0 ses2MesFail
165310952  2 0 ses2MesFail
165453878  1 1 PASS
165453878  2 0 ses2MesFail
165470014  1 1 PASS
165470014  2 0 SecondaryOfPN_01
165528645  1 1 PASS
165530589  1 0 ses2MesFail
165991532  1 0 ses2MesFail
166074503  1 0 AltDetFail
166087190  1 0 ChasesFail
166087190  2 0 AltDetFail
166088525  1 1 PASS
166088525  2 0 AltDetFail
166090445  1 1 PASS
166152871  1 0 AltDetFail
166178948  1 0 ses2MesFail
166178948  2 1 PASS
167238624  1 1 PASS
168813467  1 1 PASS
169181296  1 1 PASS
169458450  1 1 PASS
169461816  1 0 AltDetFail
169461816  2 0 ses2MesFail
169461816  3 0 AltDetFail
169461816  4 0 AltDetFail
169467727  1 1 PASS
169566096  1 0 AltDetFail
169814134  1 0 AltDetFail
169819162  1 1 PASS
170193334  1 1 PASS
170246850  1 1 PASS
170344769  1 1 PASS
170344769  2 0 SecondaryOfPN_01
170348142  1 1 PASS
170735592  1 0 ses2MesFail
171089248  1 0 AltDetFail
171419257  1 1 PASS
172269365  1 1 PASS
172269365  2 0 AltDetFail
172370679  1 0 ses2MesFail
172422394  1 1 PASS
172431974  1 0 AltDetFail
184008771  1 0 ses2MesFail
184164428  1 1 PASS
184246521  1 0 AltDetFail
184947995  1 1 PASS
184998729  1 0 ses2MesFail
185057693  1 1 PASS
185059488  1 1 PASS
185059488  2 0 SecondaryOfPN_01
185060842  1 1 PASS
185060842  2 0 SecondaryOfPN_01
185068087  1 0 AltDetFail
185109374  1 1 PASS
185403173  1 0 ses2MesFail
185403173  2 1 PASS
185403173  3 0 SecondaryOfPN_01
185403173  4 0 SecondaryOfPN_02
185403173  5 0 SecondaryOfPN_02
185403173  6 0 SecondaryOfPN_01
185841818  1 1 PASS
185841818  2 0 AltDetFail
186226150  1 1 PASS
187828061  1 1 PASS
190693377  1 0 AltDetFail
190693377  2 0 AltDetFail
190696047  1 1 PASS
190734021  1 0 ses2MesFail
190734021  2 0 SecondaryOfPN_01
190734021  3 0 AltDetFail
190885165  1 1 PASS
190924940  1 1 PASS
193537392  1 1 PASS
193537392  2 0 SecondaryOfPN_01
193895999  1 0 ChasesFail
194132691  1 1 PASS
194132691  2 0 SecondaryOfPN_01
198181552  1 1 PASS
198181552  2 0 SecondaryOfPN_01
198187008  1 0 ChasesFail
198187008  2 0 AltDetFail
198204753  1 1 PASS
198204917  1 1 PASS
198212955  1 1 PASS
198213332  1 1 PASS
198238736  1 0 ChasesFail
198238736  2 0 ses2MesFail
198241702  1 1 PASS
198242676  1 0 ses2MesFail
198242676  2 0 ses2MesFail
198280388  1 0 AltDetFail
198280388  2 0 AltDetFail
198313291  1 1 PASS
198313291  2 0 AltDetFail
198314518  1 1 PASS
198314518  2 0 AltDetFail
198354443  1 0 AltDetFail
198354443  2 0 AltDetFail
198356533  1 1 PASS
198382838  1 1 PASS
198388252  1 0 ses2MesFail
198388252  2 0 AltDetFail
198390247  1 1 PASS
198408416  1 0 ses2MesFail
198416591  1 0 ses2MesFail
198416591  2 0 newMesBelowThresh
198416591  3 0 ChasesFail
198416591  4 0 ChasesFail
198416591  5 0 AltDetFail
198457457  1 0 newMesBelowThresh
198457457  2 0 ses2MesFail
198516864  1 1 PASS
198537349  1 1 PASS
198537783  1 0 ses2MesFail
198537783  2 0 ChasesFail
198538690  1 1 PASS
198538690  2 0 SecondaryOfPN_01
198538690  3 0 AltDetFail
198555959  1 1 PASS
198555959  2 0 SecondaryOfPN_01
198557730  1 0 ses2MesFail
199122560  1 1 PASS
199122560  2 0 AltDetFail
199234086  1 0 AltDetFail
199376584  1 0 ses2MesFail
199384061  1 0 AltDetFail
199384061  2 0 AltDetFail
199524888  1 0 ses2MesFail
199550447  1 1 PASS
199610813  1 1 PASS
199610813  2 0 AltDetFail
199610815  1 0 AltDetFail
199610815  2 0 SecondaryOfPN_01
199661915  1 1 PASS
199666114  1 1 PASS
199682037  1 0 AltDetFail
199682037  2 0 AltDetFail
199688409  1 1 PASS
199688472  1 1 PASS
199709055  1 1 PASS
199715706  1 0 ses2MesFail
199715706  2 0 ses2MesFail
199716496  1 0 AltDetFail
199716496  2 0 AltDetFail
202426247  1 1 PASS
202442615  1 0 ses2MesFail
202442615  2 0 AltDetFail
202442974  1 0 ses2MesFail
202442974  2 0 SecondaryOfPN_01
202442982  1 1 PASS
202444594  1 1 PASS
202467266  1 0 AltDetFail
202467266  2 0 AltDetFail
202467266  3 0 AltDetFail
202490797  1 1 PASS
202490797  2 0 AltDetFail
202490797  3 0 AltDetFail
202490797  4 0 AltDetFail
202490797  5 0 AltDetFail
202507376  1 0 ses2MesFail
202509442  1 0 ses2MesFail
202567458  1 0 AltDetFail
202567458  2 0 AltDetFail
202882298  1 0 newMesShrink
203001339  1 1 PASS
203001339  2 0 SecondaryOfPN_01
203001339  3 1 PASS
203193461  1 0 AltDetFail
207384197  1 0 ses2MesFail
207384197  2 0 AltDetFail
207384197  3 0 AltDetFail
207493152  1 1 PASS
207493152  2 0 SecondaryOfPN_01
207496306  1 1 PASS
207496306  2 0 AltDetFail
207496824  1 1 PASS
207496824  2 0 AltDetFail
207496824  3 0 AltDetFail
219015141  1 0 ses2MesFail
219033506  1 1 PASS
219033506  2 0 ses2MesFail
219033752  1 0 AltDetFail
219033752  2 0 AltDetFail
219091656  1 1 PASS
219091656  2 0 SecondaryOfPN_01
219092860  1 1 PASS
219095273  1 0 ChasesFail
219095664  1 1 PASS
219095664  2 0 AltDetFail
219096494  1 1 PASS
219107776  1 1 PASS
219107776  2 0 AltDetFail
219109908  1 0 AltDetFail
219435542  1 1 PASS
219738202  1 0 AltDetFail
219738202  2 0 AltDetFail
219741079  1 0 AltDetFail
219750618  1 0 AltDetFail
219750638  1 1 PASS
219750638  2 0 AltDetFail
219751969  1 1 PASS
219751969  2 0 AltDetFail
219751969  3 0 AltDetFail
219751969  4 0 AltDetFail
219751969  5 0 AltDetFail
219755626  1 1 PASS
219755626  2 0 AltDetFail
219765652  1 1 PASS
219765652  2 0 AltDetFail
219771660  1 1 PASS
219771660  2 0 SecondaryOfPN_01
219785910  1 1 PASS
219785910  2 0 SecondaryOfPN_01
219785910  3 0 AltDetFail
219785910  4 0 AltDetFail
219785910  5 0 AltDetFail
219785910  6 0 AltDetFail
219787770  1 1 PASS
219787770  2 0 AltDetFail
219790149  1 0 ses2MesFail
219790149  2 0 AltDetFail
219790151  1 0 ses2MesFail
219790151  2 0 ses2MesFail
219790151  3 0 ses2MesFail
219790151  4 0 ses2MesFail
219790151  5 0 ses2MesFail
219791033  1 1 PASS
219791033  2 0 SecondaryOfPN_01
219804674  1 0 AltDetFail
219804674  2 0 AltDetFail
219804674  3 0 AltDetFail
219804674  4 0 AltDetFail
219804674  5 0 AltDetFail
219807735  1 1 PASS
219807735  2 0 SecondaryOfPN_01
219811129  1 1 PASS
219812966  1 1 PASS
219812966  2 0 AltDetFail
219816797  1 0 AltDetFail
219823570  1 0 AltDetFail
219846107  1 0 AltDetFail
219850915  1 1 PASS
219857012  1 1 PASS
219859691  1 1 PASS
219859691  2 0 AltDetFail
219872479  1 0 ses2MesFail
219872479  2 1 PASS
219874414  1 0 ses2MesFail
219884807  1 0 AltDetFail
219884807  2 0 AltDetFail
219884807  3 0 AltDetFail
219892705  1 1 PASS
219893761  1 0 AltDetFail
219893761  2 0 AltDetFail
219900027  1 1 PASS
219900027  2 0 AltDetFail
224596152  1 1 PASS
224605072  1 0 AltDetFail
229400643  1 1 PASS
229400643  2 0 AltDetFail
229412873  1 1 PASS
229438448  1 1 PASS
229439561  1 1 PASS
229439561  2 0 AltDetFail
229455001  1 0 ses2MesFail
229461186  1 0 AltDetFail
229476285  1 1 PASS
229480487  1 0 ses2MesFail
229480487  2 1 PASS
229480487  3 0 ses2MesFail
229480487  4 0 ses2MesFail
229487733  1 1 PASS
229495981  1 1 PASS
229538190  1 1 PASS
229538190  2 1 PASS
229538190  3 0 AltDetFail
229552340  1 0 ses2MesFail
229583484  1 0 AltDetFail
229583484  2 0 AltDetFail
229583484  3 0 AltDetFail
229585356  1 0 AltDetFail
229585356  2 0 AltDetFail
229585365  1 1 PASS
229585542  1 1 PASS
229585542  2 0 AltDetFail
229614158  1 0 AltDetFail
229619206  1 1 PASS
229619206  2 0 SecondaryOfPN_01
229619206  3 0 AltDetFail
229640059  1 0 ses2MesFail
229640059  2 0 ses2MesFail
229641441  1 0 AltDetFail
229641533  1 1 PASS
229641533  2 0 SecondaryOfPN_01
229641533  3 0 AltDetFail
229641533  4 0 AltDetFail
229641533  5 0 AltDetFail
229641533  6 0 AltDetFail
229650439  1 1 PASS
229674699  1 0 AltDetFail
229674699  2 0 AltDetFail
229687624  1 0 ses2MesFail
229687624  2 1 PASS
229687624  3 0 SecondaryOfPN_02
229687980  1 1 PASS
229687980  2 0 AltDetFail
229706827  1 1 PASS
229712257  1 0 ses2MesFail
229742722  1 0 ses2MesFail
229742951  1 0 ChasesFail
229742951  2 0 ses2MesFail
229747848  1 1 PASS
229751802  1 1 PASS
229751802  2 0 AltDetFail
229766985  1 0 AltDetFail
229770036  1 1 PASS
229771234  1 0 AltDetFail
229771234  2 0 AltDetFail
229776076  1 0 ses2MesFail
229776076  2 0 ses2MesFail
229776076  3 0 newMesBelowThresh
229780215  1 0 ses2MesFail
229780215  2 1 PASS
229780215  3 1 PASS
229781583  1 1 PASS
229782543  1 0 ses2MesFail
229783705  1 0 ChasesFail
229786610  1 0 AltDetFail
229788204  1 0 ses2MesFail
229788204  2 0 ses2MesFail
229790589  1 0 ChasesFail
229791903  1 1 PASS
229791903  2 0 SecondaryOfPN_01
229791903  3 0 AltDetFail
229791903  4 0 AltDetFail
229795026  1 1 PASS
229795026  2 0 AltDetFail
229795026  3 0 AltDetFail
229796245  1 0 ses2MesFail
229910746  1 1 PASS
229913521  1 0 ChasesFail
229913521  2 0 ChasesFail
229913521  3 0 AltDetFail
229913521  4 0 AltDetFail
229914020  1 1 PASS
229914020  2 0 SecondaryOfPN_01
229914020  3 0 AltDetFail
229914020  4 0 AltDetFail
229938290  1 0 ses2MesFail
229940491  1 1 PASS
229945262  1 0 newMesBelowThresh
229945262  2 1 PASS
229945262  3 0 ChasesFail
229945408  1 1 PASS
229945408  2 0 AltDetFail
229949018  1 0 AltDetFail
229949018  2 0 AltDetFail
229951694  1 0 ses2MesFail
229975095  1 1 PASS
229979957  1 0 AltDetFail
229979957  2 0 AltDetFail
229979957  3 0 AltDetFail
229979957  4 0 AltDetFail
229979957  5 0 AltDetFail
230017324  1 1 PASS
230018361  1 0 ses2MesFail
230023734  1 1 PASS
230063769  1 1 PASS
230063769  2 0 SecondaryOfPN_01
230065962  1 1 PASS
230065962  2 0 SecondaryOfPN_01
230065962  3 0 SecondaryOfPN_01
230069191  1 0 AltDetFail
230073281  1 0 ses2MesFail
230073281  2 0 ses2MesFail
230085095  1 0 AltDetFail
230085095  2 0 AltDetFail
230086683  1 0 ses2MesFail
230086768  1 0 ses2MesFail
230088370  1 1 PASS
230090756  1 0 ChasesFail
230114503  1 1 PASS
230114503  2 0 SecondaryOfPN_01
230118001  1 1 PASS
230118001  2 0 AltDetFail
230120143  1 0 ses2MesFail
230127302  1 1 PASS
230127302  2 1 PASS
230127302  3 1 PASS
230130277  1 0 AltDetFail
230130277  2 0 AltDetFail
230130277  3 0 AltDetFail
230130277  4 0 AltDetFail
230130277  5 0 AltDetFail
230136846  1 1 PASS
230376772  1 1 PASS
230384382  1 0 ses2MesFail
230384382  2 1 PASS
230384382  3 0 AltDetFail
230386284  1 1 PASS
230386284  2 0 SecondaryOfPN_01
230386284  3 0 AltDetFail
230386397  1 1 PASS
230409993  1 0 ChasesFail
230478637  1 0 ses2MesFail
230478637  2 0 SecondaryOfPN_01
230478637  3 0 SecondaryOfPN_01
230478637  4 0 AltDetFail
230530979  1 1 PASS
230530979  2 0 SecondaryOfPN_01
232521209  1 0 newMesShrink
232540264  1 1 PASS
232612416  1 1 PASS
232616272  1 1 PASS
232616666  1 0 ChasesFail
232626905  1 1 PASS
232626905  2 0 SecondaryOfPN_01
232627400  1 1 PASS
232627400  2 0 AltDetFail
232628654  1 0 ses2MesFail
232628654  2 0 ses2MesFail
232628654  3 1 PASS
232629077  1 1 PASS
232629077  2 0 SecondaryOfPN_01
232633119  1 1 PASS
232633119  2 1 PASS
232634196  1 1 PASS
232634196  2 0 SecondaryOfPN_01
232634196  3 0 AltDetFail
232634196  4 0 AltDetFail
232634683  1 0 ses2MesFail
232643392  1 1 PASS
232643392  2 0 SecondaryOfPN_01
232643687  1 1 PASS
232643687  2 0 AltDetFail
232649837  1 0 AltDetFail
232649837  2 0 AltDetFail
232649837  3 0 AltDetFail
232681375  1 1 PASS
232681667  1 0 AltDetFail
232681667  2 0 AltDetFail
232681667  3 0 AltDetFail
232724170  1 0 AltDetFail
232724170  2 0 AltDetFail
232724170  3 0 AltDetFail
232724170  4 0 AltDetFail
232965249  1 1 PASS
232965249  2 0 SecondaryOfPN_01
232967440  1 1 PASS
232970737  1 1 PASS
232970737  2 0 AltDetFail
232971294  1 1 PASS
232976128  1 1 PASS
232977116  1 0 AltDetFail
232977116  2 0 AltDetFail
232977116  3 0 AltDetFail
232979998  1 1 PASS
232982544  1 1 PASS
232982544  2 0 SecondaryOfPN_01
232982558  1 1 PASS
232985036  1 1 PASS
233051318  1 0 AltDetFail
233051318  2 0 AltDetFail
233070089  1 1 PASS
233079659  1 0 AltDetFail
233080133  1 1 PASS
233087860  1 1 PASS
233087949  1 1 PASS
233093251  1 0 ses2MesFail
233120979  1 1 PASS
233124538  1 0 AltDetFail
233124538  2 0 AltDetFail
233131533  1 0 ses2MesFail
233131533  2 0 ses2MesFail
233131533  3 0 ses2MesFail
233131533  4 0 ses2MesFail
233131533  5 0 ses2MesFail
233161721  1 0 AltDetFail
233181627  1 0 ses2MesFail
233193908  1 0 ses2MesFail
233195546  1 1 PASS
233207585  1 1 PASS
233207585  2 0 AltDetFail
233207585  3 0 AltDetFail
233207585  4 0 AltDetFail
233208885  1 1 PASS
233208885  2 0 ses2MesFail
233208885  3 0 AltDetFail
233211759  1 0 ses2MesFail
233211762  1 1 PASS
233211762  2 0 ses2MesFail
233233165  1 0 ses2MesFail
233233639  1 0 AltDetFail
233282561  1 0 AltDetFail
233288929  1 0 AltDetFail
233288929  2 0 AltDetFail
233310477  1 0 AltDetFail
233310477  2 0 AltDetFail
233310477  3 0 AltDetFail
233310793  1 0 ChasesFail
233310793  2 0 AltDetFail
233310793  3 0 AltDetFail
233346162  1 0 AltDetFail
233384100  1 0 AltDetFail
233384100  2 0 AltDetFail
233390838  1 1 PASS
233390838  2 1 PASS
233390838  3 0 SecondaryOfPN_01
233398254  1 1 PASS
233398254  2 0 AltDetFail
233398756  1 0 ses2MesFail
233532554  1 0 ses2MesFail
233532554  2 0 SecondaryOfPN_01
233533537  1 1 PASS
233533537  2 0 AltDetFail
233539736  1 1 PASS
233539736  2 0 AltDetFail
233541860  1 0 AltDetFail
233546272  1 1 PASS
233546272  2 0 SecondaryOfPN_01
233547261  1 0 ses2MesFail
233569141  1 1 PASS
233569141  2 0 SecondaryOfPN_01
233571327  1 1 PASS
233571327  2 0 AltDetFail
233574062  1 0 AltDetFail
233579792  1 1 PASS
233580483  1 1 PASS
233580483  2 0 AltDetFail
233605432  1 1 PASS
233608839  1 1 PASS
233617847  1 1 PASS
233659263  1 1 PASS
233659263  2 0 AltDetFail
233679640  1 0 newMesBelowThresh
233679640  2 0 ses2MesFail
233679640  3 0 SecondaryOfPN_02
233681149  1 1 PASS
233684822  1 1 PASS
233689243  1 1 PASS
233718268  1 1 PASS
233720276  1 1 PASS
233720276  2 0 newMesShrink
233720276  3 0 AltDetFail
233724181  1 0 AltDetFail
233724181  2 0 AltDetFail
233724181  3 0 AltDetFail
233724181  4 0 AltDetFail
233735068  1 1 PASS
233738219  1 0 ses2MesFail
233738219  2 0 ses2MesFail
233738219  3 0 ses2MesFail
233738458  1 1 PASS
233740210  1 1 PASS
233740210  2 0 AltDetFail
233742003  1 0 AltDetFail
233742003  2 0 AltDetFail
233742003  3 0 AltDetFail
233742003  4 0 AltDetFail
233745344  1 0 ChasesFail
233790846  1 1 PASS
233863754  1 0 AltDetFail
233863754  2 0 AltDetFail
233903720  1 1 PASS
233904049  1 0 ses2MesFail
233905810  1 1 PASS
233905810  2 0 AltDetFail
233951353  1 1 PASS
235679672  1 1 PASS
235683377  1 1 PASS
235685913  1 1 PASS
236647148  1 0 ses2MesFail
236714379  1 1 PASS
236714379  2 0 SecondaryOfPN_01
236714379  3 0 AltDetFail
236716467  1 0 ChasesFail
236757919  1 1 PASS
236766358  1 0 AltDetFail
236766358  2 0 AltDetFail
236766358  3 0 AltDetFail
236766358  4 0 AltDetFail
236768225  1 1 PASS
236768225  2 0 AltDetFail
236773991  1 1 PASS
236773991  2 0 AltDetFail
236776750  1 1 PASS
236776750  2 0 AltDetFail
236778955  1 0 ChasesFail
236778955  2 0 ses2MesFail
236785732  1 0 ses2MesFail
236789408  1 1 PASS
236789408  2 0 AltDetFail
236865152  1 1 PASS
236876439  1 0 AltDetFail
236876439  2 0 AltDetFail
236882252  1 0 AltDetFail
236975668  1 1 PASS
236975668  2 0 AltDetFail
236982983  1 0 AltDetFail
237104308  1 1 PASS
237117314  1 1 PASS
237130278  1 0 AltDetFail
237130278  2 0 AltDetFail
237200747  1 1 PASS
237200747  2 0 SecondaryOfPN_01
237222539  1 0 AltDetFail
237222864  1 1 PASS
237232044  1 1 PASS
237277760  1 1 PASS
237277760  2 0 AltDetFail
237278994  1 1 PASS
237278994  2 0 AltDetFail
239233211  1 0 AltDetFail
239233211  2 0 AltDetFail
239233211  3 0 AltDetFail
239262664  1 1 PASS
239290086  1 0 ChasesFail
239290086  2 0 AltDetFail
239291500  1 0 AltDetFail
239291500  2 0 AltDetFail
239309691  1 0 AltDetFail
239309691  2 0 AltDetFail
239400488  1 0 ChasesFail
239622721  1 0 ses2MesFail
239639659  1 1 PASS
240178198  1 0 AltDetFail
240501091  1 1 PASS
243248327  1 1 PASS
243248327  2 0 SecondaryOfPN_01
243272097  1 0 AltDetFail
243272097  2 0 AltDetFail
243277123  1 1 PASS
243277123  2 0 AltDetFail
243315719  1 1 PASS
243315719  2 0 SecondaryOfPN_01
243315719  3 0 AltDetFail
243315819  1 1 PASS
243315819  2 0 SecondaryOfPN_01
243316446  1 0 AltDetFail
243316446  2 0 AltDetFail
243316446  3 0 AltDetFail
243316446  4 0 AltDetFail
243316446  5 0 AltDetFail
243318316  1 0 AltDetFail
243318316  2 0 AltDetFail
243318316  3 0 AltDetFail
243318316  4 0 AltDetFail
243319567  1 1 PASS
243319567  2 0 AltDetFail
243319567  3 0 AltDetFail
243352373  1 0 ses2MesFail
243352373  2 0 SecondaryOfPN_01
243352373  3 0 AltDetFail
243352809  1 0 AltDetFail
255993777  1 1 PASS
255993777  2 0 AltDetFail
256298934  1 0 AltDetFail
256298934  2 0 AltDetFail
256324377  1 1 PASS
256327585  1 1 PASS
256327585  2 0 SecondaryOfPN_01
256368884  1 1 PASS
256368884  2 0 SecondaryOfPN_01
256383270  1 1 PASS
256452389  1 1 PASS
256512446  1 1 PASS
256512446  2 0 SecondaryOfPN_01
256516343  1 0 ses2MesFail
256516343  2 0 ses2MesFail
256723890  1 0 AltDetFail
256723890  2 0 AltDetFail
256723890  3 0 AltDetFail
256746748  1 0 ChasesFail
256783784  1 1 PASS
257002934  1 1 PASS
257023157  1 1 PASS
257023157  2 0 AltDetFail
257048637  1 0 ses2MesFail
257048642  1 0 ses2MesFail
257048642  2 0 ses2MesFail
257060367  1 0 AltDetFail
258351350  1 1 PASS
258509996  1 1 PASS
258514800  1 1 PASS
258547069  1 1 PASS
258547069  2 0 AltDetFail
258771803  1 1 PASS
258771803  2 0 ses2MesFail
258771803  3 0 ses2MesFail
258773798  1 0 AltDetFail
258777137  1 1 PASS
258799357  1 0 AltDetFail
258799357  2 0 AltDetFail
258799357  3 0 AltDetFail
258799793  1 0 AltDetFail
258799793  2 0 AltDetFail
258799793  3 0 AltDetFail
258803900  1 0 AltDetFail
258803900  2 0 AltDetFail
258803900  3 0 AltDetFail
258803900  4 0 AltDetFail
258803900  5 0 AltDetFail
258803900  6 0 AltDetFail
258826816  1 0 ses2MesFail
258826816  2 1 PASS
258850493  1 1 PASS
258850493  2 0 SecondaryOfPN_01
258922572  1 1 PASS
258922572  2 0 SecondaryOfPN_01
258922572  3 0 AltDetFail
258954458  1 1 PASS
258956843  1 1 PASS
258956843  2 0 AltDetFail
258957113  1 1 PASS
258957113  2 0 AltDetFail
259006174  1 1 PASS
259006185  1 1 PASS
259006185  2 0 SecondaryOfPN_01
259006185  3 0 SecondaryOfPN_01
259102835  1 1 PASS
259102835  2 0 AltDetFail
259126645  1 1 PASS
259126645  2 0 newMesShrink
259126645  3 0 AltDetFail
259168516  1 1 PASS
259172391  1 1 PASS
259237271  1 0 ses2MesFail
259238257  1 1 PASS
259671983  1 1 PASS
259671983  2 0 SecondaryOfPN_01
260703820  1 1 PASS
263930790  1 1 PASS
263930790  2 0 SecondaryOfPN_01
263930790  3 0 AltDetFail
263930790  4 0 AltDetFail
264175503  1 0 AltDetFail
264301570  1 1 PASS
264301570  2 0 SecondaryOfPN_01
264508409  1 0 AltDetFail
264508409  2 0 AltDetFail
266920154  1 0 ses2MesFail
266920154  2 0 newMesShrink
267486329  1 1 PASS
267486329  2 0 AltDetFail
267543197  1 0 ses2MesFail
267543197  2 1 PASS
267543197  3 1 PASS
267561446  1 1 PASS
267574918  1 1 PASS
267667621  1 1 PASS
267748551  1 0 ses2MesFail
267808239  1 0 AltDetFail
267877714  1 1 PASS
267882738  1 1 PASS
267882738  2 0 AltDetFail
267882738  3 0 AltDetFail
268289462  1 1 PASS
268289462  2 0 AltDetFail
268297677  1 1 PASS
268297677  2 0 AltDetFail
268299560  1 1 PASS
268299560  2 0 AltDetFail
268299560  3 0 AltDetFail
268305489  1 1 PASS
268380299  1 1 PASS
268380299  2 0 SecondaryOfPN_01
268383780  1 0 ses2MesFail
268383780  2 0 SecondaryOfPN_01
268383780  3 0 AltDetFail
268387175  1 1 PASS
268482699  1 1 PASS
268610013  1 0 ses2MesFail
269031095  1 1 PASS
269126567  1 0 ses2MesFail
269696438  1 1 PASS
269697024  1 1 PASS
269698422  1 1 PASS
269701147  1 1 PASS
269701147  2 1 PASS
269701147  3 0 ses2MesFail
270491865  1 0 AltDetFail
270491910  1 1 PASS
270491910  2 0 SecondaryOfPN_01
270491910  3 0 AltDetFail
270494308  1 0 ses2MesFail
270517432  1 0 ses2MesFail
270524120  1 0 AltDetFail
270524120  2 0 AltDetFail
270524120  3 0 AltDetFail
270524120  4 0 AltDetFail
270615728  1 1 PASS
270616815  1 1 PASS
270616815  2 0 SecondaryOfPN_01
270696325  1 1 PASS
270698296  1 0 AltDetFail
270698296  2 0 AltDetFail
270700608  1 1 PASS
270704947  1 1 PASS
270951922  1 1 PASS
271040768  1 1 PASS
271040768  2 0 SecondaryOfPN_01
271040947  1 1 PASS
271040947  2 0 SecondaryOfPN_01
271158877  1 0 AltDetFail
271158877  2 0 AltDetFail
271164763  1 0 AltDetFail
271164763  2 0 AltDetFail
271168724  1 0 AltDetFail
271253876  1 0 AltDetFail
271253876  2 0 AltDetFail
271253876  3 0 AltDetFail
271352011  1 0 AltDetFail
271352011  2 0 AltDetFail
271354390  1 1 PASS
271547896  1 1 PASS
271547896  2 0 SecondaryOfPN_01
271547896  3 0 AltDetFail
271547961  1 1 PASS
271548206  1 1 PASS
271668161  1 1 PASS
271668161  2 0 AltDetFail
271763138  1 0 ses2MesFail
271763138  2 0 ses2MesFail
271773721  1 1 PASS
271773721  2 1 PASS
271773721  3 1 PASS
271877841  1 1 PASS
271877841  2 0 AltDetFail
271958272  1 0 ChasesFail
271958272  2 0 AltDetFail
271958272  3 0 AltDetFail
272074664  1 1 PASS
272074664  2 0 SecondaryOfPN_01
272079818  1 1 PASS
272176884  1 0 ses2MesFail
272176884  2 0 AltDetFail
272272592  1 0 ses2MesFail
272368236  1 1 PASS
272369124  1 1 PASS
272369124  2 0 SecondaryOfPN_01
272489100  1 1 PASS
272489100  2 0 SecondaryOfPN_01
272489351  1 1 PASS
272598447  1 1 PASS
272599738  1 1 PASS
272599738  2 0 AltDetFail
272606395  1 1 PASS
272609309  1 0 AltDetFail
272615711  1 0 ses2MesFail
272615711  2 0 ses2MesFail
272615711  3 1 PASS
272615711  4 0 ChasesFail
272615711  5 0 ChasesFail
272650576  1 1 PASS
272650576  2 0 ses2MesFail
272650576  3 1 PASS
272679620  1 1 PASS
272705043  1 1 PASS
272705043  2 0 AltDetFail
272705262  1 1 PASS
272719652  1 0 ses2MesFail
272720444  1 1 PASS
272781624  1 0 newMesBelowThresh
272781956  1 0 ses2MesFail
272781956  2 0 ses2MesFail
272781956  3 0 AltDetFail
272785018  1 0 AltDetFail
272785018  2 0 AltDetFail
272785018  3 0 AltDetFail
272785770  1 0 ses2MesFail
272785770  2 0 ChasesFail
272785770  3 0 ses2MesFail
272785770  4 0 ses2MesFail
272841995  1 0 AltDetFail
272841995  2 0 AltDetFail
272843045  1 0 ses2MesFail
272846131  1 0 AltDetFail
272846131  2 0 AltDetFail
272942353  1 1 PASS
272944291  1 1 PASS
272944291  2 0 SecondaryOfPN_01
272944291  3 0 AltDetFail
273036521  1 0 AltDetFail
273036521  2 0 AltDetFail
273042299  1 1 PASS
273042299  2 0 AltDetFail
273042299  3 0 AltDetFail
273042650  1 1 PASS
273043307  1 1 PASS
273043307  2 0 SecondaryOfPN_01
273131564  1 1 PASS
273173532  1 0 ses2MesFail
273173532  2 0 SecondaryOfPN_01
273231214  1 0 ses2MesFail
273372402  1 1 PASS
273373040  1 1 PASS
273373040  2 0 AltDetFail
273373712  1 1 PASS
273376048  1 0 ses2MesFail
273379486  1 1 PASS
273381805  1 0 AltDetFail
273381805  2 0 AltDetFail
273501820  1 1 PASS
273501820  2 0 SecondaryOfPN_01
273501820  3 0 AltDetFail
273560795  1 1 PASS
273566363  1 1 PASS
273574141  1 1 PASS
273582296  1 1 PASS
273594287  1 1 PASS
273629437  1 0 AltDetFail
273687627  1 0 ses2MesFail
273690178  1 1 PASS
273872616  1 1 PASS
273872891  1 0 ChasesFail
273872891  2 0 SecondaryOfPN_01
273872891  3 0 AltDetFail
273874851  1 1 PASS
273874851  2 1 PASS
273885188  1 0 ses2MesFail
274031155  1 1 PASS
274127410  1 0 AltDetFail
274127410  2 0 AltDetFail
274127413  1 0 AltDetFail
274127413  2 0 AltDetFail
274129522  1 1 PASS
274129522  2 0 SecondaryOfPN_01
274347939  1 1 PASS
274347939  2 0 ses2MesFail
274347939  3 0 ses2MesFail
274348764  1 1 PASS
274348764  2 0 AltDetFail
274348764  3 0 AltDetFail
274662200  1 1 PASS
274762761  1 1 PASS
274762761  2 1 PASS
275119073  1 1 PASS
275119073  2 0 SecondaryOfPN_01
275224959  1 0 ChasesFail
275489982  1 1 PASS
275576176  1 1 PASS
275576176  2 0 SecondaryOfPN_01
275633324  1 1 PASS
275690567  1 0 ses2MesFail
276618985  1 1 PASS
276618985  2 0 AltDetFail
276653337  1 1 PASS
276914715  1 0 ses2MesFail
277507814  1 1 PASS
277565268  1 0 ses2MesFail
277565268  2 0 SecondaryOfPN_01
277565268  3 0 SecondaryOfPN_01
277566482  1 0 ses2MesFail
277571633  1 1 PASS
277571633  2 0 ses2MesFail
277571633  3 0 ses2MesFail
277848666  1 1 PASS
277848666  2 0 SecondaryOfPN_01
277848666  3 0 AltDetFail
278068108  1 0 ses2MesFail
278075650  1 0 ses2MesFail
278075650  2 0 AltDetFail
278076037  1 1 PASS
278352995  1 1 PASS
278352995  2 0 ChasesFail
278352995  3 0 SecondaryOfPN_01
278672770  1 0 ses2MesFail
278678404  1 1 PASS
278678404  2 0 AltDetFail
279918206  1 1 PASS
279980938  1 1 PASS
279980938  2 0 AltDetFail
280031832  1 1 PASS
280031832  2 0 SecondaryOfPN_01
280033918  1 0 AltDetFail
280033918  2 0 AltDetFail
280033934  1 0 AltDetFail
280033934  2 0 AltDetFail
280033934  3 0 AltDetFail
280069113  1 0 ChasesFail
280069113  2 1 PASS
282069189  1 1 PASS
282069189  2 0 AltDetFail
282071158  1 1 PASS
282071158  2 0 AltDetFail
282368998  1 1 PASS
282368998  2 0 AltDetFail
282458419  1 1 PASS
282923395  1 1 PASS
282925798  1 0 ses2MesFail
284364590  1 0 ses2MesFail
284364658  1 0 AltDetFail
284364658  2 0 AltDetFail
284461108  1 1 PASS
284461108  2 0 AltDetFail
284476342  1 0 ses2MesFail
284595981  1 0 newMesBelowThresh
284890238  1 1 PASS
284890361  1 0 AltDetFail
284891601  1 1 PASS
284891601  2 0 AltDetFail
286467490  1 0 AltDetFail
286467490  2 0 AltDetFail
286551695  1 1 PASS
286551695  2 0 AltDetFail
286916251  1 1 PASS
286923464  1 1 PASS
286945730  1 1 PASS
287151976  1 1 PASS
287151976  2 0 SecondaryOfPN_01
287151976  3 0 ses2MesFail
287194283  1 1 PASS
287194283  2 0 SecondaryOfPN_01
287196418  1 1 PASS
287263680  1 0 ses2MesFail
288268410  1 0 ChasesFail
288312840  1 1 PASS
288312840  2 0 SecondaryOfPN_01
288312840  3 0 AltDetFail
288312840  4 0 AltDetFail
288312840  5 0 AltDetFail
288344202  1 0 ses2MesFail
288344202  2 0 ChasesFail
288391801  1 0 ses2MesFail
288391801  2 0 ses2MesFail
288391801  3 0 ses2MesFail
288391801  4 0 newMesBelowThresh
288391801  5 0 AltDetFail
288471108  1 1 PASS
288471108  2 0 SecondaryOfPN_01
288778712  1 0 AltDetFail
288778712  2 0 ChasesFail
288778712  3 0 AltDetFail
288778712  4 0 AltDetFail
289510965  1 1 PASS
289522461  1 1 PASS
289570934  1 1 PASS
289572405  1 0 ses2MesFail
289580896  1 0 ses2MesFail
289722781  1 1 PASS
289722957  1 0 ses2MesFail
289722957  2 0 AltDetFail
289890301  1 0 ses2MesFail
290003896  1 1 PASS
290003896  2 0 SecondaryOfPN_01
290032774  1 0 AltDetFail
290035575  1 1 PASS
290035575  2 0 AltDetFail
290035575  3 0 AltDetFail
290571126  1 0 ses2MesFail
290571126  2 0 newMesShrink
291145873  1 1 PASS
291145873  2 0 SecondaryOfPN_01
293952749  1 0 AltDetFail
293952749  2 0 AltDetFail
293954617  1 1 PASS
294469624  1 1 PASS
294471966  1 1 PASS
294601335  1 1 PASS
294676622  1 0 ses2MesFail
294690620  1 0 AltDetFail
294690620  2 0 AltDetFail
295017824  1 0 AltDetFail
295017824  2 1 PASS
295298669  1 1 PASS
295298669  2 0 SecondaryOfPN_01
295802147  1 1 PASS
295802147  2 0 SecondaryOfPN_01
295803225  1 1 PASS
295803225  2 0 SecondaryOfPN_01
295804815  1 1 PASS
295804815  2 0 newMesBelowThresh
296012680  1 1 PASS
296321403  1 1 PASS
296321403  2 0 ses2MesFail
296321403  3 0 ses2MesFail
296321403  4 0 ses2MesFail
296321403  5 0 ses2MesFail
298008052  1 1 PASS
298008052  2 0 SecondaryOfPN_01
298073824  1 1 PASS
298160985  1 0 ses2MesFail
298160985  2 0 AltDetFail
298163426  1 0 ses2MesFail
298164705  1 1 PASS
298421458  1 1 PASS
298421458  2 0 AltDetFail
298647682  1 1 PASS
298663983  1 0 AltDetFail
298663983  2 0 AltDetFail
298665328  1 1 PASS
298666271  1 0 AltDetFail
298666271  2 0 AltDetFail
298666271  3 0 AltDetFail
298734307  1 0 AltDetFail
298734307  2 0 AltDetFail
298780758  1 1 PASS
298969838  1 1 PASS
299096355  1 0 ses2MesFail
299219025  1 0 ses2MesFail
299219025  2 0 ses2MesFail
302727695  1 1 PASS
302727695  2 0 AltDetFail
302727695  3 0 AltDetFail
303252818  1 0 ses2MesFail
303252818  2 1 PASS
303351921  1 1 PASS
303833577  1 0 AltDetFail
304110186  1 1 PASS
304110186  2 0 AltDetFail
304379558  1 0 ses2MesFail
304379558  2 1 PASS
304628774  1 0 AltDetFail
304628774  2 0 AltDetFail
305386053  1 1 PASS
305386053  2 0 AltDetFail
305466446  1 1 PASS
305680327  1 1 PASS
307956653  1 0 ses2MesFail
307956653  2 1 PASS
307986889  1 0 ses2MesFail
307986889  2 0 ses2MesFail
307986891  1 0 ses2MesFail
307986891  2 0 ses2MesFail
309720946  1 0 ses2MesFail
309720946  2 0 SecondaryOfPN_01
310338842  1 0 ses2MesFail
310338842  2 0 AltDetFail
310980331  1 0 ses2MesFail
310994603  1 1 PASS
310994603  2 0 SecondaryOfPN_01
310994603  3 0 SecondaryOfPN_01
311945765  1 0 AltDetFail
311945765  2 0 AltDetFail
312230566  1 1 PASS
312230566  2 0 AltDetFail
312230566  3 0 AltDetFail
312286761  1 0 AltDetFail
313100058  1 0 AltDetFail
313110473  1 0 ses2MesFail
313110473  2 0 ses2MesFail
313110473  3 0 ses2MesFail
313302924  1 0 ses2MesFail
314340550  1 1 PASS
314459000  1 0 ses2MesFail
314459000  2 0 SecondaryOfPN_01
314459000  3 0 AltDetFail
314590329  1 1 PASS
315576282  1 0 ses2MesFail
315576282  2 0 ses2MesFail
315576282  3 1 PASS
315576282  4 1 PASS
316450573  1 0 ses2MesFail
316450573  2 0 SecondaryOfPN_01
320211363  1 0 ses2MesFail
320212527  1 1 PASS
320323992  1 0 AltDetFail
320323992  2 0 AltDetFail
320526252  1 1 PASS
321331593  1 1 PASS
321331593  2 0 AltDetFail
322845246  1 0 ses2MesFail
322845246  2 0 SecondaryOfPN_01
322845246  3 0 AltDetFail
329246824  1 1 PASS
329246824  2 0 AltDetFail
329248002  1 1 PASS
329248002  2 1 PASS
329248002  3 0 ses2MesFail
330829235  1 0 AltDetFail
332277332  1 1 PASS
332277332  2 0 SecondaryOfPN_01
332277332  3 0 AltDetFail
334637014  1 0 ses2MesFail
334637014  2 0 ses2MesFail
334637014  3 0 ses2MesFail
334637029  1 0 ChasesFail
334780068  1 0 AltDetFail
335683411  1 0 AltDetFail
335719278  1 0 AltDetFail
335719278  2 0 AltDetFail
336434532  1 1 PASS
336434532  2 0 AltDetFail
336434532  3 0 AltDetFail
341705384  1 0 AltDetFail
341705385  1 0 AltDetFail
341706785  1 0 ses2MesFail
341706785  2 0 newMesBelowThresh
341814981  1 1 PASS
341870349  1 0 ses2MesFail
341873045  1 0 ChasesFail
341874090  1 0 AltDetFail
341874090  2 0 AltDetFail
341874090  3 0 AltDetFail
343268431  1 0 ses2MesFail
343628284  1 1 PASS
344095722  1 0 AltDetFail
344095722  2 0 AltDetFail
344095722  3 0 AltDetFail
344456744  1 1 PASS
344456744  2 1 PASS
345710962  1 1 PASS
346130527  1 0 AltDetFail
346130527  2 0 AltDetFail
349920226  1 0 AltDetFail
349920226  2 0 AltDetFail
349920226  3 0 AltDetFail
350738423  1 1 PASS
350738423  2 0 SecondaryOfPN_01
350739215  1 0 ChasesFail
351193032  1 1 PASS
351193032  2 0 AltDetFail
351193224  1 0 AltDetFail
351193224  2 0 AltDetFail
351193224  3 0 AltDetFail
351478077  1 0 ses2MesFail
352165018  1 1 PASS
352165018  2 0 AltDetFail
352239069  1 1 PASS
352554120  1 0 AltDetFail
352554120  2 0 AltDetFail
352693111  1 1 PASS
352762746  1 0 ses2MesFail
352762746  2 0 ses2MesFail
352762746  3 0 ses2MesFail
352762746  4 0 AltDetFail
352762746  5 0 AltDetFail
352764091  1 1 PASS
352915304  1 1 PASS
352964170  1 0 ses2MesFail
352964170  2 0 AltDetFail
353778788  1 1 PASS
353780525  1 0 ses2MesFail
353780788  1 0 AltDetFail
353780788  2 0 AltDetFail
353854078  1 1 PASS
353854078  2 0 SecondaryOfPN_01
353854078  3 0 SecondaryOfPN_01
353854078  4 0 SecondaryOfPN_01
353894978  1 1 PASS
353898013  1 0 ses2MesFail
353898013  2 0 ChasesFail
353937856  1 0 AltDetFail
353939279  1 1 PASS
353939279  2 0 SecondaryOfPN_01
353939279  3 0 SecondaryOfPN_01
353989471  1 1 PASS
356015357  1 1 PASS
356015357  2 0 SecondaryOfPN_01
356107942  1 0 AltDetFail
356109540  1 0 AltDetFail
356109540  2 0 AltDetFail
356109646  1 1 PASS
356109646  2 0 AltDetFail
356158613  1 0 ses2MesFail
356158613  2 1 PASS
356632361  1 1 PASS
356632361  2 0 SecondaryOfPN_01
356701798  1 1 PASS
356701798  2 0 AltDetFail
356820646  1 1 PASS
356820646  2 0 AltDetFail
356823982  1 0 ses2MesFail
356867115  1 1 PASS
356896261  1 1 PASS
356896550  1 0 AltDetFail
356896561  1 0 ses2MesFail
356896561  2 0 SecondaryOfPN_01
356896561  3 0 AltDetFail
356974629  1 1 PASS
356974629  2 0 SecondaryOfPN_01
356974639  1 1 PASS
356974639  2 0 SecondaryOfPN_01
356978132  1 0 ses2MesFail
357031563  1 0 ses2MesFail
357032546  1 0 ses2MesFail
357032546  2 0 ses2MesFail
357032575  1 0 ses2MesFail
357032575  2 1 PASS
357045538  1 0 AltDetFail
357045538  2 0 AltDetFail
357045538  3 0 AltDetFail
357045538  4 0 AltDetFail
357050556  1 0 AltDetFail
357050556  2 0 AltDetFail
357050556  3 0 AltDetFail
357178622  1 0 AltDetFail
357178622  2 0 AltDetFail
357395291  1 0 AltDetFail
357395291  2 0 AltDetFail
357457104  1 1 PASS
357498249  1 0 newMesShrink
357560939  1 1 PASS
357596859  1 1 PASS
357596859  2 0 SecondaryOfPN_01
357685999  1 1 PASS
357685999  2 0 SecondaryOfPN_01
357875887  1 1 PASS
357875887  2 0 AltDetFail
357979050  1 0 ses2MesFail
357979050  2 0 SecondaryOfPN_01
359313701  1 0 ChasesFail
359313701  2 0 ChasesFail
359313701  3 0 ses2MesFail
359313701  4 0 ChasesFail
359313701  5 0 ses2MesFail
359496368  1 1 PASS
359556659  1 1 PASS
359556659  2 0 AltDetFail
359587754  1 0 ses2MesFail
359631482  1 0 AltDetFail
359631482  2 0 AltDetFail
359631482  3 0 AltDetFail
359675242  1 1 PASS
359675849  1 1 PASS
359675849  2 0 SecondaryOfPN_01
359675849  3 0 newMesShrink
359676320  1 0 AltDetFail
359676320  2 0 AltDetFail
359677968  1 0 ses2MesFail
359677968  2 0 ses2MesFail
359677968  3 0 ses2MesFail
359677968  4 0 AltDetFail
360020620  1 0 ses2MesFail
362104293  1 1 PASS
362104293  2 0 SecondaryOfPN_01
362259204  1 0 AltDetFail
362259204  2 0 AltDetFail
362259855  1 0 AltDetFail
362259855  2 0 AltDetFail
363672851  1 0 ses2MesFail
364628248  1 1 PASS
364628248  2 0 SecondaryOfPN_01
364816538  1 1 PASS
364934586  1 0 AltDetFail
364965655  1 0 AltDetFail
365034219  1 0 ses2MesFail
365034219  2 0 AltDetFail
365034219  3 0 AltDetFail
365103851  1 0 AltDetFail
365103851  2 0 AltDetFail
365277613  1 0 AltDetFail
365277613  2 0 AltDetFail
365277613  3 0 AltDetFail
365663227  1 1 PASS
365673804  1 1 PASS
365733349  1 1 PASS
365787759  1 0 AltDetFail
365787759  2 0 AltDetFail
366488318  1 1 PASS
366488318  2 0 AltDetFail
366489827  1 0 AltDetFail
366489827  2 0 AltDetFail
366489827  3 0 AltDetFail
366489827  4 0 AltDetFail
366489827  5 0 AltDetFail
367681735  1 0 AltDetFail
367681735  2 0 AltDetFail
367682011  1 0 ses2MesFail
367682182  1 0 ses2MesFail
367835766  1 1 PASS
367838785  1 1 PASS
367838785  2 0 AltDetFail
367853806  1 0 ses2MesFail
371979543  1 0 newMesShrink
372084264  1 1 PASS
372366518  1 0 AltDetFail
372366518  2 0 AltDetFail
373268568  1 1 PASS
373445744  1 1 PASS
373445744  2 0 ses2MesFail
373669620  1 1 PASS
375422201  1 1 PASS
375422201  2 0 ses2MesFail
375422201  3 0 ses2MesFail
375422201  4 0 newMesShrink
375422201  5 0 SecondaryOfPN_01
375506058  1 1 PASS
376869643  1 1 PASS
376930175  1 1 PASS
376975943  1 0 ses2MesFail
377160295  1 1 PASS
377165060  1 0 AltDetFail
377190161  1 0 ses2MesFail
377190161  2 0 AltDetFail
377190658  1 0 AltDetFail
377190658  2 0 AltDetFail
377190658  3 0 AltDetFail
377190658  4 0 AltDetFail
377190658  5 0 AltDetFail
377192659  1 1 PASS
377192659  2 0 SecondaryOfPN_01
377192659  3 0 AltDetFail
377192675  1 1 PASS
377192675  2 0 SecondaryOfPN_01
377251803  1 0 AltDetFail
377251803  2 0 AltDetFail
377251803  3 0 AltDetFail
377253090  1 0 AltDetFail
377253090  2 0 AltDetFail
377257650  1 1 PASS
377293776  1 1 PASS
377296926  1 0 AltDetFail
377304468  1 0 AltDetFail
377304468  2 0 AltDetFail
377304523  1 1 PASS
377304523  2 0 AltDetFail
377307592  1 1 PASS
377307592  2 0 SecondaryOfPN_01
377731192  1 0 AltDetFail
377731192  2 0 AltDetFail
377912676  1 1 PASS
378273229  1 0 ses2MesFail
378275454  1 0 ses2MesFail
378275454  2 0 SecondaryOfPN_01
378395625  1 0 ses2MesFail
378395625  2 0 AltDetFail
380404435  1 1 PASS
380412757  1 0 ses2MesFail
380522570  1 1 PASS
380522570  2 0 SecondaryOfPN_01
380522570  3 0 AltDetFail
380522570  4 0 AltDetFail
380522570  5 0 AltDetFail
380717159  1 1 PASS
381009497  1 1 PASS
383622786  1 0 AltDetFail
383622786  2 0 AltDetFail
383648251  1 0 AltDetFail
383676981  1 1 PASS
387330194  1 1 PASS
387330194  2 0 AltDetFail
389916225  1 1 PASS
389916225  2 0 ses2MesFail
389961595  1 0 AltDetFail
389961595  2 0 AltDetFail
389961595  3 0 AltDetFail
390019844  1 1 PASS
390021728  1 1 PASS
390021728  2 0 AltDetFail
390021728  3 0 AltDetFail
390021728  4 0 AltDetFail
390021728  5 0 AltDetFail
390021728  6 0 AltDetFail
392536805  1 1 PASS
392536812  1 0 AltDetFail
392536812  2 0 AltDetFail
392571933  1 1 PASS
394121998  1 0 newMesShrink
394131772  1 1 PASS
394881270  1 1 PASS
394881270  2 0 ses2MesFail
394881270  3 0 ses2MesFail
394881270  4 0 SecondaryOfPN_01
394881270  5 0 SecondaryOfPN_01
395085177  1 0 ses2MesFail
399788405  1 0 AltDetFail
399952805  1 1 PASS
400472941  1 0 ChasesFail
402893991  1 0 ses2MesFail
403117476  1 0 ChasesFail
405504882  1 1 PASS
405504882  2 0 newMesBelowThresh
405504882  3 0 newMesShrink
405526704  1 0 ses2MesFail
405526704  2 0 ses2MesFail
405526704  3 1 PASS
405526704  4 0 SecondaryOfPN_03
405526704  5 1 PASS
405526704  6 0 ses2MesFail
405764176  1 0 AltDetFail
406484174  1 0 AltDetFail
406855037  1 1 PASS
406926092  1 0 ses2MesFail
406947878  1 1 PASS
407000096  1 1 PASS
407000096  2 0 SecondaryOfPN_01
408203470  1 1 PASS
408479509  1 1 PASS
408479509  2 0 ChasesFail
408479509  3 0 ses2MesFail
408479509  4 0 ChasesFail
415030187  1 0 ses2MesFail
416193155  1 1 PASS
416193373  1 1 PASS
416195870  1 1 PASS
416264037  1 1 PASS
416264037  2 0 AltDetFail
416599994  1 0 ses2MesFail
416635004  1 1 PASS
416635004  2 0 SecondaryOfPN_01
417277789  1 0 ses2MesFail
417277789  2 0 ses2MesFail
417492740  1 0 ses2MesFail
417497545  1 0 ses2MesFail
417497545  2 0 AltDetFail
417516682  1 1 PASS
417676216  1 0 AltDetFail
417676216  2 0 AltDetFail
417676622  1 1 PASS
417735733  1 0 ses2MesFail
417735733  2 0 ses2MesFail
417735733  3 1 PASS
417917644  1 0 ChasesFail
417921519  1 1 PASS
417921519  2 0 AltDetFail
417931607  1 1 PASS
417948359  1 1 PASS
418696793  1 1 PASS
418696793  2 0 AltDetFail
419666455  1 1 PASS
419666455  2 0 AltDetFail
420110967  1 1 PASS
420112589  1 1 PASS
420113351  1 1 PASS
420114772  1 1 PASS
420114772  2 0 SecondaryOfPN_01
420137030  1 0 ses2MesFail
420137030  2 0 ses2MesFail
420137341  1 1 PASS
421167556  1 0 ses2MesFail
421307009  1 1 PASS
421334320  1 1 PASS
421334320  2 0 SecondaryOfPN_01
421442360  1 0 ChasesFail
424439457  1 1 PASS
424439457  2 0 SecondaryOfPN_01
424461577  1 0 AltDetFail
424636724  1 1 PASS
424719589  1 0 ses2MesFail
424719589  2 0 ses2MesFail
424719589  3 0 ses2MesFail
424719589  4 0 newMesShrink
424719589  5 0 ses2MesFail
424719589  6 0 newMesBelowThresh
424721218  1 1 PASS
424721218  2 0 ChasesFail
424721218  3 0 AltDetFail
424865156  1 1 PASS
427041696  1 0 ses2MesFail
427041696  2 0 ses2MesFail
427041696  3 0 newMesBelowThresh
436168322  1 1 PASS
436168322  2 0 SecondaryOfPN_01
436168322  3 0 AltDetFail
441641972  1 1 PASS
441641972  2 0 SecondaryOfPN_01
441687696  1 0 AltDetFail
441687696  2 0 newMesShrink
441690583  1 1 PASS
441690583  2 0 newMesShrink
441690583  3 0 newMesShrink
441694629  1 1 PASS
441694629  2 0 SecondaryOfPN_01
441716054  1 0 AltDetFail
441716054  2 0 AltDetFail
441717812  1 0 ses2MesFail
441717812  2 0 ses2MesFail
441721286  1 1 PASS
441729162  1 0 AltDetFail
441729162  2 0 AltDetFail
441729162  3 0 AltDetFail
441729162  4 0 AltDetFail
441729162  5 0 AltDetFail
441732151  1 1 PASS
441733141  1 1 PASS
441733141  2 0 AltDetFail
441734144  1 0 AltDetFail
441734144  2 0 AltDetFail
441734910  1 0 ses2MesFail
441734910  2 0 ses2MesFail
441734910  3 0 ses2MesFail
441739153  1 0 ses2MesFail
441739153  2 0 SecondaryOfPN_01
441792937  1 0 ses2MesFail
441804674  1 1 PASS
441804674  2 0 SecondaryOfPN_01
441804674  3 1 PASS
441804674  4 0 ses2MesFail
441804674  5 0 ses2MesFail
441804888  1 1 PASS
441804888  2 0 AltDetFail
441807438  1 0 ses2MesFail
441807438  2 0 ses2MesFail
441807753  1 0 AltDetFail
441807753  2 0 AltDetFail
441807753  3 0 AltDetFail
441808279  1 1 PASS
441808279  2 1 PASS
441808796  1 1 PASS
441808796  2 0 SecondaryOfPN_01
445857434  1 0 ses2MesFail
458461293  1 1 PASS
458461293  2 0 SecondaryOfPN_01
458478250  1 1 PASS
458481461  1 1 PASS
458481461  2 0 ses2MesFail
459218143  1 0 ses2MesFail
459221499  1 0 AltDetFail
459969957  1 1 PASS
459978466  1 0 AltDetFail
459978466  2 0 AltDetFail
459979793  1 0 AltDetFail
459981057  1 1 PASS
459981057  2 0 SecondaryOfPN_01
462573387  1 0 ses2MesFail
462617334  1 0 AltDetFail
462617334  2 0 AltDetFail
462637035  1 0 AltDetFail
467179528  1 1 PASS
467179528  2 1 PASS
467182891  1 1 PASS
467189872  1 0 AltDetFail
467189872  2 1 PASS
467189872  3 0 AltDetFail
467257971  1 0 ses2MesFail
469460566  1 0 AltDetFail
469463871  1 0 AltDetFail
471011825  1 1 PASS
1201270568  1 0 newMesBelowThresh
1400770435  1 1 PASS
1551165177  1 1 PASS
1551345499  1 0 ses2MesFail
1551345500  1 0 ses2MesFail
1551660228  1 0 ses2MesFail
1717734760  1 1 PASS
1880988419  1 1 PASS
1880988419  2 0 AltDetFail
1883519478  1 0 ses2MesFail
1883519478  2 0 SecondaryOfPN_01
1883519478  3 0 ses2MesFail
1883519478  4 0 newMesShrink
1883519478  5 0 ses2MesFail
1883519478  6 0 newMesBelowThresh
1884524546  1 0 ses2MesFail
1944066506  1 0 ses2MesFail
1981303680  1 1 PASS
2003333263  1 0 AltDetFail
2003333263  2 0 AltDetFail
