 14344979  1 1 PASS
149539158  1 1 PASS
 19271382  1 1 PASS
269401186  1 1 PASS
260304800  1 1 PASS
 90133085  1 1 PASS
349765573  1 1 PASS
410359381  1 0 AltDetFail
177175199  1 1 PASS
 95750645  1 0 ses2MesFail
 95750645  2 0 newMesShrink
167303776  1 0 ses2MesFail
167303776  2 0 ses2MesFail
167303776  3 1 PASS
167303776  4 1 PASS
167303776  5 0 ChasesFail
167303776  6 0 ses2MesFail
 74279530  1 0 ses2MesFail
 33864821  1 1 PASS
 33864821  2 0 SecondaryOfPN_01
364538560  1 1 PASS
364538560  2 0 SecondaryOfPN_01
279425357  1 1 PASS
355159393  1 0 ses2MesFail
219201178  1 1 PASS
219201178  2 0 SecondaryOfPN_01
141122198  1 0 ses2MesFail
141122198  2 0 newMesBelowThresh
 19757899  1 0 AltDetFail
827881368  1 0 AltDetFail
827881368  2 0 AltDetFail
 31381651  1 1 PASS
 34637068  1 0 ses2MesFail
296657504  1 0 AltDetFail
146766374  1 1 PASS
268644785  1 1 PASS
 55650494  1 1 PASS
381979901  1 1 PASS
348995212  1 1 PASS
166969346  1 1 PASS
189625051  1 1 PASS
293345927  1 1 PASS
293345927  2 0 AltDetFail
 60658382  1 0 ChasesFail
 60658382  2 0 ses2MesFail
 28943819  1 1 PASS
343963409  1 1 PASS
343963409  2 0 SecondaryOfPN_01
 17760009  1 1 PASS
 17760009  2 0 AltDetFail
271116239  1 0 ses2MesFail
350025490  1 1 PASS
238061845  1 1 PASS
123702439  1 1 PASS
382624902  1 0 ses2MesFail
186777643  1 0 ses2MesFail
 18441475  1 1 PASS
404804908  1 1 PASS
  5906850  1 1 PASS
 34574105  1 1 PASS
 34574105  2 0 SecondaryOfPN_01
278725797  1 1 PASS
260160482  1 0 AltDetFail
408351887  1 1 PASS
408351887  2 0 AltDetFail
 45965273  1 0 ses2MesFail
 38846515  1 1 PASS
 44851957  1 1 PASS
355156860  1 0 ses2MesFail
355156860  2 0 newMesBelowThresh
 36734222  1 1 PASS
268963753  1 1 PASS
 55727833  1 0 ChasesFail
 77104856  1 0 newMesShrink
 77104856  2 1 PASS
 48476908  1 1 PASS
167602738  1 1 PASS
167602738  2 0 AltDetFail
260239481  1 1 PASS
260239481  2 0 newMesShrink
 60979860  1 0 ses2MesFail
 60979860  2 0 AltDetFail
 29664907  1 0 ses2MesFail
 29664907  2 0 ses2MesFail
306635088  1 1 PASS
296780789  1 0 ses2MesFail
348759511  1 1 PASS
391887390  1 1 PASS
300111949  1 0 ses2MesFail
141865875  1 0 AltDetFail
281298496  1 0 ses2MesFail
281298496  2 0 AltDetFail
281298496  3 0 AltDetFail
143677045  1 0 ses2MesFail
181739452  1 0 ses2MesFail
255565860  1 1 PASS
255565860  2 0 SecondaryOfPN_01
179317684  1 1 PASS
 26271859  1 1 PASS
307435285  1 1 PASS
  5092088  1 0 ses2MesFail
355800238  1 1 PASS
 80711765  1 1 PASS
184071291  1 0 ses2MesFail
184071291  2 0 SecondaryOfPN_01
184071291  3 0 AltDetFail
122266693  1 0 ses2MesFail
340006157  1 0 ses2MesFail
277173427  1 1 PASS
150166721  1 0 ses2MesFail
150166721  2 0 AltDetFail
150166721  3 0 AltDetFail
  1011834  1 1 PASS
 22083083  1 1 PASS
387103691  1 1 PASS
140802498  1 1 PASS
272236017  1 1 PASS
384549882  1 1 PASS
280778191  1 1 PASS
260476635  1 1 PASS
294754396  1 0 ses2MesFail
182610554  1 1 PASS
315095307  1 0 ses2MesFail
  5342415  1 1 PASS
 78234838  1 0 ses2MesFail
149308175  1 0 AltDetFail
344026538  1 1 PASS
391627568  1 1 PASS
391627568  2 0 ses2MesFail
 56332484  1 0 AltDetFail
181719523  1 0 ses2MesFail
 11744543  1 0 ses2MesFail
 46907042  1 0 ses2MesFail
261136000  1 1 PASS
145338612  1 0 ses2MesFail
192543856  1 0 ses2MesFail
271975726  1 0 ses2MesFail
123482865  1 1 PASS
341549737  1 0 ses2MesFail
341549737  2 0 SecondaryOfPN_01
118084297  1 1 PASS
305537885  1 1 PASS
176685457  1 1 PASS
 32062341  1 1 PASS
 32062341  2 0 SecondaryOfPN_01
294169046  1 1 PASS
145982812  1 1 PASS
181463644  1 0 ses2MesFail
181463644  2 0 SecondaryOfPN_01
307368492  1 1 PASS
278683641  1 1 PASS
278683641  2 0 SecondaryOfPN_01
383186165  1 0 ses2MesFail
 60382241  1 0 newMesShrink
382157212  1 0 ses2MesFail
118913097  1 1 PASS
 24920688  1 1 PASS
388198242  1 1 PASS
285828583  1 0 ses2MesFail
167123841  1 0 AltDetFail
167123841  2 0 AltDetFail
132857931  1 0 ChasesFail
141232621  1 0 ses2MesFail
 40797468  1 1 PASS
167812449  1 1 PASS
167812449  2 0 SecondaryOfPN_01
 89787749  1 0 AltDetFail
808234508  1 1 PASS
298690606  1 0 ChasesFail
182170926  1 1 PASS
277673015  1 0 ses2MesFail
284288080  1 1 PASS
425064757  1 0 AltDetFail
425064757  2 0 AltDetFail
260536927  1 1 PASS
453049604  1 0 ses2MesFail
143994283  1 1 PASS
261261490  1 1 PASS
 53301636  1 1 PASS
300013489  1 1 PASS
290599683  1 0 ses2MesFail
 80542072  1 0 ses2MesFail
190894967  1 0 ses2MesFail
190894967  2 0 AltDetFail
 25776767  1 1 PASS
 25776767  2 0 SecondaryOfPN_01
 38699825  1 0 ses2MesFail
 38699825  2 0 AltDetFail
 38699825  3 0 AltDetFail
182943944  1 1 PASS
145879095  1 1 PASS
291466214  1 1 PASS
291466214  2 0 ses2MesFail
291466214  3 0 ses2MesFail
238097136  1 0 newMesShrink
189589023  1 1 PASS
189589023  2 0 ses2MesFail
364588501  1 0 newMesBelowThresh
 46106659  1 1 PASS
 46106659  2 0 AltDetFail
 80815542  1 1 PASS
 80815542  2 0 SecondaryOfPN_01
191538746  1 1 PASS
238227405  1 0 ses2MesFail
308932824  1 0 ses2MesFail
 48163983  1 1 PASS
350741703  1 0 ses2MesFail
238004786  1 1 PASS
149248196  1 0 ses2MesFail
141268467  1 0 ses2MesFail
141268467  2 0 ses2MesFail
141268467  3 0 newMesShrink
287474726  1 1 PASS
278825715  1 0 ses2MesFail
260657291  1 1 PASS
140986621  1 0 ses2MesFail
140986621  2 0 SecondaryOfPN_01
294271676  1 0 ses2MesFail
  4970499  1 0 AltDetFail
  4970499  2 0 AltDetFail
 32150999  1 1 PASS
 32150999  2 0 SecondaryOfPN_01
349907707  1 1 PASS
145508960  1 0 ses2MesFail
142108949  1 0 ChasesFail
393914310  1 0 ses2MesFail
 48369706  1 1 PASS
 70717462  1 1 PASS
267833722  1 0 AltDetFail
131743355  1 1 PASS
150359500  1 0 ChasesFail
150359500  2 1 PASS
181066949  1 0 ses2MesFail
 60952629  1 0 ChasesFail
133428395  1 1 PASS
186712671  1 1 PASS
 26273760  1 1 PASS
 26273760  2 0 SecondaryOfPN_01
308537791  1 0 AltDetFail
308537791  2 0 AltDetFail
 78175681  1 0 ses2MesFail
 78175681  2 0 ses2MesFail
388413127  1 1 PASS
 12007147  1 0 ses2MesFail
358290150  1 0 ses2MesFail
358290150  2 0 newMesBelowThresh
309254930  1 1 PASS
308050066  1 1 PASS
  2347838  1 1 PASS
  2347838  2 0 AltDetFail
186779497  1 0 ses2MesFail
238542895  1 1 PASS
123212059  1 1 PASS
 55497281  1 1 PASS
 33714944  1 0 ChasesFail
 33714944  2 0 ChasesFail
410450507  1 1 PASS
348901198  1 0 ChasesFail
118313102  1 0 ses2MesFail
118313102  2 1 PASS
118313102  3 1 PASS
  7976960  1 0 ses2MesFail
 96051791  1 0 ses2MesFail
400598180  1 0 ses2MesFail
415434817  1 0 ses2MesFail
415434817  2 0 AltDetFail
415434817  3 0 AltDetFail
145986231  1 1 PASS
471013582  1 0 ses2MesFail
277102246  1 0 ses2MesFail
808234509  1 0 ChasesFail
271186951  1 1 PASS
 77616198  1 0 newMesShrink
 33877343  1 1 PASS
 33877343  2 0 newMesShrink
 74797054  1 1 PASS
 60956402  1 0 ses2MesFail
 60956402  2 0 AltDetFail
 60956402  3 0 AltDetFail
364266095  1 0 ses2MesFail
 19085272  1 0 SesStatFail
307802492  1 1 PASS
307802492  2 0 SecondaryOfPN_01
 62856672  1 1 PASS
 62856672  2 0 AltDetFail
145151809  1 1 PASS
363963079  1 1 PASS
363963079  2 0 AltDetFail
363963079  3 0 AltDetFail
 34068865  1 1 PASS
141708335  1 1 PASS
 11935448  1 0 ses2MesFail
268914377  1 1 PASS
118832092  1 1 PASS
 47291018  1 1 PASS
186547153  1 1 PASS
348995211  1 1 PASS
 89463560  1 1 PASS
 89463560  2 0 AltDetFail
260128333  1 0 ses2MesFail
271900514  1 0 ChasesFail
342004873  1 0 AltDetFail
377064495  1 1 PASS
168312820  1 1 PASS
 55662895  1 0 ses2MesFail
268757175  1 1 PASS
191677002  1 1 PASS
277810584  1 0 ses2MesFail
300038246  1 1 PASS
271893367  1 1 PASS
 56630835  1 0 AltDetFail
 56630835  2 0 AltDetFail
 56630835  3 0 AltDetFail
237957506  1 0 newMesShrink
237957506  2 0 SecondaryOfPN_01
190650849  1 0 ses2MesFail
357201371  1 1 PASS
294206429  1 1 PASS
294206429  2 0 AltDetFail
350954265  1 1 PASS
141428309  1 0 ses2MesFail
 17897279  1 0 AltDetFail
 17897279  2 0 AltDetFail
 17897279  3 0 AltDetFail
299941037  1 1 PASS
184666472  1 1 PASS
 22221375  1 1 PASS
260265964  1 1 PASS
190895730  1 0 AltDetFail
182777019  1 1 PASS
269850928  1 1 PASS
 55404385  1 0 ses2MesFail
408310006  1 1 PASS
220474209  1 1 PASS
220474209  2 0 newMesShrink
294733959  1 1 PASS
345036823  1 0 ses2MesFail
 19976193  1 1 PASS
 55848818  1 1 PASS
382969776  1 1 PASS
167526485  1 1 PASS
 90544017  1 1 PASS
348755723  1 1 PASS
 31529035  1 0 newMesShrink
 31529035  2 0 ses2MesFail
287327575  1 0 ses2MesFail
287327575  2 0 ChasesFail
141363913  1 1 PASS
364239223  1 1 PASS
339668420  1 0 ses2MesFail
190596812  1 1 PASS
190596812  2 0 SecondaryOfPN_01
140309502  1 0 ses2MesFail
824981850  1 0 ses2MesFail
824981850  2 0 AltDetFail
260505914  1 1 PASS
141768070  1 1 PASS
267527924  1 1 PASS
410352592  1 0 newMesShrink
410352592  2 0 AltDetFail
182776916  1 1 PASS
182776916  2 0 SecondaryOfPN_01
191021183  1 0 AltDetFail
191021183  2 0 AltDetFail
191021183  3 0 AltDetFail
344087362  1 1 PASS
349408306  1 1 PASS
349408306  2 0 SecondaryOfPN_01
169248671  1 0 AltDetFail
 37377027  1 1 PASS
339633702  1 1 PASS
339633702  2 0 AltDetFail
180987952  1 1 PASS
372913430  1 1 PASS
358176584  1 0 ses2MesFail
358176584  2 0 ChasesFail
339637059  1 1 PASS
339637059  2 0 SecondaryOfPN_01
391550834  1 1 PASS
391550834  2 0 SecondaryOfPN_01
339890862  1 1 PASS
339890862  2 0 AltDetFail
 81100117  1 0 ses2MesFail
 81100117  2 1 PASS
309257814  1 1 PASS
469022819  1 1 PASS
141187075  1 1 PASS
192932518  1 1 PASS
 83081722  1 0 AltDetFail
342169848  1 0 ses2MesFail
141334293  1 0 ses2MesFail
 11748495  1 1 PASS
445586472  1 1 PASS
140030318  1 1 PASS
 19684256  1 1 PASS
269408869  1 1 PASS
141856710  1 0 newMesShrink
388624270  1 0 ses2MesFail
260353841  1 0 ses2MesFail
260353841  2 0 AltDetFail
118084044  1 1 PASS
350332540  1 0 ses2MesFail
146968478  1 0 ses2MesFail
393491149  1 0 AltDetFail
410126347  1 1 PASS
 55740857  1 1 PASS
150437346  1 1 PASS
124573902  1 1 PASS
413251449  1 0 ses2MesFail
126733133  1 1 PASS
140986572  1 1 PASS
140986572  2 0 SecondaryOfPN_01
 90448944  1 1 PASS
118687860  1 0 ses2MesFail
383188745  1 0 ses2MesFail
167923097  1 1 PASS
101395259  1 1 PASS
 55627261  1 1 PASS
 19976192  1 0 AltDetFail
271799457  1 1 PASS
309659126  1 0 AltDetFail
309659126  2 0 AltDetFail
260351540  1 0 ses2MesFail
281582156  1 0 ChasesFail
373918302  1 1 PASS
270429780  1 1 PASS
182317262  1 0 AltDetFail
182317262  2 0 AltDetFail
432128410  1 1 PASS
432128410  2 0 SecondaryOfPN_01
432128410  3 0 AltDetFail
150101472  1 1 PASS
269400980  1 1 PASS
 81615511  1 0 AltDetFail
231742782  1 1 PASS
186612295  1 0 ses2MesFail
186612295  2 0 ses2MesFail
341547269  1 0 ses2MesFail
183513288  1 0 ses2MesFail
183513288  2 0 newMesShrink
 89626082  1 0 ses2MesFail
 89626082  2 0 AltDetFail
255704097  1 1 PASS
268301217  1 1 PASS
 44304177  1 0 AltDetFail
 14294303  1 1 PASS
 82121994  1 1 PASS
176772671  1 1 PASS
149539114  1 0 ses2MesFail
268966707  1 1 PASS
437676607  1 1 PASS
 45659093  1 1 PASS
238235259  1 1 PASS
 55269690  1 0 ses2MesFail
298801915  1 0 ses2MesFail
238709783  1 1 PASS
393340631  1 1 PASS
393340631  2 0 SecondaryOfPN_01
 45309092  1 1 PASS
134404603  1 1 PASS
134404603  2 0 ses2MesFail
  1505227  1 1 PASS
  1505227  2 0 AltDetFail
 25118964  1 0 ChasesFail
  5780310  1 1 PASS
 33910267  1 1 PASS
143156471  1 0 newMesShrink
143156471  2 0 newMesBelowThresh
143156471  3 0 AltDetFail
101502428  1 0 ChasesFail
 77612053  1 0 ses2MesFail
260476837  1 1 PASS
341420329  1 1 PASS
269797536  1 0 ses2MesFail
401120275  1 0 ses2MesFail
181516945  1 1 PASS
296739893  1 1 PASS
175385241  1 1 PASS
  3684655  1 1 PASS
  3684655  2 0 AltDetFail
339672028  1 1 PASS
267532125  1 0 ses2MesFail
267532125  2 0 ses2MesFail
372913432  1 1 PASS
275251307  1 1 PASS
461614217  1 0 newMesShrink
461614217  2 0 SecondaryOfPN_01
461614217  3 0 AltDetFail
461614217  4 0 AltDetFail
842120088  1 0 AltDetFail
842120088  2 0 AltDetFail
813529012  1 1 PASS
308773532  1 0 ses2MesFail
294090620  1 1 PASS
277712294  1 1 PASS
277712294  2 0 SecondaryOfPN_01
269730302  1 0 ses2MesFail
 55727842  1 0 ChasesFail
813529007  1 1 PASS
150442268  1 1 PASS
  1133072  1 0 AltDetFail
238428061  1 1 PASS
150272965  1 0 ChasesFail
 33395098  1 1 PASS
 33395098  2 0 SecondaryOfPN_01
 33395098  3 0 AltDetFail
 17840800  1 1 PASS
308743669  1 1 PASS
308743669  2 0 SecondaryOfPN_01
289736404  1 1 PASS
289736404  2 0 SecondaryOfPN_01
374910314  1 0 ses2MesFail
 44988465  1 1 PASS
147528018  1 1 PASS
410451083  1 1 PASS
410451083  2 0 AltDetFail
140580579  1 0 ses2MesFail
140580579  2 0 SecondaryOfPN_01
167554898  1 1 PASS
 81709032  1 0 newMesShrink
 81709032  2 0 ses2MesFail
 81709032  3 1 PASS
 81709032  4 0 ses2MesFail
124573851  1 1 PASS
176773334  1 0 newMesShrink
134536188  1 1 PASS
 44642906  1 1 PASS
 44642906  2 0 SecondaryOfPN_01
150431617  1 0 ChasesFail
318118557  1 0 ses2MesFail
150066550  1 0 ses2MesFail
191928543  1 1 PASS
 81604794  1 1 PASS
389669796  1 1 PASS
  3130636  1 1 PASS
179308923  1 0 AltDetFail
179308923  2 0 AltDetFail
356453768  1 1 PASS
277108449  1 0 AltDetFail
 60073880  1 0 AltDetFail
 34069197  1 0 ses2MesFail
150320620  1 1 PASS
293975288  1 0 ses2MesFail
 83092282  1 1 PASS
  1681286  1 0 ses2MesFail
114827044  1 0 ses2MesFail
183143120  1 0 AltDetFail
 77527511  1 1 PASS
 62844482  1 0 ses2MesFail
295440174  1 1 PASS
260043723  1 1 PASS
 45599777  1 1 PASS
 59859387  1 1 PASS
260131643  1 1 PASS
184318481  1 0 ses2MesFail
184318481  2 0 newMesShrink
101534291  1 1 PASS
306828113  1 1 PASS
294273900  1 0 AltDetFail
 11521555  1 1 PASS
 31273263  1 0 ses2MesFail
220435095  1 1 PASS
140691463  1 1 PASS
 33153766  1 1 PASS
260353507  1 1 PASS
260353507  2 0 AltDetFail
260891473  1 1 PASS
238374636  1 1 PASS
 46029665  1 0 ses2MesFail
332701193  1 0 ses2MesFail
332701193  2 1 PASS
294328887  1 1 PASS
294328887  2 0 SecondaryOfPN_01
 30125083  1 1 PASS
 55601705  1 1 PASS
145289125  1 1 PASS
 60650708  1 1 PASS
 60650708  2 0 SecondaryOfPN_01
309659124  1 0 AltDetFail
 78234374  1 0 AltDetFail
 78234374  2 0 AltDetFail
 78234374  3 0 AltDetFail
350824771  1 0 ses2MesFail
 40612150  1 1 PASS
382068562  1 1 PASS
355450245  1 1 PASS
355450245  2 0 SecondaryOfPN_01
306576958  1 1 PASS
 19908570  1 0 ses2MesFail
 19908570  2 0 AltDetFail
 36722395  1 1 PASS
339859782  1 0 ses2MesFail
307084982  1 1 PASS
 25837464  1 0 ses2MesFail
297967252  1 0 ses2MesFail
140659978  1 0 ses2MesFail
140659978  2 0 ses2MesFail
294090802  1 1 PASS
 29049712  1 0 AltDetFail
 11932335  1 1 PASS
 11932335  2 0 AltDetFail
268290940  1 1 PASS
294269932  1 0 ses2MesFail
294269932  2 0 ses2MesFail
294396726  1 0 ses2MesFail
318120169  1 0 ses2MesFail
315002523  1 1 PASS
 62761029  1 1 PASS
231529621  1 1 PASS
231529621  2 0 AltDetFail
101497191  1 1 PASS
220476782  1 0 AltDetFail
220476782  2 0 AltDetFail
 70506669  1 0 AltDetFail
 70506669  2 0 AltDetFail
150068381  1 0 newMesBelowThresh
 81292606  1 1 PASS
300141210  1 1 PASS
  1255778  1 1 PASS
  1255778  2 0 SecondaryOfPN_01
  1255778  3 0 AltDetFail
143327916  1 0 ses2MesFail
167201539  1 1 PASS
169248039  1 0 ses2MesFail
 80275202  1 1 PASS
 76903841  1 1 PASS
 11561667  1 1 PASS
260162387  1 0 ses2MesFail
260162387  2 0 ses2MesFail
150357290  1 1 PASS
309787037  1 1 PASS
 29778064  1 1 PASS
 29778064  2 0 AltDetFail
 38125059  1 1 PASS
 38125059  2 0 SecondaryOfPN_01
281731203  1 1 PASS
733027940  1 0 ses2MesFail
122500910  1 1 PASS
149475559  1 0 ses2MesFail
140706664  1 1 PASS
 45302816  1 0 ses2MesFail
 45302816  2 0 ses2MesFail
181567613  1 1 PASS
277871306  1 1 PASS
260003467  1 1 PASS
827866902  1 1 PASS
260298958  1 1 PASS
118541883  1 0 ses2MesFail
149060456  1 0 ses2MesFail
 92837305  1 1 PASS
167551757  1 0 ses2MesFail
143157580  1 0 ses2MesFail
141807839  1 0 ses2MesFail
  5393020  1 0 AltDetFail
  5393020  2 1 PASS
131251909  1 1 PASS
176874062  1 0 ses2MesFail
176874062  2 0 SecondaryOfPN_01
186008880  1 1 PASS
290476605  1 1 PASS
290476605  2 0 SecondaryOfPN_01
385626253  1 1 PASS
455274743  1 0 ses2MesFail
455274743  2 0 ses2MesFail
271891552  1 1 PASS
145243254  1 0 AltDetFail
283931138  1 0 AltDetFail
283931138  2 0 AltDetFail
176494100  1 1 PASS
118562817  1 1 PASS
291555748  1 1 PASS
271795511  1 1 PASS
356372385  1 1 PASS
364395234  1 1 PASS
 26261539  1 0 ses2MesFail
260636730  1 0 ses2MesFail
150442264  1 0 ses2MesFail
150442264  2 0 SecondaryOfPN_01
150442264  3 0 ses2MesFail
150442264  4 0 ChasesFail
150442264  5 1 PASS
275254541  1 0 ses2MesFail
174754016  1 1 PASS
174754016  2 0 SecondaryOfPN_01
177116487  1 0 ses2MesFail
277022838  1 0 AltDetFail
279615956  1 1 PASS
 34383246  1 0 AltDetFail
 89615899  1 1 PASS
141608198  1 1 PASS
176956893  1 1 PASS
386539731  1 1 PASS
150358433  1 1 PASS
231740019  1 1 PASS
231514405  1 0 ses2MesFail
 31921921  1 0 AltDetFail
260654645  1 0 AltDetFail
260654645  2 0 AltDetFail
348902558  1 1 PASS
348902558  2 1 PASS
238229705  1 0 ses2MesFail
182588086  1 1 PASS
146776480  1 1 PASS
272357134  1 1 PASS
272357134  2 0 SecondaryOfPN_01
 55242082  1 0 ses2MesFail
 60615334  1 1 PASS
307291318  1 0 ses2MesFail
143452951  1 0 newMesShrink
143452951  2 0 SecondaryOfPN_01
143452951  3 0 SecondaryOfPN_01
344999096  1 0 ses2MesFail
149059954  1 1 PASS
149059954  2 0 AltDetFail
 62859280  1 0 ses2MesFail
355452784  1 1 PASS
 52771513  1 0 AltDetFail
 52771513  2 0 AltDetFail
 17679178  1 0 AltDetFail
 17679178  2 0 AltDetFail
189639080  1 1 PASS
 80649365  1 1 PASS
349904363  1 0 ses2MesFail
191780450  1 0 ses2MesFail
191780450  2 0 ses2MesFail
 82128636  1 1 PASS
398188363  1 0 ses2MesFail
332633554  1 0 newMesShrink
349156098  1 1 PASS
146333918  1 1 PASS
192264201  1 1 PASS
192264201  2 0 AltDetFail
 78151318  1 0 AltDetFail
342671370  1 1 PASS
307852136  1 1 PASS
307852136  2 0 AltDetFail
307852136  3 0 AltDetFail
 22011809  1 1 PASS
 80471435  1 0 SesStatFail
279511712  1 1 PASS
140830390  1 1 PASS
308820098  1 0 ses2MesFail
293565743  1 1 PASS
293565743  2 0 AltDetFail
293565743  3 0 AltDetFail
289711518  1 0 ses2MesFail
289711518  2 0 ChasesFail
289711518  3 0 ses2MesFail
 30531417  1 0 AltDetFail
 30531417  2 0 AltDetFail
340179350  1 1 PASS
766998699  1 0 AltDetFail
766998699  2 0 AltDetFail
 71029363  1 0 ses2MesFail
 71029363  2 0 ses2MesFail
 77477830  1 0 AltDetFail
278731274  1 0 ses2MesFail
278731274  2 0 ses2MesFail
238069203  1 0 AltDetFail
238069203  2 0 AltDetFail
808600502  1 0 newMesBelowThresh
167007869  1 1 PASS
300810086  1 1 PASS
147152188  1 1 PASS
175604551  1 1 PASS
348837576  1 1 PASS
143157800  1 1 PASS
143157800  2 0 SecondaryOfPN_01
385624852  1 1 PASS
184952758  1 1 PASS
 34228656  1 1 PASS
144956678  1 1 PASS
 81419525  1 1 PASS
140693756  1 1 PASS
 47677742  1 1 PASS
 56719902  1 1 PASS
294209741  1 0 ses2MesFail
  4500825  1 1 PASS
264767454  1 1 PASS
264767454  2 0 AltDetFail
177118939  1 0 AltDetFail
177118939  2 0 AltDetFail
118461919  1 1 PASS
118461919  2 0 AltDetFail
150187916  1 1 PASS
150187916  2 0 SecondaryOfPN_01
150187916  3 0 newMesShrink
 37531624  1 1 PASS
 55746262  1 1 PASS
468997317  1 1 PASS
423275733  1 1 PASS
281581467  1 0 newMesShrink
 47007175  1 0 ChasesFail
189476500  1 0 ses2MesFail
189476500  2 0 SecondaryOfPN_01
341186896  1 1 PASS
382069435  1 0 ChasesFail
382069435  2 0 ses2MesFail
382069435  3 0 SecondaryOfPN_02
 75048615  1 1 PASS
118810668  1 0 ses2MesFail
341192914  1 1 PASS
341192914  2 0 SecondaryOfPN_01
 31810287  1 1 PASS
 31810287  2 0 newMesBelowThresh
 31810287  3 0 SecondaryOfPN_01
413248763  1 1 PASS
238235254  1 1 PASS
 96106862  1 1 PASS
 96106862  2 0 SecondaryOfPN_01
279216869  1 1 PASS
190496853  1 1 PASS
453054355  1 0 ses2MesFail
453054355  2 0 AltDetFail
146244533  1 1 PASS
280206394  1 0 ses2MesFail
140316430  1 1 PASS
140316430  2 0 SecondaryOfPN_01
134200185  1 1 PASS
 59535345  1 0 AltDetFail
445330462  1 0 ses2MesFail
260268898  1 0 ses2MesFail
289670788  1 1 PASS
289670788  2 0 SecondaryOfPN_01
 25134376  1 0 newMesShrink
183907025  1 1 PASS
183907025  2 0 SecondaryOfPN_01
183907025  3 1 PASS
 35044762  1 1 PASS
376985426  1 0 AltDetFail
376985426  2 0 AltDetFail
167983141  1 1 PASS
306773020  1 0 newMesShrink
 56981724  1 1 PASS
 56981724  2 0 AltDetFail
 38586438  1 1 PASS
237979468  1 1 PASS
308883808  1 1 PASS
220411388  1 0 ses2MesFail
350431335  1 1 PASS
  5390942  1 1 PASS
185412553  1 0 AltDetFail
 38824355  1 0 ses2MesFail
131569174  1 1 PASS
383055703  1 0 newMesShrink
260504147  1 0 ses2MesFail
445648583  1 1 PASS
306931200  1 0 ses2MesFail
  4803974  1 1 PASS
350443417  1 1 PASS
350443417  2 0 AltDetFail
350443417  3 0 AltDetFail
350443417  4 0 AltDetFail
350443417  5 0 AltDetFail
 48103627  1 1 PASS
167251459  1 0 ses2MesFail
167251459  2 0 AltDetFail
  3122647  1 0 AltDetFail
300560295  1 1 PASS
373424049  1 1 PASS
133423912  1 1 PASS
260269456  1 1 PASS
260269456  2 0 newMesBelowThresh
 38679390  1 1 PASS
404927661  1 0 ses2MesFail
 38467100  1 1 PASS
179308939  1 0 AltDetFail
177162886  1 1 PASS
 92740216  1 1 PASS
410094645  1 1 PASS
 45887812  1 1 PASS
 45887812  2 0 AltDetFail
278825952  1 0 ses2MesFail
278825952  2 0 newMesBelowThresh
278825952  3 0 newMesBelowThresh
410298770  1 0 SesStatFail
410298770  2 0 ses2MesFail
410298770  3 1 PASS
 25078924  1 0 newMesShrink
 25078924  2 0 SecondaryOfPN_01
293605011  1 1 PASS
293605011  2 0 AltDetFail
826048739  1 0 newMesShrink
356245399  1 1 PASS
179305059  1 1 PASS
179305059  2 0 AltDetFail
 55139557  1 1 PASS
 25159742  1 0 ses2MesFail
 33731507  1 0 AltDetFail
140900726  1 1 PASS
 93269120  1 0 newMesBelowThresh
 93269120  2 1 PASS
238932509  1 1 PASS
180977815  1 1 PASS
182892499  1 0 ses2MesFail
140357492  1 0 ses2MesFail
305536347  1 1 PASS
220432563  1 0 ChasesFail
190894941  1 0 ses2MesFail
190894941  2 0 AltDetFail
 38467360  1 0 ses2MesFail
 38467360  2 0 SecondaryOfPN_01
364302118  1 0 ses2MesFail
364302118  2 0 AltDetFail
181304295  1 1 PASS
 93911780  1 1 PASS
309146836  1 1 PASS
309627556  1 1 PASS
436894188  1 1 PASS
374364700  1 0 ses2MesFail
350480660  1 1 PASS
149990841  1 1 PASS
167754658  1 1 PASS
238592526  1 0 ses2MesFail
 30267198  1 1 PASS
308451526  1 1 PASS
308451526  2 0 AltDetFail
 48476907  1 1 PASS
181570022  1 1 PASS
181570022  2 0 AltDetFail
126737992  1 1 PASS
286065379  1 0 ses2MesFail
 74887313  1 1 PASS
404768652  1 1 PASS
300012172  1 0 ses2MesFail
300012172  2 0 ses2MesFail
270841724  1 1 PASS
400679480  1 0 AltDetFail
400679480  2 0 AltDetFail
 29052041  1 0 ses2MesFail
408307172  1 0 ses2MesFail
394699148  1 0 AltDetFail
309025182  1 0 newMesShrink
309025182  2 0 AltDetFail
141481307  1 1 PASS
177078970  1 0 ses2MesFail
453057271  1 0 ses2MesFail
385012516  1 0 ChasesFail
260504446  1 1 PASS
 95785714  1 0 newMesShrink
 95785714  2 0 SecondaryOfPN_01
 46904539  1 0 ses2MesFail
 46904539  2 0 SecondaryOfPN_01
198076322  1 1 PASS
198076322  2 0 AltDetFail
 56639629  1 1 PASS
  1713134  1 1 PASS
 47247792  1 0 ses2MesFail
409973553  1 0 ses2MesFail
293844315  1 1 PASS
300651846  1 1 PASS
300651846  2 0 ses2MesFail
300651846  3 0 AltDetFail
268041302  1 1 PASS
268041302  2 0 SecondaryOfPN_01
 74482749  1 1 PASS
275248683  1 1 PASS
340632776  1 0 AltDetFail
340632776  2 0 AltDetFail
  1232360  1 1 PASS
177077475  1 0 ses2MesFail
177077475  2 0 ses2MesFail
 82362447  1 1 PASS
182469311  1 1 PASS
255700967  1 1 PASS
  1733557  1 0 ses2MesFail
231604266  1 0 ses2MesFail
177309964  1 1 PASS
177309964  2 0 SecondaryOfPN_01
177309964  3 0 AltDetFail
410487677  1 0 AltDetFail
410487677  2 0 AltDetFail
 29871807  1 1 PASS
170889511  1 0 ses2MesFail
279570232  1 0 ses2MesFail
307210445  1 0 ses2MesFail
307210445  2 0 AltDetFail
150432211  1 0 ses2MesFail
 25101101  1 0 ChasesFail
 25101101  2 1 PASS
306510653  1 1 PASS
 70715021  1 0 ses2MesFail
 70715021  2 0 AltDetFail
364398410  1 0 ses2MesFail
364398410  2 0 AltDetFail
184912979  1 0 AltDetFail
 55652896  1 0 ses2MesFail
 38827910  1 1 PASS
 38827910  2 0 ses2MesFail
271584681  1 0 newMesShrink
271584681  2 0 SecondaryOfPN_01
 24733359  1 1 PASS
 24733359  2 0 AltDetFail
348755728  1 1 PASS
401478684  1 1 PASS
 81429971  1 1 PASS
220405105  1 0 ses2MesFail
176874136  1 1 PASS
231074850  1 1 PASS
231074850  2 0 SecondaryOfPN_01
 31063696  1 1 PASS
318185328  1 0 AltDetFail
318185328  2 0 AltDetFail
196665257  1 1 PASS
461612949  1 0 newMesShrink
141914082  1 0 ses2MesFail
141914082  2 1 PASS
404970655  1 1 PASS
192562305  1 1 PASS
192562305  2 0 AltDetFail
 77630842  1 0 AltDetFail
 77630842  2 0 AltDetFail
 51947865  1 1 PASS
269342892  1 0 AltDetFail
269342892  2 0 AltDetFail
269342892  3 0 AltDetFail
 37435039  1 1 PASS
 37435039  2 0 newMesShrink
149573659  1 1 PASS
149573659  2 0 SecondaryOfPN_01
 79931363  1 0 AltDetFail
260161144  1 0 ses2MesFail
260161144  2 0 SecondaryOfPN_01
260161144  3 0 AltDetFail
767947343  1 0 ses2MesFail
294396667  1 1 PASS
 81609273  1 0 ses2MesFail
 81609273  2 0 SecondaryOfPN_01
 70870736  1 0 ses2MesFail
281428790  1 1 PASS
377060838  1 0 ses2MesFail
309403898  1 0 ses2MesFail
309403898  2 0 ses2MesFail
341729521  1 0 ses2MesFail
341729521  2 1 PASS
141811446  1 1 PASS
141811446  2 0 SecondaryOfPN_01
 51817789  1 0 ses2MesFail
144706127  1 0 ses2MesFail
101417255  1 0 ses2MesFail
238226533  1 1 PASS
132778035  1 1 PASS
 80181457  1 1 PASS
174469887  1 0 ses2MesFail
174469887  2 0 ses2MesFail
 30034081  1 0 ses2MesFail
 30034081  2 0 ses2MesFail
167574282  1 0 ChasesFail
167574282  2 0 ChasesFail
 47124392  1 1 PASS
190899664  1 1 PASS
133654092  1 1 PASS
260502102  1 1 PASS
260502102  2 0 SecondaryOfPN_01
350479496  1 1 PASS
350479496  2 0 SecondaryOfPN_01
123874127  1 0 AltDetFail
167896870  1 0 ChasesFail
142742998  1 1 PASS
142742998  2 0 newMesBelowThresh
142742998  3 0 AltDetFail
293844801  1 1 PASS
  5360702  1 1 PASS
269562415  1 0 ses2MesFail
269562415  2 0 SecondaryOfPN_01
269562415  3 0 SecondaryOfPN_01
269562415  4 0 SecondaryOfPN_01
 62845831  1 0 ses2MesFail
294092966  1 1 PASS
294092966  2 0 SecondaryOfPN_01
294092966  3 0 AltDetFail
143669332  1 1 PASS
 21813917  1 0 ChasesFail
355553423  1 1 PASS
 30562668  1 0 ses2MesFail
 30562668  2 0 SecondaryOfPN_01
280799052  1 0 ses2MesFail
185755862  1 1 PASS
 56534123  1 1 PASS
 44645230  1 0 ses2MesFail
 89535068  1 1 PASS
 19676627  1 1 PASS
350025488  1 1 PASS
 33973807  1 0 AltDetFail
293271581  1 0 AltDetFail
293271581  2 0 AltDetFail
382575967  1 0 ses2MesFail
349647488  1 1 PASS
307571165  1 1 PASS
 14307980  1 1 PASS
 14307980  2 0 AltDetFail
348897766  1 0 AltDetFail
 31156962  1 0 ChasesFail
131979339  1 0 ses2MesFail
 53292822  1 0 ses2MesFail
 45688604  1 1 PASS
101630269  1 0 AltDetFail
290645865  1 0 ses2MesFail
 77853537  1 0 ses2MesFail
141871560  1 0 ses2MesFail
141871560  2 0 AltDetFail
169226822  1 1 PASS
342454977  1 1 PASS
342454977  2 0 SecondaryOfPN_01
408350711  1 0 ses2MesFail
374861595  1 1 PASS
130792766  1 0 ses2MesFail
271058763  1 1 PASS
271058763  2 0 AltDetFail
178834939  1 0 ses2MesFail
141227133  1 1 PASS
276934414  1 0 AltDetFail
350618622  1 1 PASS
281430065  1 1 PASS
461772368  1 1 PASS
461772368  2 0 SecondaryOfPN_01
812787337  1 0 AltDetFail
 38680052  1 1 PASS
876057187  1 0 AltDetFail
 38459686  1 0 AltDetFail
156182608  1 0 ses2MesFail
372909935  1 1 PASS
118602619  1 0 AltDetFail
 30307085  1 1 PASS
238075597  1 0 ses2MesFail
 45780191  1 0 ses2MesFail
 38634085  1 1 PASS
 38634085  2 0 AltDetFail
 38634085  3 0 AltDetFail
469006014  1 1 PASS
181014181  1 1 PASS
140349824  1 0 ses2MesFail
404851207  1 1 PASS
  1190662  1 1 PASS
  1190662  2 0 SecondaryOfPN_01
 60419777  1 1 PASS
 55369219  1 0 ses2MesFail
277298771  1 0 ChasesFail
184594806  1 1 PASS
 95962260  1 0 ses2MesFail
383439653  1 0 AltDetFail
 55007847  1 0 AltDetFail
356460403  1 0 ses2MesFail
286129396  1 0 ses2MesFail
185171397  1 0 ses2MesFail
144932696  1 1 PASS
 33835756  1 1 PASS
307210830  1 1 PASS
307210830  2 1 PASS
307210830  3 1 PASS
150105822  1 1 PASS
283881816  1 1 PASS
283881816  2 0 AltDetFail
118956453  1 1 PASS
255594396  1 1 PASS
255594396  2 0 SecondaryOfPN_01
382101519  1 0 AltDetFail
382101519  2 0 AltDetFail
269342631  1 1 PASS
269342631  2 1 PASS
177255827  1 0 ses2MesFail
 41233728  1 0 ses2MesFail
 41233728  2 0 newMesShrink
309025566  1 0 ses2MesFail
  3060481  1 1 PASS
  3060481  2 0 SecondaryOfPN_01
735229757  1 0 ses2MesFail
735229757  2 0 AltDetFail
149176080  1 0 AltDetFail
149176080  2 0 AltDetFail
389869955  1 1 PASS
 36880374  1 0 ses2MesFail
198076334  1 0 AltDetFail
382028425  1 0 ChasesFail
 78234015  1 0 ses2MesFail
