 67707714  1 0 AltDetFail
 67707714  2 0 AltDetFail
  9036901  1 0 ses2MesFail
 68015843  1 0 AltDetFail
 68015843  2 0 AltDetFail
  9058724  1 0 ses2MesFail
 67813700  1 1 PASS
 20182165  1 1 PASS
 68032616  1 1 PASS
 68032616  2 0 SecondaryOfPN_01
 20212631  1 0 AltDetFail
 20212631  2 0 AltDetFail
 68032870  1 1 PASS
 68032870  2 0 AltDetFail
 68032870  3 0 AltDetFail
 20239565  1 1 PASS
 68076619  1 1 PASS
 20299889  1 0 ses2MesFail
 20299889  2 0 newMesShrink
 71612483  1 1 PASS
 22790693  1 0 ses2MesFail
 71613490  1 1 PASS
 22791140  1 1 PASS
 72534221  1 1 PASS
 22817261  1 0 ses2MesFail
 88118399  1 0 AltDetFail
 22818693  1 0 ses2MesFail
 22818693  2 0 ses2MesFail
 88138162  1 0 ses2MesFail
 23675290  1 0 AltDetFail
 88190352  1 0 ses2MesFail
 27194429  1 1 PASS
 92132775  1 1 PASS
 92132775  2 1 PASS
 92132775  3 0 newMesBelowThresh
 27434899  1 0 AltDetFail
 92026919  1 0 ses2MesFail
 28157482  1 0 ses2MesFail
 28157482  2 0 SecondaryOfPN_01
 92132777  1 1 PASS
 92132777  2 0 ses2MesFail
 28171292  1 1 PASS
 95475692  1 0 AltDetFail
 28188792  1 1 PASS
 95525589  1 0 AltDetFail
 95525589  2 0 AltDetFail
 28188795  1 1 PASS
 28188795  2 0 SecondaryOfPN_01
 28188795  3 0 AltDetFail
 98464113  1 0 newMesShrink
 28290956  1 1 PASS
 28290956  2 0 SecondaryOfPN_01
105655329  1 1 PASS
 61098812  1 1 PASS
105656399  1 0 ses2MesFail
 66715008  1 0 ses2MesFail
 66715008  2 0 ses2MesFail
 66715008  3 0 AltDetFail
116380226  1 0 newMesShrink
 66717610  1 1 PASS
116483514  1 1 PASS
 67707406  1 1 PASS
 67707406  2 0 AltDetFail
 88191740  1 0 ses2MesFail
 88219158  1 1 PASS
116483734  1 1 PASS
116502572  1 1 PASS
116503129  1 0 AltDetFail
116503129  2 0 AltDetFail
116520408  1 0 AltDetFail
116520459  1 1 PASS
138126014  1 0 ses2MesFail
138126035  1 1 PASS
138173145  1 0 ses2MesFail
138207419  1 1 PASS
138256097  1 0 AltDetFail
138256097  2 0 AltDetFail
138256675  1 0 AltDetFail
138256675  2 0 AltDetFail
144441148  1 1 PASS
148781497  1 1 PASS
148781497  2 0 SecondaryOfPN_01
148782377  1 1 PASS
149566964  1 1 PASS
149566964  2 0 SecondaryOfPN_01
149622009  1 0 AltDetFail
154271808  1 0 ses2MesFail
155915231  1 0 ChasesFail
155988736  1 0 ses2MesFail
155988736  2 0 SecondaryOfPN_01
155998626  1 0 ses2MesFail
155998626  2 0 AltDetFail
156006074  1 0 AltDetFail
156006074  2 0 AltDetFail
156007854  1 0 ChasesFail
156067195  1 1 PASS
156067195  2 0 ses2MesFail
156072994  1 0 ChasesFail
156074324  1 1 PASS
156074324  2 0 SecondaryOfPN_01
156074324  3 0 ses2MesFail
156514806  1 0 ses2MesFail
156563222  1 0 AltDetFail
156563222  2 0 AltDetFail
156602624  1 0 newMesShrink
157351061  1 1 PASS
157967922  1 1 PASS
157968186  1 1 PASS
157968186  2 0 AltDetFail
158016784  1 0 ses2MesFail
158016784  2 0 AltDetFail
158025009  1 1 PASS
158498107  1 0 ses2MesFail
158498107  2 0 AltDetFail
158534472  1 1 PASS
158579379  1 1 PASS
158579379  2 0 AltDetFail
158619289  1 0 ses2MesFail
159202185  1 0 AltDetFail
159202185  2 0 AltDetFail
159208074  1 0 ses2MesFail
159570042  1 1 PASS
159613900  1 0 ChasesFail
159636127  1 1 PASS
159854126  1 1 PASS
159854358  1 1 PASS
159854358  2 0 AltDetFail
159854359  1 0 AltDetFail
159871619  1 1 PASS
159940256  1 0 ses2MesFail
159940256  2 0 ChasesFail
159983399  1 0 AltDetFail
159983399  2 0 AltDetFail
160472514  1 1 PASS
160472514  2 0 newMesBelowThresh
160472514  3 0 ses2MesFail
160472514  4 0 ses2MesFail
160472514  5 0 SecondaryOfPN_01
160585813  1 1 PASS
160618494  1 1 PASS
160618494  2 0 SecondaryOfPN_01
161744580  1 0 ses2MesFail
161744580  2 0 ses2MesFail
162577229  1 0 AltDetFail
162577229  2 0 AltDetFail
162632186  1 0 ses2MesFail
162675144  1 0 ses2MesFail
162689341  1 1 PASS
162694128  1 1 PASS
165371937  1 1 PASS
165417091  1 0 ChasesFail
165470014  1 1 PASS
165626871  1 0 ses2MesFail
165626871  2 0 SecondaryOfPN_01
165628502  1 0 AltDetFail
165628502  2 0 AltDetFail
165721554  1 0 ChasesFail
165976940  1 1 PASS
165976940  2 0 SecondaryOfPN_01
165984323  1 1 PASS
165987272  1 1 PASS
166074503  1 0 AltDetFail
166090445  1 1 PASS
166669170  1 0 ses2MesFail
168699373  1 1 PASS
168700034  1 0 AltDetFail
168700034  2 0 AltDetFail
168709463  1 0 ses2MesFail
168747450  1 0 ses2MesFail
168748224  1 1 PASS
168748224  2 0 AltDetFail
168809660  1 0 ChasesFail
168809669  1 1 PASS
168809669  2 0 SecondaryOfPN_01
168809669  3 0 AltDetFail
173105394  1 1 PASS
175400938  1 0 ses2MesFail
175402069  1 1 PASS
180570279  1 1 PASS
180570279  2 0 newMesBelowThresh
180570279  3 0 ses2MesFail
180608251  1 1 PASS
180671254  1 0 ses2MesFail
180672677  1 1 PASS
180674991  1 0 AltDetFail
180696398  1 0 newMesBelowThresh
180696398  2 0 AltDetFail
193948188  1 1 PASS
193948188  2 0 SecondaryOfPN_01
193971913  1 1 PASS
193971913  2 0 SecondaryOfPN_01
198108326  1 1 PASS
198152578  1 0 AltDetFail
198181552  1 1 PASS
198242676  1 0 ses2MesFail
198242676  2 0 ses2MesFail
198242676  3 0 ses2MesFail
198242678  1 0 ses2MesFail
198242678  2 0 ses2MesFail
198242678  3 0 ses2MesFail
198313291  1 1 PASS
198313291  2 0 AltDetFail
198354443  1 1 PASS
198354443  2 0 AltDetFail
198382308  1 1 PASS
198382308  2 0 SecondaryOfPN_01
198385543  1 1 PASS
198388252  1 0 AltDetFail
198388925  1 0 ChasesFail
198408416  1 1 PASS
198408416  2 0 SecondaryOfPN_01
198410462  1 0 AltDetFail
198410462  2 0 AltDetFail
198410462  3 0 AltDetFail
198410480  1 1 PASS
198410480  2 0 SecondaryOfPN_01
198416591  1 0 ses2MesFail
198483994  1 1 PASS
198485678  1 0 ChasesFail
198516864  1 1 PASS
198537349  1 1 PASS
198555959  1 1 PASS
198555959  2 0 SecondaryOfPN_01
198555959  3 0 SecondaryOfPN_01
199549116  1 1 PASS
199574208  1 1 PASS
199574208  2 0 AltDetFail
199574208  3 0 AltDetFail
199574208  4 0 AltDetFail
199574211  1 1 PASS
199574211  2 0 newMesShrink
199612934  1 0 ses2MesFail
199612934  2 0 AltDetFail
199662929  1 1 PASS
199662929  2 0 SecondaryOfPN_01
199682037  1 0 AltDetFail
199682037  2 0 AltDetFail
199688409  1 0 AltDetFail
199688409  2 0 AltDetFail
199688472  1 1 PASS
199709055  1 1 PASS
199716496  1 0 AltDetFail
199716496  2 0 AltDetFail
199716496  3 0 AltDetFail
202299805  1 1 PASS
202299805  2 0 ses2MesFail
202442974  1 0 ses2MesFail
202442974  2 0 ses2MesFail
202444594  1 1 PASS
202490797  1 1 PASS
202509016  1 0 ses2MesFail
207385593  1 0 ses2MesFail
207394876  1 0 ChasesFail
207394908  1 1 PASS
207398432  1 1 PASS
207402944  1 0 AltDetFail
207402944  2 0 AltDetFail
207441421  1 0 ses2MesFail
207468071  1 1 PASS
207493152  1 1 PASS
207493152  2 0 SecondaryOfPN_01
207496306  1 1 PASS
207496306  2 0 AltDetFail
207496824  1 1 PASS
207504663  1 0 AltDetFail
207504663  2 0 AltDetFail
219016721  1 1 PASS
219033506  1 1 PASS
219033506  2 1 PASS
219095755  1 1 PASS
219096494  1 1 PASS
219107776  1 0 AltDetFail
219109908  1 0 AltDetFail
219109908  2 0 AltDetFail
219738202  1 0 AltDetFail
219738202  2 0 AltDetFail
219739347  1 1 PASS
219750638  1 1 PASS
219771660  1 1 PASS
219771660  2 0 SecondaryOfPN_01
219777401  1 1 PASS
219807052  1 0 ses2MesFail
219843981  1 0 AltDetFail
219843981  2 0 AltDetFail
219852584  1 1 PASS
219854185  1 1 PASS
219857012  1 1 PASS
219859691  1 1 PASS
219882262  1 1 PASS
219900027  1 0 AltDetFail
219900027  2 0 AltDetFail
229400092  1 1 PASS
229400643  1 0 AltDetFail
229400643  2 0 AltDetFail
229461186  1 0 AltDetFail
229476285  1 1 PASS
229487733  1 1 PASS
229495981  1 1 PASS
229501295  1 0 newMesBelowThresh
229585356  1 0 AltDetFail
229585365  1 1 PASS
229615553  1 0 ses2MesFail
229640059  1 1 PASS
229674699  1 0 AltDetFail
229687624  1 0 ses2MesFail
229750058  1 1 PASS
229751802  1 1 PASS
229751802  2 0 AltDetFail
229776076  1 0 ses2MesFail
229791903  1 1 PASS
229791903  2 0 AltDetFail
229913521  1 0 ChasesFail
229913521  2 0 AltDetFail
229914020  1 1 PASS
229914020  2 0 SecondaryOfPN_01
229914020  3 0 AltDetFail
229937722  1 1 PASS
229945262  1 0 ses2MesFail
229975095  1 1 PASS
230017324  1 1 PASS
230063769  1 1 PASS
230063769  2 0 SecondaryOfPN_01
230065962  1 0 ses2MesFail
230083417  1 0 ses2MesFail
230086768  1 0 ses2MesFail
230088370  1 1 PASS
230114503  1 1 PASS
230114503  2 0 SecondaryOfPN_01
230136846  1 1 PASS
230386284  1 1 PASS
230386284  2 0 AltDetFail
232570970  1 1 PASS
232572557  1 0 AltDetFail
232572560  1 0 ses2MesFail
232572560  2 0 AltDetFail
232612416  1 1 PASS
232629077  1 1 PASS
232629077  2 0 SecondaryOfPN_01
232634180  1 1 PASS
232634196  1 1 PASS
232634196  2 0 ses2MesFail
232634196  3 0 AltDetFail
232650035  1 0 ses2MesFail
232977165  1 1 PASS
232977165  2 0 SecondaryOfPN_01
232977473  1 0 ses2MesFail
232982558  1 1 PASS
232982938  1 1 PASS
232985036  1 1 PASS
233080133  1 1 PASS
233120979  1 1 PASS
233131533  1 0 ses2MesFail
233131533  2 0 ChasesFail
233195058  1 1 PASS
233195058  2 0 SecondaryOfPN_01
233207585  1 0 AltDetFail
233208885  1 0 AltDetFail
233208885  2 0 AltDetFail
233233639  1 0 AltDetFail
233233639  2 0 AltDetFail
233434517  1 0 ses2MesFail
233434519  1 0 ChasesFail
233460141  1 1 PASS
233532554  1 1 PASS
233532554  2 0 newMesBelowThresh
233532554  3 0 newMesShrink
233533537  1 1 PASS
233533537  2 0 AltDetFail
233539736  1 0 ses2MesFail
233569141  1 0 ses2MesFail
233679640  1 0 ses2MesFail
233684822  1 1 PASS
233720276  1 1 PASS
233720276  2 0 newMesShrink
233720276  3 0 AltDetFail
233722938  1 1 PASS
233722938  2 1 PASS
233735068  1 1 PASS
233738219  1 0 ses2MesFail
233738458  1 0 ses2MesFail
233740210  1 1 PASS
235566266  1 0 ChasesFail
235568144  1 0 ses2MesFail
235568144  2 0 ses2MesFail
235905185  1 1 PASS
235930066  1 0 ses2MesFail
236709751  1 0 ses2MesFail
236714379  1 1 PASS
236715455  1 0 ses2MesFail
236776750  1 1 PASS
236776750  2 0 AltDetFail
236778955  1 0 ses2MesFail
237104103  1 1 PASS
237222539  1 0 AltDetFail
237222864  1 1 PASS
237277760  1 1 PASS
237277760  2 0 newMesShrink
237277760  3 0 newMesShrink
237278994  1 0 ses2MesFail
243248327  1 1 PASS
243248327  2 0 SecondaryOfPN_01
243319567  1 0 AltDetFail
243334392  1 1 PASS
243352373  1 0 ChasesFail
243352373  2 0 AltDetFail
255806138  1 0 ses2MesFail
256298934  1 1 PASS
256298934  2 0 SecondaryOfPN_01
256298934  3 0 AltDetFail
258351350  1 1 PASS
258351350  2 0 AltDetFail
258773798  1 0 AltDetFail
258777137  1 1 PASS
258799793  1 0 AltDetFail
258826816  1 0 ses2MesFail
258871793  1 1 PASS
258918831  1 1 PASS
258918831  2 0 SecondaryOfPN_01
258923466  1 1 PASS
259006185  1 1 PASS
259006185  2 0 SecondaryOfPN_01
259126645  1 1 PASS
259126645  2 0 newMesBelowThresh
259126645  3 0 AltDetFail
259126645  4 0 AltDetFail
262880065  1 1 PASS
263639099  1 0 ses2MesFail
263968694  1 1 PASS
263968694  2 0 AltDetFail
269696438  1 1 PASS
269698422  1 1 PASS
272615711  1 0 ses2MesFail
272650576  1 0 ChasesFail
272672133  1 1 PASS
272758199  1 1 PASS
272785770  1 0 ChasesFail
274509791  1 1 PASS
274509791  2 0 AltDetFail
274575202  1 1 PASS
274575202  2 0 SecondaryOfPN_01
275578320  1 0 ses2MesFail
275633324  1 1 PASS
280031832  1 1 PASS
280033918  1 0 AltDetFail
282834813  1 1 PASS
282925798  1 0 AltDetFail
283819120  1 1 PASS
283819120  2 0 AltDetFail
283819432  1 0 AltDetFail
283819432  2 0 AltDetFail
284364590  1 1 PASS
284364590  2 0 AltDetFail
284461108  1 1 PASS
284461108  2 0 AltDetFail
284475976  1 1 PASS
284890361  1 0 ses2MesFail
284890361  2 0 AltDetFail
284891601  1 1 PASS
284891601  2 0 AltDetFail
286899254  1 0 ses2MesFail
286900208  1 1 PASS
286900208  2 0 AltDetFail
286916251  1 1 PASS
287085893  1 0 AltDetFail
287085893  2 0 AltDetFail
287151976  1 1 PASS
288391801  1 0 ChasesFail
288434140  1 1 PASS
288434781  1 0 ses2MesFail
288434781  2 0 ses2MesFail
288434781  3 0 AltDetFail
288471108  1 1 PASS
288471108  2 0 SecondaryOfPN_01
292115251  1 1 PASS
293687315  1 1 PASS
295696134  1 0 AltDetFail
295696134  2 0 AltDetFail
298164374  1 0 ses2MesFail
298246821  1 1 PASS
298246821  2 0 AltDetFail
298665328  1 1 PASS
298666530  1 1 PASS
298734307  1 0 AltDetFail
307956397  1 1 PASS
307957997  1 1 PASS
309720946  1 1 PASS
309720946  2 0 newMesBelowThresh
309720946  3 0 SecondaryOfPN_01
309809572  1 0 ChasesFail
309828087  1 1 PASS
309828087  2 0 SecondaryOfPN_01
310003988  1 1 PASS
310004006  1 0 AltDetFail
310169616  1 1 PASS
310169616  2 0 AltDetFail
310170268  1 0 ChasesFail
310170268  2 1 PASS
310170268  3 1 PASS
310170498  1 1 PASS
311070085  1 1 PASS
311070085  2 0 SecondaryOfPN_01
316317026  1 1 PASS
316317026  2 0 SecondaryOfPN_01
316450573  1 0 ses2MesFail
316450573  2 0 SecondaryOfPN_01
320323992  1 0 AltDetFail
320323992  2 0 AltDetFail
320324464  1 0 ses2MesFail
328934653  1 0 ses2MesFail
328934980  1 1 PASS
329246824  1 1 PASS
329246824  2 0 AltDetFail
329248002  1 1 PASS
332334202  1 1 PASS
332334202  2 0 SecondaryOfPN_01
334637014  1 0 ses2MesFail
334637029  1 1 PASS
334637029  2 0 ChasesFail
339540793  1 0 ses2MesFail
339541239  1 1 PASS
347332255  1 1 PASS
347332255  2 1 PASS
347332400  1 0 AltDetFail
347332400  2 0 AltDetFail
347332400  3 0 AltDetFail
347348057  1 0 AltDetFail
347348057  2 0 AltDetFail
347405270  1 1 PASS
350543620  1 0 ChasesFail
350545539  1 0 newMesShrink
353780788  1 0 AltDetFail
353854078  1 0 ses2MesFail
353854078  2 0 ses2MesFail
353894978  1 0 ses2MesFail
353898013  1 0 ChasesFail
353939279  1 1 PASS
353989471  1 1 PASS
356015357  1 0 ses2MesFail
356015357  2 0 SecondaryOfPN_01
356632361  1 1 PASS
356701798  1 1 PASS
356701798  2 0 AltDetFail
356710041  1 0 ses2MesFail
356820646  1 1 PASS
356820646  2 0 AltDetFail
356896550  1 0 AltDetFail
356896561  1 1 PASS
357345626  1 0 ses2MesFail
357345626  2 0 AltDetFail
357345626  3 0 AltDetFail
357358259  1 1 PASS
357358259  2 0 AltDetFail
357372327  1 0 AltDetFail
357398957  1 0 AltDetFail
357398957  2 0 AltDetFail
357398957  3 0 AltDetFail
357398958  1 0 AltDetFail
357398958  2 0 AltDetFail
357498108  1 0 ChasesFail
357498249  1 0 ChasesFail
359188252  1 0 ses2MesFail
359188252  2 1 PASS
359497418  1 1 PASS
359497418  2 0 SecondaryOfPN_01
359552377  1 1 PASS
359631482  1 0 AltDetFail
359631482  2 0 AltDetFail
359631482  3 0 AltDetFail
359631862  1 1 PASS
359675849  1 1 PASS
359675849  2 0 SecondaryOfPN_01
359676320  1 0 AltDetFail
359678111  1 1 PASS
362259855  1 0 AltDetFail
364120439  1 0 ses2MesFail
364130065  1 0 ses2MesFail
365059891  1 1 PASS
365069916  1 1 PASS
365070128  1 1 PASS
365088469  1 0 newMesBelowThresh
365089053  1 0 ses2MesFail
365089053  2 0 ses2MesFail
365153725  1 0 ses2MesFail
365198355  1 0 AltDetFail
365198355  2 0 AltDetFail
365203184  1 1 PASS
365203184  2 0 SecondaryOfPN_01
366517337  1 0 ses2MesFail
366517337  2 0 AltDetFail
366517381  1 1 PASS
366775273  1 0 ChasesFail
366786599  1 0 ses2MesFail
366786599  2 0 AltDetFail
366786599  3 0 AltDetFail
367681735  1 0 AltDetFail
367681735  2 0 AltDetFail
367837969  1 1 PASS
368128155  1 0 ses2MesFail
368128155  2 0 ses2MesFail
372689007  1 0 ses2MesFail
376923942  1 1 PASS
376923942  2 0 SecondaryOfPN_01
376928980  1 0 ses2MesFail
377169726  1 1 PASS
377188230  1 0 ses2MesFail
377190161  1 0 ses2MesFail
377192659  1 1 PASS
377192659  2 0 ses2MesFail
377192659  3 0 SecondaryOfPN_01
377192675  1 1 PASS
377251803  1 0 AltDetFail
377253090  1 0 AltDetFail
377307592  1 1 PASS
377307592  2 0 AltDetFail
379115575  1 1 PASS
380698919  1 0 ChasesFail
380730351  1 0 ses2MesFail
380731785  1 1 PASS
381714186  1 1 PASS
381715947  1 0 ses2MesFail
381715947  2 1 PASS
383477577  1 0 ses2MesFail
383676981  1 1 PASS
388939353  1 0 ses2MesFail
389330590  1 1 PASS
389510663  1 0 ses2MesFail
389510663  2 0 newMesBelowThresh
389916225  1 0 ses2MesFail
389916225  2 0 SecondaryOfPN_01
389916225  3 0 AltDetFail
390651552  1 1 PASS
392536805  1 1 PASS
392536812  1 0 AltDetFail
392536812  2 0 AltDetFail
392909786  1 0 AltDetFail
392963260  1 0 ChasesFail
393639812  1 1 PASS
393639812  2 0 AltDetFail
393672471  1 1 PASS
393702163  1 1 PASS
393911494  1 1 PASS
397058826  1 1 PASS
397067842  1 0 ses2MesFail
397067842  2 0 ses2MesFail
399087153  1 0 ses2MesFail
399119545  1 0 ses2MesFail
399181042  1 0 ses2MesFail
399788405  1 0 AltDetFail
399788405  2 0 AltDetFail
404505029  1 1 PASS
405504882  1 0 ses2MesFail
405504882  2 0 newMesShrink
405525689  1 1 PASS
406798603  1 1 PASS
406798603  2 0 AltDetFail
406798603  3 0 AltDetFail
406929271  1 0 ses2MesFail
409343223  1 0 ses2MesFail
409343223  2 0 newMesBelowThresh
409343223  3 0 newMesBelowThresh
411217249  1 0 ChasesFail
416024040  1 1 PASS
416195870  1 1 PASS
417175621  1 0 ses2MesFail
417175621  2 0 ses2MesFail
417735733  1 0 ses2MesFail
420110967  1 1 PASS
420114772  1 1 PASS
420137341  1 0 ses2MesFail
421334320  1 0 ses2MesFail
421334320  2 1 PASS
421334320  3 0 newMesBelowThresh
421334320  4 0 newMesShrink
422246362  1 0 ses2MesFail
422246362  2 0 SecondaryOfPN_01
422251657  1 1 PASS
422251657  2 0 SecondaryOfPN_01
422252417  1 1 PASS
422252417  2 0 AltDetFail
422284103  1 0 ses2MesFail
422336247  1 0 ses2MesFail
424439457  1 0 ses2MesFail
424461577  1 0 AltDetFail
424719589  1 0 ses2MesFail
424721218  1 1 PASS
424721218  2 0 AltDetFail
441641972  1 1 PASS
441641972  2 0 SecondaryOfPN_01
441687696  1 0 AltDetFail
441687696  2 0 AltDetFail
441690583  1 0 ses2MesFail
441690583  2 0 newMesBelowThresh
441694629  1 0 ses2MesFail
441694629  2 1 PASS
441732151  1 1 PASS
441734144  1 0 AltDetFail
441734144  2 0 AltDetFail
441739153  1 1 PASS
441739153  2 0 ses2MesFail
445074203  1 1 PASS
445074203  2 0 SecondaryOfPN_01
445859771  1 1 PASS
446175401  1 1 PASS
458452691  1 0 AltDetFail
458452691  2 0 AltDetFail
458457983  1 1 PASS
458461293  1 1 PASS
458478250  1 1 PASS
458479571  1 0 ses2MesFail
458481461  1 0 ses2MesFail
458481461  2 0 ChasesFail
459252372  1 1 PASS
459252372  2 0 SecondaryOfPN_01
459801404  1 0 ses2MesFail
459937956  1 0 AltDetFail
459937956  2 0 AltDetFail
462573387  1 1 PASS
467181063  1 0 ChasesFail
467181063  2 0 SecondaryOfPN_01
1102093577  1 0 AltDetFail
1102093577  2 0 AltDetFail
1102432419  1 0 ses2MesFail
1400770435  1 1 PASS
1551345499  1 0 ses2MesFail
1551345500  1 0 ses2MesFail
1883519478  1 0 ses2MesFail
