141811446  1 1 PASS
141811446  2 0 SecondaryOfPN_01
148500107  1 0 newMesShrink
148500107  2 0 newMesShrink
293694151  1 0 ses2MesFail
375148305  1 1 PASS
148228019  1 0 ses2MesFail
 64211262  1 1 PASS
140288359  1 1 PASS
 79689537  1 0 AltDetFail
 79689537  2 0 AltDetFail
283303148  1 1 PASS
176874136  1 1 PASS
234185725  1 1 PASS
234185725  2 0 AltDetFail
263272042  1 0 newMesShrink
263272042  2 0 SecondaryOfPN_01
290717316  1 0 ses2MesFail
141914082  1 0 ses2MesFail
141914082  2 1 PASS
141914082  3 0 ses2MesFail
 22937402  1 1 PASS
404970655  1 1 PASS
159060569  1 1 PASS
149573659  1 1 PASS
149573659  2 0 SecondaryOfPN_01
 53750200  1 1 PASS
 37659841  1 0 ses2MesFail
149473467  1 0 ses2MesFail
232449809  1 0 AltDetFail
281428790  1 1 PASS
260655797  1 0 AltDetFail
280114324  1 0 AltDetFail
280114324  2 0 AltDetFail
294396667  1 1 PASS
294396667  2 0 SecondaryOfPN_01
 32498861  1 0 ses2MesFail
 53598309  1 0 ses2MesFail
282498590  1 1 PASS
772008800  1 1 PASS
410870901  1 0 AltDetFail
410870901  2 0 AltDetFail
234810620  1 0 ChasesFail
 52805860  1 0 AltDetFail
 65478517  1 1 PASS
170203297  1 1 PASS
170203297  2 1 PASS
373843852  1 1 PASS
220433364  1 0 ses2MesFail
219388773  1 1 PASS
387690507  1 1 PASS
318417618  1 1 PASS
340356526  1 0 AltDetFail
340356526  2 0 AltDetFail
 14562771  1 1 PASS
 14562771  2 0 SecondaryOfPN_01
 32545814  1 0 ChasesFail
 24452802  1 0 ses2MesFail
177077475  1 1 PASS
177077475  2 0 ses2MesFail
119327278  1 1 PASS
119327278  2 0 SecondaryOfPN_01
255700967  1 1 PASS
445990173  1 0 ses2MesFail
445990173  2 0 AltDetFail
403693875  1 1 PASS
177309964  1 0 ses2MesFail
177309964  2 0 ses2MesFail
177309964  3 0 AltDetFail
151357595  1 0 ses2MesFail
 59751745  1 0 ses2MesFail
279570232  1 0 ses2MesFail
757807802  1 1 PASS
757807802  2 0 SecondaryOfPN_01
306510653  1 1 PASS
270674067  1 0 AltDetFail
270674067  2 0 AltDetFail
270674067  3 0 AltDetFail
125581499  1 0 AltDetFail
382188882  1 1 PASS
 48615019  1 0 ses2MesFail
266006310  1 0 ses2MesFail
266006310  2 0 ses2MesFail
276793501  1 0 AltDetFail
231187592  1 1 PASS
231187592  2 0 SecondaryOfPN_01
231187592  3 0 ses2MesFail
231187592  4 0 ses2MesFail
177078970  1 0 ses2MesFail
270576089  1 1 PASS
264313753  1 0 AltDetFail
264313753  2 0 AltDetFail
143209291  1 0 ChasesFail
425153175  1 0 ses2MesFail
 43149283  1 0 ses2MesFail
 53457068  1 0 AltDetFail
271693722  1 1 PASS
 60122236  1 0 ses2MesFail
125497512  1 0 ses2MesFail
125497512  2 0 SecondaryOfPN_01
125497512  3 0 AltDetFail
761960972  1 0 AltDetFail
761960972  2 0 AltDetFail
147035057  1 0 ses2MesFail
 37443756  1 1 PASS
140284119  1 0 ses2MesFail
300651846  1 1 PASS
300651846  2 0 SecondaryOfPN_01
300651846  3 0 AltDetFail
 97578357  1 0 ses2MesFail
 97578357  2 0 ses2MesFail
231799463  1 0 ses2MesFail
235073057  1 1 PASS
293689266  1 1 PASS
206791096  1 1 PASS
172464366  1 1 PASS
 52689469  1 1 PASS
300012172  1 0 ses2MesFail
300012172  2 0 AltDetFail
231972938  1 1 PASS
231972938  2 0 SecondaryOfPN_01
 33938658  1 0 ChasesFail
 64608449  1 1 PASS
 64608449  2 0 SecondaryOfPN_01
 64608449  3 0 ses2MesFail
 64608449  4 0 SecondaryOfPN_02
 64608449  5 1 PASS
234699869  1 1 PASS
364302118  1 0 newMesShrink
364302118  2 0 AltDetFail
382266319  1 0 ses2MesFail
382266319  2 0 ses2MesFail
382266319  3 0 AltDetFail
150167117  1 1 PASS
358154354  1 1 PASS
358154354  2 0 AltDetFail
358154354  3 0 AltDetFail
150188736  1 0 ses2MesFail
385676511  1 1 PASS
386523861  1 0 ChasesFail
143271144  1 1 PASS
350480660  1 1 PASS
350480660  2 0 SecondaryOfPN_01
 30267198  1 1 PASS
457092262  1 0 AltDetFail
234608619  1 0 ses2MesFail
140900726  1 1 PASS
 22866086  1 1 PASS
453855004  1 0 AltDetFail
453855004  2 0 AltDetFail
453855004  3 0 AltDetFail
 53820984  1 1 PASS
143117999  1 1 PASS
143117999  2 0 SecondaryOfPN_01
271806353  1 1 PASS
  5367455  1 1 PASS
  5367455  2 0 AltDetFail
238932509  1 1 PASS
160328683  1 1 PASS
160328683  2 0 ses2MesFail
 34264274  1 0 ses2MesFail
 34264274  2 0 AltDetFail
220622233  1 0 ses2MesFail
123573766  1 1 PASS
123573766  2 0 SecondaryOfPN_01
206844439  1 1 PASS
206844439  2 0 ses2MesFail
393385288  1 0 ses2MesFail
 98545929  1 1 PASS
322819134  1 1 PASS
119403076  1 1 PASS
119403076  2 0 SecondaryOfPN_01
149601557  1 0 ses2MesFail
438170014  1 1 PASS
438212183  1 1 PASS
735229757  1 0 AltDetFail
735229757  2 0 AltDetFail
 33834564  1 0 ses2MesFail
149176080  1 0 AltDetFail
149176080  2 0 AltDetFail
440777904  1 1 PASS
354571976  1 1 PASS
290716988  1 0 ses2MesFail
290716988  2 0 ChasesFail
270575126  1 1 PASS
382028425  1 1 PASS
382028425  2 0 SecondaryOfPN_01
 72090499  1 1 PASS
348992095  1 0 ses2MesFail
348992095  2 0 ses2MesFail
238926969  1 0 AltDetFail
180972066  1 0 ChasesFail
 55369219  1 0 ses2MesFail
235056307  1 0 ses2MesFail
404851207  1 1 PASS
277298771  1 0 ses2MesFail
 42892530  1 1 PASS
262603388  1 0 ses2MesFail
714353074  1 1 PASS
714353074  2 0 SecondaryOfPN_01
461678075  1 1 PASS
 67196573  1 1 PASS
 40717334  1 1 PASS
 79140936  1 0 ses2MesFail
 79140936  2 1 PASS
 79140936  3 0 SecondaryOfPN_02
202227479  1 0 AltDetFail
206785987  1 1 PASS
471015240  1 0 AltDetFail
 33989652  1 1 PASS
256992417  1 1 PASS
256992417  2 0 SecondaryOfPN_01
148290432  1 1 PASS
148290432  2 0 SecondaryOfPN_01
147178211  1 0 AltDetFail
147178211  2 0 AltDetFail
147178211  3 0 AltDetFail
177255827  1 0 ses2MesFail
255594396  1 1 PASS
255594396  2 0 SecondaryOfPN_01
382101519  1 0 AltDetFail
382101519  2 0 AltDetFail
268371979  1 1 PASS
156836699  1 1 PASS
 66561343  1 1 PASS
219175972  1 1 PASS
238129783  1 1 PASS
 99692607  1 0 ChasesFail
291301082  1 1 PASS
291301082  2 1 PASS
  5283033  1 0 ses2MesFail
 32874667  1 0 ses2MesFail
130513139  1 0 ChasesFail
130513139  2 1 PASS
156933657  1 0 ses2MesFail
350274840  1 1 PASS
172193428  1 1 PASS
 96246348  1 1 PASS
 48747944  1 1 PASS
 48747944  2 0 SecondaryOfPN_01
438109190  1 1 PASS
438109190  2 0 ses2MesFail
276934414  1 0 AltDetFail
219396049  1 0 ses2MesFail
 36292437  1 0 AltDetFail
272232401  1 0 ses2MesFail
272232401  2 0 ses2MesFail
272232401  3 0 ChasesFail
350618622  1 0 ses2MesFail
 53122807  1 1 PASS
281430065  1 1 PASS
143209292  1 0 ChasesFail
167754525  1 1 PASS
 96798502  1 1 PASS
142471457  1 0 AltDetFail
 95328477  1 0 ses2MesFail
167208380  1 0 ses2MesFail
147314529  1 0 AltDetFail
141871560  1 0 ses2MesFail
141871560  2 0 SecondaryOfPN_01
452357628  1 0 ChasesFail
 42821097  1 1 PASS
231915964  1 1 PASS
 25081575  1 1 PASS
156577475  1 1 PASS
156577475  2 0 SecondaryOfPN_01
 72304931  1 0 ses2MesFail
 72304931  2 0 SecondaryOfPN_01
 33148853  1 0 AltDetFail
 33148853  2 0 AltDetFail
172742334  1 1 PASS
 88921040  1 0 ses2MesFail
 71684026  1 0 ses2MesFail
 59547736  1 0 AltDetFail
177598393  1 1 PASS
237635371  1 0 newMesShrink
 26586727  1 1 PASS
178261151  1 1 PASS
349647488  1 0 ses2MesFail
349647488  2 0 SecondaryOfPN_01
348897766  1 0 AltDetFail
177352893  1 1 PASS
 97158538  1 1 PASS
 89011983  1 0 ses2MesFail
 37307440  1 1 PASS
 37307440  2 0 SecondaryOfPN_01
 80920929  1 1 PASS
281423013  1 1 PASS
281423013  2 1 PASS
151233402  1 0 ses2MesFail
151233402  2 0 AltDetFail
 39584562  1 0 AltDetFail
317548889  1 1 PASS
 48752905  1 1 PASS
232189023  1 0 AltDetFail
237808867  1 1 PASS
234212188  1 1 PASS
220479565  1 1 PASS
 79292541  1 1 PASS
 34077285  1 1 PASS
 34077285  2 1 PASS
 34077285  3 1 PASS
144500485  1 0 AltDetFail
144500485  2 0 AltDetFail
201508515  1 1 PASS
350477767  1 0 ses2MesFail
438338723  1 1 PASS
350025488  1 1 PASS
440801822  1 1 PASS
293271581  1 1 PASS
293271581  2 0 AltDetFail
293271581  3 0 AltDetFail
201391310  1 0 ses2MesFail
177807299  1 0 ses2MesFail
 33091633  1 1 PASS
 30034081  1 0 ses2MesFail
148722215  1 1 PASS
148722215  2 0 SecondaryOfPN_01
260502102  1 1 PASS
260502102  2 0 ses2MesFail
385812208  1 1 PASS
 53603189  1 0 AltDetFail
 53603189  2 0 AltDetFail
 14498338  1 0 ses2MesFail
 14498338  2 0 AltDetFail
234933888  1 1 PASS
234933888  2 0 SecondaryOfPN_01
 55781202  1 0 ses2MesFail
 55781202  2 0 newMesBelowThresh
343936388  1 1 PASS
167896870  1 0 ses2MesFail
350479496  1 1 PASS
350479496  2 0 SecondaryOfPN_01
157340109  1 0 AltDetFail
 11961096  1 1 PASS
 11961096  2 0 SecondaryOfPN_01
393480428  1 0 ses2MesFail
393480428  2 0 SecondaryOfPN_01
393480428  3 0 AltDetFail
 49701947  1 1 PASS
 49701947  2 0 SecondaryOfPN_01
434390615  1 1 PASS
434390615  2 0 newMesBelowThresh
124227834  1 0 AltDetFail
340216382  1 1 PASS
294092966  1 1 PASS
294092966  2 0 SecondaryOfPN_01
294092966  3 0 AltDetFail
 79134838  1 0 ses2MesFail
278138619  1 1 PASS
409319605  1 0 ses2MesFail
409319605  2 0 ses2MesFail
409319605  3 0 AltDetFail
167163906  1 0 ses2MesFail
262320829  1 0 AltDetFail
262320829  2 0 AltDetFail
 97577537  1 0 AltDetFail
 97577537  2 0 ses2MesFail
 33737236  1 0 ses2MesFail
167415965  1 1 PASS
265813458  1 1 PASS
 93207761  1 0 ses2MesFail
 52491422  1 0 ses2MesFail
282576340  1 1 PASS
375148300  1 0 ses2MesFail
349156098  1 1 PASS
349156098  2 0 SecondaryOfPN_01
 22868366  1 1 PASS
317599048  1 0 ChasesFail
 24450869  1 0 ChasesFail
 52169698  1 1 PASS
 64459049  1 0 AltDetFail
 64459049  2 0 AltDetFail
238229705  1 0 ses2MesFail
291499489  1 1 PASS
158735719  1 1 PASS
158735719  2 0 SecondaryOfPN_01
272357134  1 1 PASS
272357134  2 0 SecondaryOfPN_01
255587619  1 1 PASS
438295981  1 1 PASS
389830140  1 0 AltDetFail
 33521996  1 1 PASS
307291318  1 0 ses2MesFail
263996264  1 0 newMesShrink
 32707063  1 0 ses2MesFail
 91927362  1 0 ses2MesFail
263179590  1 1 PASS
438524691  1 1 PASS
148399880  1 1 PASS
149059954  1 0 AltDetFail
149059954  2 0 AltDetFail
 21540586  1 0 ses2MesFail
 21540586  2 0 ses2MesFail
301273782  1 1 PASS
270885295  1 0 AltDetFail
270885295  2 0 AltDetFail
277022838  1 0 AltDetFail
279957325  1 1 PASS
 42991745  1 0 AltDetFail
279615956  1 1 PASS
141608198  1 1 PASS
 11756053  1 1 PASS
 64600977  1 1 PASS
 64600977  2 0 SecondaryOfPN_01
804762481  1 1 PASS
270676778  1 0 AltDetFail
270676778  2 0 AltDetFail
270676778  3 0 AltDetFail
 33692729  1 1 PASS
 50993470  1 1 PASS
737802458  1 0 ChasesFail
172463638  1 0 ses2MesFail
172463638  2 0 newMesBelowThresh
219208037  1 1 PASS
 52548453  1 1 PASS
 60104280  1 0 AltDetFail
 60104280  2 0 AltDetFail
232032071  1 1 PASS
232032071  2 1 PASS
 60118748  1 1 PASS
255760319  1 1 PASS
260131665  1 0 ses2MesFail
291555748  1 1 PASS
 49771092  1 1 PASS
376940751  1 1 PASS
167418903  1 1 PASS
271795511  1 1 PASS
364395234  1 1 PASS
250592517  1 1 PASS
250592517  2 0 newMesBelowThresh
260636730  1 0 ses2MesFail
260636730  2 1 PASS
685552894  1 1 PASS
150442264  1 0 ses2MesFail
150442264  2 0 SecondaryOfPN_01
100757807  1 0 ses2MesFail
229246121  1 1 PASS
350563998  1 0 AltDetFail
232052561  1 0 newMesShrink
232052561  2 0 SecondaryOfPN_01
176874062  1 1 PASS
176874062  2 0 SecondaryOfPN_01
 39726511  1 0 AltDetFail
 97356407  1 0 ses2MesFail
124689860  1 0 ses2MesFail
124689860  2 0 AltDetFail
124689860  3 0 AltDetFail
 22767596  1 1 PASS
271891552  1 1 PASS
124688144  1 1 PASS
124688144  2 0 SecondaryOfPN_01
124688144  3 0 AltDetFail
 41364284  1 1 PASS
409385807  1 1 PASS
409385807  2 0 AltDetFail
409385807  3 0 AltDetFail
281716779  1 1 PASS
124645099  1 0 ses2MesFail
150429807  1 0 ses2MesFail
167039082  1 1 PASS
387614873  1 1 PASS
387614873  2 0 AltDetFail
387614873  3 0 AltDetFail
 98540149  1 1 PASS
369598885  1 1 PASS
119289797  1 0 ses2MesFail
260003467  1 1 PASS
229384040  1 1 PASS
287438823  1 0 ses2MesFail
287438823  2 0 SecondaryOfPN_01
 25051118  1 1 PASS
 25051118  2 0 AltDetFail
160328766  1 1 PASS
160328766  2 0 SecondaryOfPN_01
300969581  1 0 ses2MesFail
124942311  1 1 PASS
 22863205  1 1 PASS
255548311  1 1 PASS
255548311  2 0 SecondaryOfPN_01
322819854  1 1 PASS
219205407  1 1 PASS
409262929  1 1 PASS
409262929  2 0 SecondaryOfPN_01
241986937  1 1 PASS
177120452  1 1 PASS
238951019  1 0 AltDetFail
238951019  2 0 AltDetFail
302928031  1 0 ses2MesFail
167201539  1 1 PASS
167201539  2 0 SecondaryOfPN_01
 20299658  1 0 ses2MesFail
 62003244  1 0 newMesShrink
 62003244  2 0 SecondaryOfPN_01
301282220  1 1 PASS
301282220  2 0 SecondaryOfPN_01
150357290  1 1 PASS
438536177  1 1 PASS
438536177  2 0 ses2MesFail
 66599481  1 1 PASS
134549022  1 1 PASS
 52543092  1 0 AltDetFail
350298319  1 0 ses2MesFail
 29778064  1 0 ses2MesFail
 29778064  2 0 AltDetFail
  4616072  1 1 PASS
733027940  1 0 ses2MesFail
733027940  2 0 ses2MesFail
 98283926  1 1 PASS
278863611  1 0 AltDetFail
278863611  2 0 AltDetFail
307306545  1 1 PASS
294269932  1 1 PASS
294269932  2 0 AltDetFail
284613090  1 1 PASS
284613090  2 0 SecondaryOfPN_01
257064029  1 1 PASS
124033255  1 1 PASS
124033255  2 0 SecondaryOfPN_01
140659978  1 1 PASS
140659978  2 0 SecondaryOfPN_01
100608026  1 1 PASS
220457603  1 0 ses2MesFail
173077965  1 1 PASS
294396726  1 0 ses2MesFail
294396726  2 0 AltDetFail
167974648  1 1 PASS
294395926  1 1 PASS
 43250275  1 1 PASS
 43250275  2 1 PASS
 43250275  3 0 AltDetFail
317131228  1 0 AltDetFail
317131228  2 0 AltDetFail
317131228  3 0 AltDetFail
 66602813  1 0 ses2MesFail
 66602813  2 0 newMesBelowThresh
 66602813  3 0 AltDetFail
141866704  1 1 PASS
300141210  1 1 PASS
300141210  2 0 SecondaryOfPN_01
 32949762  1 1 PASS
 32949762  2 1 PASS
250484865  1 1 PASS
 10171418  1 1 PASS
148589486  1 0 ses2MesFail
232132679  1 1 PASS
232132679  2 0 SecondaryOfPN_01
232132679  3 0 SecondaryOfPN_01
232132679  4 0 SecondaryOfPN_01
 53421179  1 1 PASS
290044434  1 1 PASS
 49672084  1 0 ChasesFail
 22730598  1 0 ses2MesFail
276793048  1 1 PASS
299655932  1 1 PASS
156987351  1 1 PASS
287355511  1 1 PASS
287355511  2 0 ses2MesFail
278825952  1 0 ses2MesFail
278825952  2 0 ses2MesFail
 25078924  1 1 PASS
 25078924  2 0 ses2MesFail
 25078924  3 0 SecondaryOfPN_01
220433363  1 0 ses2MesFail
235223398  1 1 PASS
150428135  1 1 PASS
393091085  1 0 AltDetFail
173077966  1 1 PASS
 10823084  1 1 PASS
 10823084  2 0 SecondaryOfPN_01
349152140  1 0 ses2MesFail
293968698  1 0 ses2MesFail
293968698  2 0 ses2MesFail
 55453391  1 0 ses2MesFail
408968431  1 0 AltDetFail
350443417  1 0 ses2MesFail
350443417  2 0 newMesShrink
350443417  3 0 AltDetFail
167747439  1 1 PASS
167747439  2 0 SecondaryOfPN_01
157316453  1 1 PASS
134226668  1 0 AltDetFail
134226668  2 0 AltDetFail
 78568716  1 1 PASS
 78568716  2 0 SecondaryOfPN_01
 23084451  1 1 PASS
300560295  1 0 ses2MesFail
300560295  2 1 PASS
167251459  1 1 PASS
260269456  1 1 PASS
 30312711  1 1 PASS
759121209  1 1 PASS
349192028  1 0 ses2MesFail
167810285  1 0 ses2MesFail
386196828  1 0 ses2MesFail
 32499655  1 1 PASS
233970100  1 1 PASS
179308939  1 1 PASS
177714991  1 1 PASS
299314706  1 1 PASS
177162886  1 1 PASS
123903216  1 0 AltDetFail
201426753  1 1 PASS
201426753  2 0 ses2MesFail
 78450017  1 1 PASS
306773020  1 0 newMesShrink
294394049  1 1 PASS
294394049  2 0 AltDetFail
232402456  1 0 newMesShrink
123849256  1 0 newMesShrink
237979468  1 1 PASS
124181228  1 0 ses2MesFail
 71630310  1 0 ses2MesFail
350431335  1 1 PASS
350431335  2 0 AltDetFail
277298434  1 1 PASS
277298434  2 0 AltDetFail
 60040774  1 1 PASS
167247124  1 0 ChasesFail
238197709  1 1 PASS
237426126  1 0 ses2MesFail
260504147  1 1 PASS
177514185  1 0 AltDetFail
247923859  1 0 ses2MesFail
247923859  2 0 ses2MesFail
247923859  3 0 newMesShrink
147182981  1 0 AltDetFail
147182981  2 0 AltDetFail
 95330264  1 0 ChasesFail
409384325  1 1 PASS
 78740218  1 1 PASS
453120217  1 0 AltDetFail
453120217  2 0 AltDetFail
237694169  1 1 PASS
445260697  1 1 PASS
106493402  1 0 ChasesFail
106493402  2 0 ChasesFail
309617141  1 0 ses2MesFail
 80914862  1 1 PASS
 80914862  2 1 PASS
 72426025  1 0 ses2MesFail
319863494  1 1 PASS
319863494  2 0 ses2MesFail
134200185  1 1 PASS
 37606355  1 0 ChasesFail
 63359522  1 0 ses2MesFail
 63359522  2 0 ses2MesFail
445330462  1 0 ses2MesFail
508295746  1 0 ses2MesFail
281581467  1 1 PASS
350861103  1 1 PASS
234038814  1 0 AltDetFail
234038814  2 0 AltDetFail
158820278  1 0 ses2MesFail
207328124  1 1 PASS
150443296  1 1 PASS
382069435  1 0 ses2MesFail
142109430  1 0 AltDetFail
207245989  1 0 ChasesFail
124181500  1 0 newMesShrink
141096229  1 0 ses2MesFail
141606660  1 1 PASS
 14565559  1 0 AltDetFail
 53688990  1 1 PASS
436535192  1 1 PASS
176775425  1 0 ses2MesFail
176775425  2 0 AltDetFail
 32944643  1 1 PASS
  4783276  1 0 ses2MesFail
  4783276  2 1 PASS
  4783276  3 0 AltDetFail
  4783276  4 0 AltDetFail
229178824  1 1 PASS
229178824  2 0 AltDetFail
294209741  1 1 PASS
235277567  1 0 AltDetFail
125504310  1 1 PASS
 80571902  1 0 ses2MesFail
 80571902  2 1 PASS
 26469462  1 0 newMesBelowThresh
 20144513  1 0 ses2MesFail
 20144513  2 0 AltDetFail
 93441696  1 0 AltDetFail
150187916  1 1 PASS
150187916  2 0 SecondaryOfPN_01
150187916  3 0 ses2MesFail
 88921674  1 1 PASS
 88921674  2 0 SecondaryOfPN_01
 55746262  1 1 PASS
 55746262  2 0 SecondaryOfPN_01
 64211715  1 1 PASS
 64211715  2 0 AltDetFail
  7491381  1 0 ses2MesFail
317603510  1 1 PASS
237532447  1 1 PASS
 25704773  1 1 PASS
 24450633  1 0 AltDetFail
 98161143  1 0 AltDetFail
264412426  1 1 PASS
 53059882  1 1 PASS
 53059882  2 0 SecondaryOfPN_01
 89102329  1 0 ses2MesFail
278731274  1 0 ses2MesFail
278731274  2 0 ChasesFail
125406140  1 1 PASS
300810086  1 1 PASS
167007869  1 1 PASS
142105158  1 1 PASS
206906112  1 1 PASS
123672203  1 1 PASS
123672203  2 0 AltDetFail
307252430  1 0 ses2MesFail
293228989  1 1 PASS
157568289  1 1 PASS
 66232113  1 0 AltDetFail
 32830028  1 1 PASS
443058903  1 0 AltDetFail
443058903  2 0 AltDetFail
322740763  1 0 ses2MesFail
235052242  1 0 ChasesFail
235052242  2 0 ChasesFail
339770560  1 0 ses2MesFail
220475245  1 1 PASS
 99081747  1 1 PASS
 99081747  2 0 SecondaryOfPN_01
 31961007  1 1 PASS
 31961007  2 0 SecondaryOfPN_01
 31869740  1 1 PASS
106752670  1 1 PASS
391745744  1 1 PASS
232023953  1 0 ses2MesFail
220473309  1 0 ses2MesFail
167572975  1 0 newMesShrink
140830390  1 1 PASS
232038798  1 1 PASS
234090977  1 0 ses2MesFail
 48232997  1 0 ses2MesFail
340179350  1 1 PASS
340179350  2 0 SecondaryOfPN_01
287872033  1 0 ses2MesFail
 30531417  1 0 AltDetFail
 30531417  2 0 AltDetFail
123846039  1 1 PASS
140760434  1 0 ses2MesFail
291551403  1 0 ses2MesFail
220430912  1 0 ses2MesFail
220430912  2 0 ses2MesFail
144486786  1 0 AltDetFail
144486786  2 0 AltDetFail
124494465  1 0 ses2MesFail
124494465  2 0 ChasesFail
124494465  3 0 ses2MesFail
 26587095  1 1 PASS
 34368383  1 0 AltDetFail
300866996  1 0 ses2MesFail
149539114  1 0 ses2MesFail
206884571  1 0 ses2MesFail
167031605  1 1 PASS
434294623  1 1 PASS
434294623  2 0 SecondaryOfPN_01
434294623  3 0 newMesShrink
434294623  4 0 newMesBelowThresh
434294623  5 0 SecondaryOfPN_04
443055162  1 1 PASS
443055162  2 0 SecondaryOfPN_01
 55269690  1 0 ses2MesFail
 81329338  1 1 PASS
 37601240  1 0 ses2MesFail
 37601240  2 0 SecondaryOfPN_01
282309182  1 1 PASS
282309182  2 0 SecondaryOfPN_01
373918302  1 1 PASS
270429780  1 1 PASS
270429780  2 0 AltDetFail
 37770169  1 1 PASS
231742782  1 1 PASS
172598832  1 1 PASS
153096424  1 0 AltDetFail
153096424  2 0 AltDetFail
150101472  1 1 PASS
 63301562  1 0 AltDetFail
 59864978  1 0 ChasesFail
 92013169  1 1 PASS
140569949  1 0 newMesShrink
140569949  2 0 newMesShrink
255704097  1 1 PASS
262695425  1 0 AltDetFail
 64701575  1 0 ses2MesFail
443174527  1 1 PASS
234009971  1 1 PASS
 78568780  1 0 newMesShrink
 78568780  2 0 SecondaryOfPN_01
231072998  1 0 ses2MesFail
192849961  1 0 AltDetFail
192849961  2 0 AltDetFail
167339584  1 1 PASS
167339584  2 0 AltDetFail
264232702  1 0 ses2MesFail
264232702  2 0 ChasesFail
143093820  1 0 AltDetFail
143093820  2 0 AltDetFail
143093820  3 0 AltDetFail
337265435  1 0 ses2MesFail
280210963  1 1 PASS
453149742  1 1 PASS
271799457  1 1 PASS
167119957  1 1 PASS
167119957  2 0 AltDetFail
150167319  1 0 ses2MesFail
179155220  1 0 AltDetFail
309659126  1 0 AltDetFail
220275894  1 0 AltDetFail
220275894  2 0 AltDetFail
178124696  1 0 AltDetFail
440758829  1 0 ses2MesFail
 51897728  1 0 ses2MesFail
 51897728  2 0 AltDetFail
260353841  1 0 newMesShrink
260353841  2 0 AltDetFail
762692445  1 1 PASS
762692445  2 0 ses2MesFail
318894823  1 1 PASS
706007289  1 0 AltDetFail
 38469354  1 0 ses2MesFail
 38469354  2 1 PASS
308055615  1 1 PASS
234624242  1 0 ses2MesFail
234624242  2 0 newMesBelowThresh
234624242  3 0 SecondaryOfPN_01
234624242  4 0 SecondaryOfPN_01
 42566802  1 1 PASS
 42566802  2 0 SecondaryOfPN_01
393491149  1 0 AltDetFail
409459226  1 1 PASS
 33689168  1 1 PASS
237509582  1 0 ChasesFail
149603524  1 1 PASS
140635111  1 1 PASS
319933145  1 1 PASS
 53458803  1 1 PASS
 32590805  1 1 PASS
150437346  1 1 PASS
282387411  1 0 AltDetFail
 53417036  1 0 ses2MesFail
 53417036  2 0 ses2MesFail
339637059  1 0 ses2MesFail
339637059  2 0 SecondaryOfPN_01
320413718  1 1 PASS
320413718  2 0 SecondaryOfPN_01
358176584  1 0 ses2MesFail
339890862  1 1 PASS
339890862  2 0 SecondaryOfPN_01
100776118  1 0 ses2MesFail
373915220  1 1 PASS
373915220  2 0 SecondaryOfPN_01
148463213  1 0 ses2MesFail
148463213  2 0 ses2MesFail
 60523137  1 1 PASS
 60523137  2 0 SecondaryOfPN_01
 53901695  1 1 PASS
 53901695  2 0 SecondaryOfPN_01
 53901695  3 1 PASS
 61503082  1 1 PASS
219203188  1 0 AltDetFail
438226559  1 0 ses2MesFail
314826949  1 1 PASS
157571722  1 0 ses2MesFail
106627605  1 0 ses2MesFail
370236000  1 0 AltDetFail
370236000  2 0 AltDetFail
370236000  3 0 AltDetFail
158937451  1 0 ses2MesFail
158937451  2 0 ses2MesFail
158937451  3 0 ChasesFail
260417932  1 1 PASS
 32677026  1 0 ses2MesFail
141768070  1 1 PASS
 61492170  1 1 PASS
438226195  1 1 PASS
438226195  2 0 SecondaryOfPN_01
 36352297  1 1 PASS
100205373  1 0 newMesShrink
349408306  1 1 PASS
349408306  2 0 SecondaryOfPN_01
279161495  1 0 ses2MesFail
232132603  1 1 PASS
232132603  2 0 SecondaryOfPN_01
172465338  1 1 PASS
172465338  2 0 AltDetFail
 97700520  1 1 PASS
 97700520  2 0 SecondaryOfPN_01
514563738  1 0 newMesShrink
339633702  1 1 PASS
339633702  2 0 SecondaryOfPN_01
339633702  3 0 AltDetFail
168114998  1 0 AltDetFail
167526485  1 1 PASS
425068409  1 1 PASS
333607525  1 1 PASS
386423419  1 1 PASS
386527071  1 1 PASS
 22529346  1 1 PASS
134471108  1 1 PASS
438461056  1 0 ses2MesFail
339668420  1 0 ses2MesFail
393389739  1 1 PASS
177332803  1 1 PASS
177332803  2 0 SecondaryOfPN_01
354518617  1 1 PASS
354518617  2 1 PASS
148935060  1 0 ses2MesFail
100204397  1 0 AltDetFail
111314129  1 1 PASS
111314129  2 0 SecondaryOfPN_01
237818181  1 1 PASS
232030067  1 1 PASS
232030067  2 0 SecondaryOfPN_01
141428309  1 0 ses2MesFail
 66740505  1 0 ChasesFail
 66740505  2 0 ChasesFail
 36009949  1 1 PASS
 31109583  1 1 PASS
231928131  1 0 AltDetFail
165148663  1 1 PASS
306658481  1 1 PASS
306658481  2 0 SecondaryOfPN_01
260265964  1 1 PASS
 65549019  1 1 PASS
 65549019  2 0 newMesBelowThresh
 65549019  3 0 AltDetFail
173180455  1 0 ses2MesFail
292642288  1 1 PASS
150299840  1 0 ses2MesFail
 59843967  1 1 PASS
 34795511  1 1 PASS
 34795511  2 0 SecondaryOfPN_01
 23041132  1 1 PASS
 63572058  1 0 AltDetFail
 63572058  2 0 AltDetFail
 72168480  1 1 PASS
 72168480  2 1 PASS
382302241  1 1 PASS
220474209  1 1 PASS
220474209  2 0 newMesShrink
319434771  1 0 AltDetFail
319434771  2 0 AltDetFail
453856042  1 0 ses2MesFail
157000246  1 0 ses2MesFail
157000246  2 0 ses2MesFail
234721120  1 1 PASS
 55848818  1 1 PASS
 55848818  2 0 AltDetFail
 52641430  1 1 PASS
309659124  1 0 AltDetFail
309659124  2 0 AltDetFail
235161128  1 0 AltDetFail
235161128  2 0 AltDetFail
235161128  3 0 AltDetFail
282051790  1 0 ses2MesFail
372851229  1 0 AltDetFail
372851229  2 0 AltDetFail
 98080595  1 1 PASS
440801931  1 0 ses2MesFail
354571603  1 0 ses2MesFail
124227849  1 0 AltDetFail
382068562  1 1 PASS
355450245  1 1 PASS
355450245  2 0 SecondaryOfPN_01
306576958  1 0 AltDetFail
282028338  1 1 PASS
 40340867  1 1 PASS
 40612150  1 1 PASS
 26182280  1 0 ses2MesFail
 26182280  2 0 AltDetFail
 80042405  1 0 ses2MesFail
250445175  1 1 PASS
250492521  1 1 PASS
176762992  1 0 AltDetFail
176762992  2 0 AltDetFail
 97568467  1 1 PASS
 33740419  1 0 AltDetFail
 33740419  2 0 AltDetFail
391925531  1 0 ses2MesFail
287638396  1 0 AltDetFail
287638396  2 0 AltDetFail
255756592  1 0 AltDetFail
255756592  2 0 AltDetFail
255756592  3 0 AltDetFail
339859782  1 0 ChasesFail
264749962  1 0 AltDetFail
264749962  2 0 AltDetFail
264749962  3 0 AltDetFail
381949410  1 0 ses2MesFail
260353507  1 1 PASS
260353507  2 0 AltDetFail
 98479862  1 1 PASS
 98479862  2 0 SecondaryOfPN_01
 64365035  1 1 PASS
 93281951  1 0 ChasesFail
294328887  1 0 AltDetFail
294328887  2 0 AltDetFail
393414358  1 1 PASS
284232312  1 0 AltDetFail
284232312  2 0 AltDetFail
 60174652  1 0 AltDetFail
 60174652  2 0 AltDetFail
255758536  1 1 PASS
 38029387  1 1 PASS
 55601705  1 1 PASS
279572957  1 1 PASS
234112540  1 1 PASS
269279779  1 1 PASS
 31672006  1 1 PASS
 31672006  2 0 SecondaryOfPN_01
425173292  1 1 PASS
260043723  1 1 PASS
124651221  1 1 PASS
 37254960  1 0 ChasesFail
255589523  1 0 AltDetFail
255589523  2 0 AltDetFail
 33194538  1 1 PASS
260131643  1 1 PASS
 59859387  1 1 PASS
294273900  1 0 ses2MesFail
294273900  2 0 AltDetFail
 31273263  1 0 ses2MesFail
120269103  1 1 PASS
 49701369  1 1 PASS
 49701369  2 0 SecondaryOfPN_01
220435095  1 1 PASS
140691463  1 1 PASS
124199788  1 1 PASS
139646768  1 0 ses2MesFail
139646768  2 1 PASS
148508281  1 0 AltDetFail
147977348  1 1 PASS
 29830830  1 0 ChasesFail
235169427  1 1 PASS
 31814089  1 0 ses2MesFail
453194921  1 1 PASS
179308923  1 0 AltDetFail
 52914861  1 1 PASS
 53561681  1 1 PASS
 49079670  1 1 PASS
300383439  1 0 ses2MesFail
277108449  1 1 PASS
 12036589  1 1 PASS
 64779742  1 1 PASS
 64779742  2 0 AltDetFail
333247721  1 1 PASS
333247721  2 0 SecondaryOfPN_01
147700318  1 1 PASS
147700318  2 0 AltDetFail
425070148  1 1 PASS
 60073880  1 1 PASS
438119688  1 1 PASS
264168155  1 0 AltDetFail
264168155  2 0 AltDetFail
270801101  1 0 AltDetFail
219210314  1 1 PASS
150320620  1 1 PASS
140757571  1 1 PASS
 25155310  1 1 PASS
 99086567  1 1 PASS
148097013  1 0 ChasesFail
119292328  1 1 PASS
 64360693  1 1 PASS
 64360693  2 0 newMesShrink
 63199675  1 1 PASS
 63303499  1 1 PASS
 80771798  1 1 PASS
 80771798  2 0 SecondaryOfPN_01
 93334206  1 1 PASS
 93334206  2 0 SecondaryOfPN_01
179107794  1 1 PASS
235211013  1 1 PASS
153691038  1 0 AltDetFail
153691038  2 0 AltDetFail
177126182  1 1 PASS
231922739  1 0 ses2MesFail
231922739  2 0 AltDetFail
140580579  1 1 PASS
140580579  2 0 SecondaryOfPN_01
140580579  3 0 SecondaryOfPN_01
306612361  1 0 ses2MesFail
167554898  1 1 PASS
284129581  1 1 PASS
284129581  2 0 SecondaryOfPN_01
153404317  1 1 PASS
438495396  1 0 AltDetFail
438495396  2 0 AltDetFail
438495396  3 0 AltDetFail
123884409  1 1 PASS
282502866  1 1 PASS
220622820  1 1 PASS
 97572992  1 0 ses2MesFail
 32599603  1 1 PASS
 32599603  2 0 SecondaryOfPN_01
278198753  1 1 PASS
120674276  1 0 newMesBelowThresh
120674276  2 0 newMesShrink
120674276  3 0 AltDetFail
120674276  4 0 AltDetFail
235410508  1 0 AltDetFail
235410508  2 0 AltDetFail
438330671  1 0 AltDetFail
 42755801  1 1 PASS
172622053  1 1 PASS
 97489285  1 1 PASS
737705489  1 0 ses2MesFail
156883253  1 0 ses2MesFail
434313508  1 1 PASS
147835092  1 1 PASS
 53744148  1 1 PASS
264599508  1 1 PASS
264599508  2 0 SecondaryOfPN_01
255618973  1 0 ses2MesFail
350145729  1 0 ses2MesFail
260476837  1 1 PASS
170224449  1 1 PASS
 47911178  1 1 PASS
142082942  1 0 ses2MesFail
317330474  1 0 ses2MesFail
234940928  1 0 ses2MesFail
295272373  1 1 PASS
 66057631  1 0 newMesShrink
461840345  1 1 PASS
 59855698  1 0 ses2MesFail
 59855698  2 0 ses2MesFail
 59855698  3 0 AltDetFail
443421962  1 0 AltDetFail
443421962  2 0 AltDetFail
443421962  3 0 AltDetFail
382437417  1 1 PASS
389830172  1 0 AltDetFail
438518722  1 0 ses2MesFail
434372789  1 0 ses2MesFail
339672028  1 1 PASS
 37117064  1 0 ses2MesFail
100481123  1 0 ses2MesFail
100481123  2 0 ses2MesFail
 59725961  1 1 PASS
176872276  1 0 ses2MesFail
 65412605  1 1 PASS
319039689  1 1 PASS
 30848598  1 1 PASS
231721550  1 0 ChasesFail
231721550  2 0 ses2MesFail
282270717  1 0 ses2MesFail
385757807  1 0 ses2MesFail
385757807  2 0 ses2MesFail
385757807  3 0 ses2MesFail
192826603  1 1 PASS
749965286  1 1 PASS
749965286  2 0 SecondaryOfPN_01
278990954  1 0 ses2MesFail
192928030  1 1 PASS
192928030  2 0 SecondaryOfPN_01
317951248  1 1 PASS
 12096074  1 0 AltDetFail
 81579641  1 1 PASS
234668290  1 0 ses2MesFail
231809798  1 1 PASS
 96799506  1 0 ses2MesFail
 96799506  2 1 PASS
155535345  1 0 ses2MesFail
317865610  1 0 ses2MesFail
219164808  1 1 PASS
 53586448  1 0 ses2MesFail
278683641  1 1 PASS
278683641  2 0 SecondaryOfPN_01
124192473  1 0 AltDetFail
259675295  1 1 PASS
259675295  2 0 SecondaryOfPN_01
 60382241  1 1 PASS
157459952  1 1 PASS
157459952  2 0 SecondaryOfPN_01
 40797468  1 0 AltDetFail
 64360680  1 1 PASS
168191566  1 1 PASS
167812449  1 1 PASS
167812449  2 0 SecondaryOfPN_01
124018695  1 1 PASS
125498216  1 0 ses2MesFail
125498216  2 0 SecondaryOfPN_01
344026538  1 1 PASS
 93126844  1 1 PASS
 80567842  1 1 PASS
268778473  1 1 PASS
268778473  2 0 SecondaryOfPN_01
 34141266  1 1 PASS
148002142  1 1 PASS
440779601  1 0 ChasesFail
229384836  1 1 PASS
142525484  1 1 PASS
142525484  2 0 AltDetFail
 52541466  1 1 PASS
124778445  1 1 PASS
177722855  1 1 PASS
375034557  1 0 newMesBelowThresh
382260153  1 1 PASS
354571604  1 0 ses2MesFail
350332997  1 1 PASS
237605045  1 0 ses2MesFail
140802498  1 1 PASS
140802498  2 0 SecondaryOfPN_01
251183814  1 1 PASS
 33004581  1 0 AltDetFail
232133716  1 1 PASS
232133716  2 0 SecondaryOfPN_01
140499937  1 1 PASS
140499937  2 1 PASS
317701504  1 1 PASS
293853437  1 1 PASS
167344043  1 0 ses2MesFail
271722899  1 1 PASS
272236017  1 1 PASS
260476635  1 1 PASS
159030371  1 0 AltDetFail
149308175  1 0 AltDetFail
 35644532  1 0 ses2MesFail
281614805  1 1 PASS
123898871  1 1 PASS
716795991  1 1 PASS
177648205  1 1 PASS
277173427  1 0 AltDetFail
382258517  1 0 ses2MesFail
119067714  1 0 ses2MesFail
119067714  2 0 SecondaryOfPN_01
157745586  1 0 ses2MesFail
 99619687  1 0 ses2MesFail
404851936  1 0 AltDetFail
 34845527  1 0 newMesShrink
 34845527  2 0 AltDetFail
 37084932  1 1 PASS
260239481  1 1 PASS
260239481  2 0 SecondaryOfPN_01
167602738  1 1 PASS
167602738  2 0 SecondaryOfPN_01
123664207  1 1 PASS
148302981  1 1 PASS
148302981  2 0 AltDetFail
 38516338  1 1 PASS
272086159  1 1 PASS
237944385  1 1 PASS
306635088  1 1 PASS
149600376  1 1 PASS
149600376  2 0 AltDetFail
149600376  3 0 AltDetFail
295071643  1 1 PASS
295071643  2 0 SecondaryOfPN_01
120269093  1 1 PASS
255565860  1 1 PASS
255565860  2 0 SecondaryOfPN_01
141865875  1 0 AltDetFail
141865875  2 0 AltDetFail
141865875  3 0 AltDetFail
235058181  1 0 ses2MesFail
235058181  2 0 ses2MesFail
179317684  1 1 PASS
404804908  1 1 PASS
 23087068  1 1 PASS
124709665  1 1 PASS
 97867332  1 0 ChasesFail
294352977  1 1 PASS
320539989  1 0 ses2MesFail
320539989  2 0 SecondaryOfPN_01
173038281  1 1 PASS
173038281  2 0 SecondaryOfPN_01
 78375671  1 0 AltDetFail
 78375671  2 0 AltDetFail
278725797  1 1 PASS
106411436  1 1 PASS
134537478  1 1 PASS
306362738  1 1 PASS
147261641  1 0 ses2MesFail
234712743  1 1 PASS
 38846515  1 1 PASS
382188816  1 1 PASS
  4999380  1 1 PASS
123763773  1 0 AltDetFail
381979901  1 1 PASS
381979901  2 0 SecondaryOfPN_01
237595946  1 1 PASS
 55650494  1 1 PASS
 39578079  1 1 PASS
172361463  1 0 ses2MesFail
354556435  1 1 PASS
348995212  1 1 PASS
 78959256  1 0 newMesBelowThresh
 78959256  2 0 ses2MesFail
166969346  1 1 PASS
425144137  1 0 AltDetFail
425144137  2 0 AltDetFail
425144137  3 0 AltDetFail
 10063442  1 1 PASS
177426546  1 1 PASS
294125876  1 0 AltDetFail
294125876  2 0 AltDetFail
294125876  3 0 AltDetFail
294125876  4 0 AltDetFail
343963409  1 1 PASS
343963409  2 0 SecondaryOfPN_01
293345927  1 0 AltDetFail
293345927  2 0 AltDetFail
293345927  3 0 AltDetFail
317586013  1 0 ses2MesFail
350025490  1 1 PASS
 26339863  1 0 ses2MesFail
141770592  1 1 PASS
 34142502  1 0 AltDetFail
 34142502  2 0 AltDetFail
238061845  1 1 PASS
 34529885  1 1 PASS
 23369524  1 0 ses2MesFail
 23369524  2 0 ses2MesFail
278683844  1 1 PASS
260304800  1 1 PASS
177175199  1 1 PASS
271900960  1 1 PASS
 95251344  1 0 ses2MesFail
 95251344  2 0 ChasesFail
290870218  1 1 PASS
344085695  1 1 PASS
344085695  2 0 AltDetFail
 63884928  1 0 AltDetFail
 38907808  1 0 AltDetFail
 24397947  1 1 PASS
 24397947  2 0 SecondaryOfPN_01
364538560  1 1 PASS
364538560  2 0 SecondaryOfPN_01
177214476  1 1 PASS
279425357  1 1 PASS
 33864821  1 1 PASS
 33864821  2 0 SecondaryOfPN_01
281343752  1 1 PASS
281343752  2 0 SecondaryOfPN_01
141122198  1 0 ses2MesFail
141122198  2 0 AltDetFail
 31381651  1 0 AltDetFail
219201178  1 1 PASS
219201178  2 0 SecondaryOfPN_01
 95422260  1 1 PASS
 79437218  1 1 PASS
 79437218  2 0 SecondaryOfPN_01
 63895476  1 1 PASS
320123978  1 0 AltDetFail
 34435600  1 0 ses2MesFail
 34435600  2 0 ses2MesFail
 22641187  1 0 AltDetFail
 22641187  2 0 AltDetFail
237751146  1 1 PASS
279251651  1 1 PASS
148302247  1 0 ses2MesFail
300038246  1 1 PASS
 97931135  1 1 PASS
 32702481  1 1 PASS
 32702481  2 0 ses2MesFail
 32702481  3 0 newMesBelowThresh
 32702481  4 1 PASS
 32816814  1 0 ses2MesFail
 32816814  2 0 ChasesFail
271893367  1 1 PASS
134355981  1 1 PASS
148885015  1 1 PASS
148885015  2 0 SecondaryOfPN_01
 71795302  1 1 PASS
 71795302  2 0 SecondaryOfPN_01
263341742  1 1 PASS
177283493  1 0 ses2MesFail
237957506  1 0 newMesShrink
237957506  2 0 SecondaryOfPN_01
 97479837  1 0 ChasesFail
 36440357  1 1 PASS
294206429  1 1 PASS
294206429  2 0 newMesShrink
350954265  1 1 PASS
 35582553  1 1 PASS
150165810  1 0 ses2MesFail
220113185  1 1 PASS
220113185  2 0 newMesBelowThresh
302987876  1 1 PASS
148883092  1 0 AltDetFail
148883092  2 0 AltDetFail
 11756637  1 1 PASS
 11756637  2 0 newMesBelowThresh
141708335  1 1 PASS
234775785  1 0 AltDetFail
238059180  1 1 PASS
348995211  1 1 PASS
404768019  1 0 ses2MesFail
404768019  2 0 ses2MesFail
 35635120  1 0 ses2MesFail
 35635120  2 0 SecondaryOfPN_01
 93125144  1 0 ses2MesFail
 93125144  2 1 PASS
 40716446  1 0 ses2MesFail
471013582  1 0 ChasesFail
281812116  1 0 ses2MesFail
 49547177  1 0 AltDetFail
 49547177  2 0 AltDetFail
280302032  1 0 AltDetFail
 22766107  1 1 PASS
 22766107  2 0 SecondaryOfPN_01
144499196  1 0 ses2MesFail
144499196  2 0 ChasesFail
201433128  1 1 PASS
201433128  2 0 SecondaryOfPN_01
295522204  1 0 newMesShrink
295522204  2 0 SecondaryOfPN_01
457088925  1 0 AltDetFail
106344480  1 1 PASS
268363873  1 1 PASS
348898049  1 0 ses2MesFail
348898049  2 0 newMesBelowThresh
167891320  1 0 ses2MesFail
 40343782  1 0 ChasesFail
363963079  1 1 PASS
363963079  2 0 SecondaryOfPN_01
  5109298  1 1 PASS
140346195  1 1 PASS
 80662834  1 0 ses2MesFail
 48749503  1 0 ses2MesFail
270677813  1 0 ses2MesFail
270677813  2 0 ChasesFail
 55497281  1 0 ses2MesFail
 55497281  2 0 ses2MesFail
 72217454  1 0 AltDetFail
 21574699  1 0 AltDetFail
 33091590  1 1 PASS
457062647  1 1 PASS
440788366  1 0 newMesShrink
 30275737  1 1 PASS
123587038  1 0 ChasesFail
270625535  1 1 PASS
270625535  2 0 AltDetFail
270625535  3 0 AltDetFail
179040880  1 1 PASS
 59942785  1 1 PASS
 59942785  2 0 SecondaryOfPN_01
 59942785  3 0 AltDetFail
 59942785  4 0 AltDetFail
234842158  1 1 PASS
255590987  1 0 ses2MesFail
150359500  1 0 ses2MesFail
150359500  2 0 ChasesFail
219173916  1 1 PASS
267195931  1 1 PASS
267195931  2 0 SecondaryOfPN_01
142106818  1 0 newMesShrink
752036563  1 0 ses2MesFail
279614617  1 1 PASS
284738182  1 1 PASS
263300036  1 1 PASS
263300036  2 0 SecondaryOfPN_01
317090832  1 1 PASS
317090832  2 0 SecondaryOfPN_01
149248196  1 0 ses2MesFail
149248196  2 0 ses2MesFail
268772301  1 1 PASS
207243321  1 1 PASS
207243321  2 0 SecondaryOfPN_01
 33194621  1 1 PASS
 98802123  1 1 PASS
265086848  1 1 PASS
260657291  1 1 PASS
 52640302  1 1 PASS
 48882119  1 0 ses2MesFail
 37389436  1 0 AltDetFail
291466214  1 0 ses2MesFail
307244763  1 0 ses2MesFail
 53988092  1 0 ses2MesFail
123853481  1 1 PASS
123853481  2 0 SecondaryOfPN_01
235067275  1 0 ses2MesFail
235067275  2 0 ChasesFail
238097136  1 1 PASS
 81057063  1 1 PASS
 81057063  2 0 SecondaryOfPN_01
 67093765  1 0 newMesShrink
 67093765  2 0 AltDetFail
300871376  1 0 AltDetFail
300871376  2 0 AltDetFail
300871376  3 0 AltDetFail
150430484  1 1 PASS
172308091  1 1 PASS
238896418  1 1 PASS
234162373  1 0 ses2MesFail
234162373  2 1 PASS
234162373  3 1 PASS
 37168957  1 1 PASS
364588501  1 0 ses2MesFail
364588501  2 0 ses2MesFail
 20178111  1 1 PASS
 32874669  1 0 ses2MesFail
238227405  1 0 ses2MesFail
438423041  1 0 ses2MesFail
438423041  2 1 PASS
348842168  1 1 PASS
292064482  1 1 PASS
232162353  1 1 PASS
238004786  1 1 PASS
437901497  1 0 ses2MesFail
142606454  1 1 PASS
425064757  1 1 PASS
425064757  2 0 AltDetFail
425064757  3 0 AltDetFail
260536927  1 1 PASS
 22766106  1 1 PASS
 22766106  2 0 SecondaryOfPN_01
 37500943  1 0 ses2MesFail
284288080  1 1 PASS
 52641320  1 0 AltDetFail
 52641320  2 0 AltDetFail
219181266  1 0 ses2MesFail
231181723  1 0 newMesShrink
349307344  1 0 ses2MesFail
201425836  1 0 ses2MesFail
300013489  1 1 PASS
 38699825  1 0 AltDetFail
 38699825  2 0 AltDetFail
160329609  1 0 ses2MesFail
