150637078  1 1 PASS
150637078  2 0 AltDetFail
150637078  3 0 AltDetFail
255270777  1 1 PASS
 63597006  1 0 AltDetFail
343404892  1 0 ses2MesFail
318236769  1 0 ChasesFail
447733367  1 0 ses2MesFail
447733367  2 0 AltDetFail
259226909  1 1 PASS
  3411281  1 0 AltDetFail
426747559  1 1 PASS
396723074  1 0 ses2MesFail
176031697  1 1 PASS
280909668  1 0 newMesShrink
150273402  1 1 PASS
384749849  1 1 PASS
343889250  1 1 PASS
448852739  1 1 PASS
448852739  2 0 SecondaryOfPN_01
260043723  1 1 PASS
200624064  1 0 ses2MesFail
200624064  2 0 AltDetFail
105957879  1 0 AltDetFail
410763063  1 1 PASS
172633559  1 0 ses2MesFail
377022512  1 0 ChasesFail
260131643  1 1 PASS
260131643  2 0 SecondaryOfPN_01
306828113  1 1 PASS
 94984950  1 1 PASS
294273900  1 0 AltDetFail
 31273263  1 0 ses2MesFail
394356010  1 0 ChasesFail
 49223792  1 0 ses2MesFail
220435095  1 1 PASS
140691463  1 1 PASS
464047964  1 1 PASS
263863941  1 1 PASS
295541511  1 1 PASS
 29830830  1 0 ses2MesFail
305424003  1 1 PASS
389669796  1 1 PASS
211494654  1 1 PASS
179308923  1 1 PASS
394721720  1 1 PASS
263662943  1 0 ses2MesFail
263662943  2 0 ses2MesFail
263662943  3 0 AltDetFail
425795784  1 0 AltDetFail
277108449  1 0 AltDetFail
 69874547  1 0 ses2MesFail
 69874547  2 0 SecondaryOfPN_01
389015383  1 1 PASS
389015383  2 0 AltDetFail
140757571  1 1 PASS
150320620  1 0 ses2MesFail
150320620  2 0 newMesBelowThresh
 25155310  1 1 PASS
260721077  1 0 AltDetFail
402967151  1 1 PASS
282051790  1 0 ses2MesFail
163227206  1 1 PASS
372851229  1 0 AltDetFail
372851229  2 0 AltDetFail
303470259  1 1 PASS
1253023625  1 0 ses2MesFail
 40340867  1 0 ChasesFail
 40612150  1 1 PASS
382068562  1 1 PASS
306576958  1 0 AltDetFail
293166952  1 1 PASS
255784970  1 1 PASS
293073262  1 0 AltDetFail
411950369  1 0 ses2MesFail
411950369  2 0 AltDetFail
349274819  1 0 newMesBelowThresh
287638396  1 0 AltDetFail
287638396  2 0 AltDetFail
287638396  3 0 AltDetFail
391925531  1 0 ses2MesFail
396420159  1 0 AltDetFail
396420159  2 0 AltDetFail
461737753  1 1 PASS
461737753  2 0 AltDetFail
470029190  1 0 ChasesFail
426896299  1 1 PASS
220654235  1 0 AltDetFail
220654235  2 0 AltDetFail
272466980  1 0 AltDetFail
272466980  2 0 AltDetFail
272466980  3 0 AltDetFail
307084982  1 0 ses2MesFail
395181648  1 1 PASS
395181648  2 0 AltDetFail
 24137126  1 1 PASS
224838142  1 0 ses2MesFail
291651765  1 1 PASS
291651765  2 0 AltDetFail
260353507  1 1 PASS
260353507  2 0 AltDetFail
260891473  1 1 PASS
 86798686  1 0 AltDetFail
307783750  1 1 PASS
307783750  2 0 SecondaryOfPN_01
358460464  1 1 PASS
358460464  2 0 AltDetFail
347458370  1 1 PASS
347458370  2 0 SecondaryOfPN_01
263211771  1 0 AltDetFail
323878563  1 1 PASS
259019958  1 1 PASS
 55601705  1 1 PASS
454493113  1 1 PASS
454493113  2 0 AltDetFail
467934607  1 0 AltDetFail
467934607  2 0 AltDetFail
279572957  1 0 ses2MesFail
446344441  1 0 AltDetFail
 16630397  1 1 PASS
359767456  1 0 ses2MesFail
291318887  1 1 PASS
358108300  1 0 ses2MesFail
260476837  1 1 PASS
464126648  1 0 ChasesFail
395130640  1 0 ses2MesFail
395130640  2 0 ses2MesFail
395130640  3 0 AltDetFail
395130640  4 0 AltDetFail
435934070  1 0 ses2MesFail
298372701  1 1 PASS
 16288184  1 1 PASS
394239801  1 1 PASS
394239801  2 0 SecondaryOfPN_01
394239801  3 0 AltDetFail
 98468576  1 1 PASS
 74188694  1 0 ses2MesFail
 74188694  2 0 ses2MesFail
339023134  1 0 AltDetFail
421279374  1 1 PASS
421279374  2 0 SecondaryOfPN_01
 15019281  1 1 PASS
406870521  1 1 PASS
406870521  2 0 AltDetFail
375034551  1 1 PASS
136085766  1 0 ses2MesFail
407147727  1 1 PASS
407147727  2 0 SecondaryOfPN_01
 30848598  1 1 PASS
  1461316  1 1 PASS
  1461316  2 0 SecondaryOfPN_01
407064902  1 1 PASS
407064902  2 0 newMesShrink
407064902  3 0 AltDetFail
348717439  1 0 AltDetFail
293163928  1 1 PASS
384274371  1 0 ses2MesFail
374821659  1 0 ses2MesFail
374821659  2 0 SecondaryOfPN_01
374821659  3 0 newMesBelowThresh
261802074  1 1 PASS
362039095  1 1 PASS
362039095  2 0 newMesBelowThresh
411190601  1 1 PASS
211029607  1 1 PASS
462965288  1 1 PASS
292292315  1 0 ses2MesFail
282223498  1 1 PASS
359488786  1 0 AltDetFail
 88741463  1 0 newMesShrink
 25118964  1 0 ChasesFail
456278935  1 1 PASS
456278935  2 0 AltDetFail
456278935  3 0 AltDetFail
 63416345  1 1 PASS
462077825  1 0 ses2MesFail
394287035  1 0 ses2MesFail
273695675  1 1 PASS
1531161605  1 0 AltDetFail
1531161605  2 0 AltDetFail
463032130  1 0 ses2MesFail
255472458  1 1 PASS
255472458  2 0 SecondaryOfPN_01
1205900195  1 0 AltDetFail
294993587  1 0 ses2MesFail
161911827  1 0 ses2MesFail
 30275662  1 0 AltDetFail
222236569  1 1 PASS
337278357  1 0 AltDetFail
402588351  1 0 ses2MesFail
402588351  2 0 AltDetFail
 81872023  1 0 ses2MesFail
140580579  1 1 PASS
140580579  2 0 SecondaryOfPN_01
140580579  3 0 SecondaryOfPN_01
451599528  1 0 ses2MesFail
167554898  1 1 PASS
381974193  1 0 ses2MesFail
218154757  1 1 PASS
196372628  1 0 ses2MesFail
364163363  1 1 PASS
263487346  1 1 PASS
 95354800  1 1 PASS
 95354800  2 0 SecondaryOfPN_01
266265296  1 1 PASS
266265296  2 0 SecondaryOfPN_01
246545297  1 1 PASS
 66616322  1 0 ses2MesFail
263484696  1 1 PASS
269730302  1 0 ses2MesFail
 41483281  1 0 AltDetFail
 41483281  2 0 AltDetFail
278198753  1 1 PASS
150442268  1 1 PASS
172206787  1 1 PASS
172206787  2 0 SecondaryOfPN_01
394702191  1 0 AltDetFail
303142114  1 0 ses2MesFail
303142114  2 0 newMesShrink
303142114  3 0 AltDetFail
303142114  4 0 AltDetFail
257589689  1 1 PASS
 41387532  1 1 PASS
274034106  1 1 PASS
367987991  1 0 ses2MesFail
 36665009  1 0 ChasesFail
 36665009  2 0 ses2MesFail
 36665009  3 0 ses2MesFail
451501503  1 1 PASS
365723507  1 0 AltDetFail
364107753  1 1 PASS
167339584  1 1 PASS
167339584  2 0 AltDetFail
220397127  1 0 AltDetFail
216935214  1 1 PASS
157191045  1 1 PASS
157191045  2 0 SecondaryOfPN_01
396368313  1 1 PASS
455430360  1 0 ses2MesFail
455430360  2 0 ChasesFail
271799457  1 1 PASS
167119957  1 1 PASS
167119957  2 0 AltDetFail
426748377  1 0 AltDetFail
426748377  2 0 AltDetFail
310855802  1 1 PASS
276963370  1 0 ChasesFail
  4040541  1 1 PASS
306883913  1 0 AltDetFail
306883913  2 0 AltDetFail
 95372084  1 0 ses2MesFail
205520258  1 1 PASS
403083394  1 0 AltDetFail
337393383  1 0 ses2MesFail
337393383  2 0 ses2MesFail
337393383  3 0 ses2MesFail
260353841  1 1 PASS
260353841  2 0 AltDetFail
278477960  1 1 PASS
350332540  1 0 ses2MesFail
213771464  1 0 ses2MesFail
261258875  1 1 PASS
 31429922  1 1 PASS
401675210  1 0 ses2MesFail
447116579  1 0 AltDetFail
271973682  1 0 ChasesFail
1003231665  1 0 AltDetFail
1003231665  2 0 AltDetFail
 25428504  1 0 ses2MesFail
 25428504  2 0 SecondaryOfPN_01
258407237  1 1 PASS
211344776  1 0 ses2MesFail
393491149  1 0 AltDetFail
293466528  1 1 PASS
 33241809  1 1 PASS
261335113  1 1 PASS
261335113  2 0 SecondaryOfPN_01
396731925  1 1 PASS
149603524  1 1 PASS
454469713  1 0 newMesBelowThresh
217692812  1 1 PASS
217692812  2 0 AltDetFail
454264443  1 0 ses2MesFail
150437346  1 1 PASS
306647595  1 0 AltDetFail
225336886  1 1 PASS
225336886  2 0 SecondaryOfPN_01
220430912  1 0 ses2MesFail
220430912  2 0 ses2MesFail
394350365  1 0 ses2MesFail
303789830  1 0 ses2MesFail
303789830  2 0 newMesBelowThresh
394915583  1 0 ses2MesFail
 79122245  1 0 ChasesFail
269857351  1 1 PASS
290559124  1 0 ses2MesFail
290559124  2 1 PASS
447039116  1 0 ses2MesFail
210870052  1 0 ses2MesFail
149539114  1 0 AltDetFail
149539114  2 0 AltDetFail
279307634  1 1 PASS
279307634  2 0 AltDetFail
227476040  1 0 AltDetFail
227476040  2 0 AltDetFail
227476040  3 0 AltDetFail
227476040  4 0 AltDetFail
195165333  1 0 ChasesFail
195165333  2 0 ses2MesFail
356937721  1 1 PASS
460102290  1 1 PASS
326911465  1 1 PASS
260985861  1 1 PASS
447236438  1 0 AltDetFail
 55269690  1 0 ses2MesFail
 33807061  1 0 ses2MesFail
 33807061  2 0 AltDetFail
453416841  1 0 ChasesFail
262154810  1 0 AltDetFail
373918302  1 0 AltDetFail
361293558  1 0 AltDetFail
365366508  1 0 ses2MesFail
365366508  2 0 ses2MesFail
365366508  3 0 SesStatFail
360618578  1 1 PASS
360618578  2 0 SecondaryOfPN_01
213659328  1 1 PASS
319289907  1 0 ses2MesFail
150101472  1 1 PASS
150101472  2 0 SecondaryOfPN_01
 80347872  1 1 PASS
 15161212  1 1 PASS
260265434  1 0 ses2MesFail
384150311  1 1 PASS
300599466  1 1 PASS
 85645958  1 0 ses2MesFail
304492401  1 1 PASS
449046160  1 1 PASS
 76922940  1 0 ses2MesFail
 76922940  2 1 PASS
191625825  1 1 PASS
326405595  1 0 ses2MesFail
305670618  1 1 PASS
272030503  1 1 PASS
272030503  2 0 AltDetFail
221849528  1 1 PASS
221849528  2 0 AltDetFail
221849528  3 0 SecondaryOfPN_01
221849528  4 0 AltDetFail
221849528  5 0 AltDetFail
167526485  1 1 PASS
278409390  1 0 AltDetFail
278409390  2 0 AltDetFail
277022714  1 0 ChasesFail
396903513  1 0 ses2MesFail
396903513  2 0 ses2MesFail
396903513  3 0 ses2MesFail
396903513  4 0 newMesShrink
396903513  5 0 AltDetFail
 41511360  1 1 PASS
 41511360  2 0 AltDetFail
425068409  1 1 PASS
 31529035  1 0 ses2MesFail
301956357  1 1 PASS
412471212  1 1 PASS
255350388  1 1 PASS
255350388  2 0 SecondaryOfPN_01
301451330  1 1 PASS
301451330  2 0 SecondaryOfPN_01
301451330  3 0 AltDetFail
356584675  1 1 PASS
263977036  1 1 PASS
349960625  1 0 AltDetFail
349960625  2 0 AltDetFail
287327575  1 0 newMesBelowThresh
 94972416  1 0 ses2MesFail
 94972416  2 0 ChasesFail
 94972416  3 0 ses2MesFail
360325725  1 1 PASS
360325725  2 0 newMesShrink
 33916919  1 0 AltDetFail
 33916919  2 0 AltDetFail
383015846  1 0 ChasesFail
444926613  1 0 ses2MesFail
260505914  1 1 PASS
 14470627  1 1 PASS
299941037  1 1 PASS
304696109  1 0 ses2MesFail
304696109  2 0 newMesBelowThresh
304696109  3 0 AltDetFail
195176960  1 1 PASS
274017928  1 0 ses2MesFail
274017928  2 0 ChasesFail
 31109583  1 1 PASS
406728249  1 1 PASS
406728249  2 0 SecondaryOfPN_01
374732772  1 1 PASS
233670269  1 1 PASS
260265964  1 1 PASS
407575771  1 1 PASS
269850928  1 1 PASS
 55404385  1 1 PASS
 55404385  2 0 SecondaryOfPN_01
394722677  1 1 PASS
169958952  1 1 PASS
260266502  1 0 ChasesFail
311699919  1 1 PASS
311699919  2 0 SecondaryOfPN_01
395833811  1 0 ses2MesFail
395833811  2 0 newMesShrink
 95090332  1 0 newMesShrink
402624000  1 1 PASS
452552665  1 0 AltDetFail
452552665  2 0 AltDetFail
382302241  1 1 PASS
 97015435  1 0 ses2MesFail
220474209  1 0 ses2MesFail
220474209  2 0 newMesShrink
220831946  1 0 AltDetFail
220831946  2 0 AltDetFail
  7484436  1 0 AltDetFail
339570153  1 0 ses2MesFail
446702933  1 0 AltDetFail
446702933  2 0 AltDetFail
 55848818  1 1 PASS
 55848818  2 0 AltDetFail
360945306  1 0 AltDetFail
255784714  1 1 PASS
373843872  1 0 AltDetFail
373915220  1 1 PASS
373915220  2 0 SecondaryOfPN_01
362115592  1 0 ses2MesFail
362115592  2 0 SecondaryOfPN_01
362379918  1 1 PASS
 96555066  1 0 ses2MesFail
 96555066  2 1 PASS
398403278  1 1 PASS
141187075  1 1 PASS
411762665  1 0 AltDetFail
 46138335  1 0 AltDetFail
291451813  1 1 PASS
291451813  2 0 AltDetFail
161988269  1 0 ses2MesFail
161988269  2 0 ses2MesFail
277074217  1 0 ses2MesFail
210905210  1 0 ses2MesFail
452521611  1 1 PASS
141334293  1 0 ses2MesFail
118807628  1 0 ses2MesFail
118807628  2 0 ses2MesFail
118807628  3 1 PASS
1564372072  1 0 AltDetFail
1564372072  2 0 AltDetFail
1564372072  3 0 AltDetFail
322270751  1 1 PASS
314826949  1 1 PASS
260417932  1 1 PASS
314829796  1 1 PASS
425791242  1 1 PASS
301547937  1 0 ses2MesFail
301547937  2 0 ses2MesFail
301547937  3 0 AltDetFail
370236000  1 0 AltDetFail
370236000  2 0 AltDetFail
370236000  3 0 AltDetFail
141768070  1 1 PASS
304196197  1 0 AltDetFail
304196197  2 0 AltDetFail
 75067322  1 0 ChasesFail
 75067322  2 0 ses2MesFail
 75067322  3 0 AltDetFail
372848820  1 1 PASS
395182898  1 1 PASS
395182898  2 0 SecondaryOfPN_01
279161495  1 0 ses2MesFail
466488694  1 0 AltDetFail
466488694  2 0 AltDetFail
349408306  1 1 PASS
349408306  2 0 SecondaryOfPN_01
237957324  1 1 PASS
453515748  1 0 ChasesFail
271725674  1 0 ses2MesFail
246837067  1 1 PASS
339633702  1 1 PASS
514563738  1 0 newMesShrink
248250955  1 1 PASS
278594030  1 0 newMesShrink
278594030  2 0 AltDetFail
310855797  1 1 PASS
310855797  2 0 AltDetFail
360571125  1 1 PASS
360571125  2 0 SecondaryOfPN_01
452466679  1 0 AltDetFail
452466679  2 0 AltDetFail
1361678528  1 0 AltDetFail
 24137634  1 1 PASS
 24137634  2 0 AltDetFail
359766629  1 0 ses2MesFail
 81872051  1 0 ses2MesFail
113631298  1 1 PASS
113631298  2 0 SecondaryOfPN_01
294750180  1 1 PASS
281630320  1 1 PASS
394452884  1 0 AltDetFail
 33877343  1 1 PASS
 33877343  2 1 PASS
167891320  1 0 ChasesFail
470137633  1 0 AltDetFail
468155538  1 1 PASS
468155538  2 0 SecondaryOfPN_01
468150795  1 0 ses2MesFail
468150795  2 0 newMesShrink
387063678  1 0 ChasesFail
387063678  2 0 AltDetFail
 40343782  1 0 ChasesFail
 40343782  2 1 PASS
221617516  1 1 PASS
263825667  1 0 ses2MesFail
363600330  1 1 PASS
358290150  1 0 ses2MesFail
358290150  2 0 AltDetFail
383715654  1 0 AltDetFail
383715654  2 0 AltDetFail
207693951  1 1 PASS
207693951  2 0 SecondaryOfPN_01
1251579424  1 0 ChasesFail
150066811  1 0 AltDetFail
 34426744  1 1 PASS
373013371  1 1 PASS
373013371  2 0 SecondaryOfPN_01
373013371  3 0 AltDetFail
373013371  4 0 AltDetFail
350297825  1 1 PASS
410418820  1 0 ChasesFail
365837055  1 1 PASS
190372855  1 0 ChasesFail
342362414  1 1 PASS
342362414  2 0 AltDetFail
470215950  1 1 PASS
464283590  1 1 PASS
464283590  2 0 SecondaryOfPN_01
356900912  1 0 ses2MesFail
356900912  2 1 PASS
356900912  3 0 ses2MesFail
194028403  1 0 ses2MesFail
 55497281  1 1 PASS
 55497281  2 0 SecondaryOfPN_01
 33714944  1 0 ChasesFail
352055959  1 0 ses2MesFail
363404040  1 0 ses2MesFail
347465421  1 0 ses2MesFail
421260279  1 0 ChasesFail
421260279  2 0 ses2MesFail
421260279  3 0 AltDetFail
 69094113  1 0 ChasesFail
 69094113  2 0 ses2MesFail
394508465  1 1 PASS
271900514  1 0 ses2MesFail
384194460  1 1 PASS
389012340  1 1 PASS
358107516  1 1 PASS
216059854  1 1 PASS
258812822  1 1 PASS
279251651  1 1 PASS
426875253  1 1 PASS
217037213  1 1 PASS
217037213  2 0 AltDetFail
402126030  1 0 AltDetFail
163014826  1 0 ses2MesFail
300038246  1 1 PASS
1250059074  1 0 newMesBelowThresh
224351503  1 1 PASS
224351503  2 0 AltDetFail
 15644915  1 1 PASS
271893367  1 1 PASS
381137185  1 1 PASS
216298844  1 0 ses2MesFail
348770361  1 1 PASS
177283493  1 1 PASS
236508444  1 0 ses2MesFail
290409985  1 0 newMesShrink
403410574  1 1 PASS
237957506  1 0 ses2MesFail
237957506  2 0 SecondaryOfPN_01
360943695  1 1 PASS
306773798  1 1 PASS
452591471  1 0 ses2MesFail
452591471  2 0 AltDetFail
304205548  1 0 AltDetFail
395052612  1 0 AltDetFail
 41239170  1 1 PASS
350954265  1 1 PASS
294206429  1 1 PASS
294206429  2 0 SecondaryOfPN_01
263306118  1 1 PASS
150165810  1 1 PASS
150165810  2 0 AltDetFail
392102300  1 1 PASS
392102300  2 0 AltDetFail
263835459  1 0 ses2MesFail
403279851  1 1 PASS
403279851  2 0 AltDetFail
302987876  1 1 PASS
425656042  1 1 PASS
233982181  1 1 PASS
291329564  1 0 ses2MesFail
291329564  2 0 SecondaryOfPN_01
141708335  1 1 PASS
 29984014  1 1 PASS
430258832  1 0 AltDetFail
402625234  1 1 PASS
149102762  1 1 PASS
 32223978  1 1 PASS
306785681  1 0 ses2MesFail
238059180  1 1 PASS
282163415  1 1 PASS
444600905  1 0 AltDetFail
425641540  1 1 PASS
260128333  1 1 PASS
260128333  2 0 SecondaryOfPN_01
279958827  1 1 PASS
217668710  1 1 PASS
246651486  1 0 AltDetFail
364588501  1 0 AltDetFail
300871376  1 0 AltDetFail
300871376  2 0 AltDetFail
300871376  3 0 AltDetFail
447232160  1 0 ses2MesFail
447232160  2 0 newMesShrink
447232160  3 0 AltDetFail
150430484  1 1 PASS
 39654517  1 1 PASS
238227405  1 1 PASS
454291408  1 1 PASS
 75466903  1 1 PASS
413514661  1 1 PASS
413514661  2 0 AltDetFail
310956370  1 1 PASS
307433122  1 0 ses2MesFail
261107974  1 1 PASS
261107974  2 1 PASS
 74513008  1 1 PASS
281979481  1 1 PASS
392325093  1 0 ses2MesFail
392325093  2 1 PASS
392325093  3 0 ses2MesFail
403202991  1 0 ses2MesFail
381950094  1 0 ses2MesFail
381950094  2 0 AltDetFail
348842168  1 1 PASS
306785653  1 0 ses2MesFail
 62617469  1 0 ses2MesFail
368854975  1 0 ses2MesFail
 78291168  1 1 PASS
 78291168  2 0 AltDetFail
323020176  1 1 PASS
361954427  1 0 ses2MesFail
152346470  1 0 ses2MesFail
152346470  2 0 ses2MesFail
152346470  3 0 ChasesFail
152346470  4 0 ses2MesFail
152346470  5 0 ses2MesFail
305589124  1 0 AltDetFail
305589124  2 0 AltDetFail
282276535  1 1 PASS
425064757  1 0 AltDetFail
425064757  2 0 AltDetFail
260536927  1 1 PASS
 55298910  1 0 ChasesFail
380161624  1 1 PASS
360632151  1 1 PASS
261261490  1 1 PASS
280867169  1 1 PASS
280867169  2 0 SecondaryOfPN_01
299780329  1 1 PASS
349307344  1 0 ChasesFail
349307344  2 0 newMesBelowThresh
305675525  1 0 AltDetFail
300013489  1 1 PASS
149625812  1 0 ses2MesFail
 30450412  1 1 PASS
 38699825  1 0 AltDetFail
396721876  1 1 PASS
403083775  1 1 PASS
359357695  1 1 PASS
349764087  1 1 PASS
274151135  1 1 PASS
446901390  1 1 PASS
293148882  1 0 ses2MesFail
179576115  1 1 PASS
369718807  1 0 ses2MesFail
306983390  1 0 AltDetFail
306983390  2 0 AltDetFail
150359500  1 0 ChasesFail
150359500  2 0 ChasesFail
150359500  3 0 ChasesFail
172044456  1 0 ses2MesFail
172044456  2 0 AltDetFail
308452910  1 1 PASS
142106818  1 0 ChasesFail
 74346828  1 0 AltDetFail
 74346828  2 0 AltDetFail
345170631  1 0 AltDetFail
345170631  2 0 AltDetFail
279614617  1 0 ses2MesFail
394657039  1 1 PASS
230690355  1 1 PASS
418471427  1 0 ses2MesFail
323434013  1 1 PASS
149248196  1 0 ses2MesFail
149248196  2 1 PASS
 94983410  1 0 AltDetFail
293271134  1 0 newMesShrink
293271134  2 0 AltDetFail
447132354  1 1 PASS
411116222  1 1 PASS
1406221882  1 0 ses2MesFail
141268467  1 0 ses2MesFail
141268467  2 0 ses2MesFail
141268467  3 0 AltDetFail
294953747  1 0 AltDetFail
294953747  2 0 AltDetFail
318035342  1 0 ses2MesFail
318035342  2 0 ses2MesFail
265663360  1 1 PASS
 49059772  1 1 PASS
339567760  1 1 PASS
339567760  2 0 SecondaryOfPN_01
260657291  1 1 PASS
257642093  1 1 PASS
218210467  1 0 ses2MesFail
218210467  2 0 SecondaryOfPN_01
330522207  1 0 ses2MesFail
328611247  1 0 ses2MesFail
328611247  2 1 PASS
218697736  1 1 PASS
363021853  1 1 PASS
 20627022  1 1 PASS
294271676  1 0 ses2MesFail
360553262  1 0 AltDetFail
360553262  2 0 AltDetFail
365246039  1 1 PASS
354946299  1 1 PASS
354946299  2 0 SecondaryOfPN_01
341258182  1 0 ses2MesFail
341258182  2 0 ses2MesFail
 32150999  1 1 PASS
 32150999  2 0 SecondaryOfPN_01
349907707  1 0 ses2MesFail
191477613  1 0 ses2MesFail
191477613  2 0 SecondaryOfPN_01
191477613  3 0 AltDetFail
191477613  4 0 AltDetFail
211089429  1 0 AltDetFail
262577838  1 0 ChasesFail
260439072  1 1 PASS
407165509  1 0 AltDetFail
382260153  1 1 PASS
282967608  1 0 AltDetFail
292297762  1 1 PASS
140802498  1 0 ses2MesFail
140802498  2 0 SecondaryOfPN_01
412556742  1 0 ses2MesFail
305950212  1 1 PASS
426872743  1 0 AltDetFail
396693868  1 1 PASS
272236017  1 1 PASS
276935987  1 1 PASS
148533811  1 0 ses2MesFail
167344043  1 0 ses2MesFail
167344043  2 0 ses2MesFail
 95633001  1 1 PASS
 95633001  2 0 AltDetFail
 74998547  1 1 PASS
326598766  1 1 PASS
260476635  1 0 AltDetFail
191221080  1 0 AltDetFail
380333768  1 0 ses2MesFail
394797914  1 0 AltDetFail
370243555  1 0 AltDetFail
370243555  2 0 AltDetFail
469102557  1 1 PASS
469102557  2 0 AltDetFail
261136679  1 1 PASS
213476914  1 0 ses2MesFail
359282087  1 0 ses2MesFail
264055237  1 0 AltDetFail
337440887  1 0 ses2MesFail
337440887  2 0 AltDetFail
 37883150  1 1 PASS
 37883150  2 0 SecondaryOfPN_01
 22836043  1 0 ses2MesFail
451442734  1 0 AltDetFail
362709886  1 1 PASS
294869729  1 1 PASS
360323842  1 0 ses2MesFail
360323842  2 0 ses2MesFail
360323842  3 0 SecondaryOfPN_02
303655736  1 1 PASS
1320020322  1 0 AltDetFail
1320020322  2 0 AltDetFail
302061644  1 0 AltDetFail
384744828  1 1 PASS
212798977  1 1 PASS
118271395  1 0 ses2MesFail
118271395  2 0 ses2MesFail
118271395  3 0 AltDetFail
277173427  1 1 PASS
277173427  2 0 SecondaryOfPN_01
293165982  1 1 PASS
293165982  2 0 ses2MesFail
220962774  1 0 AltDetFail
220962774  2 0 AltDetFail
220962774  3 0 AltDetFail
291002091  1 0 AltDetFail
291002091  2 0 AltDetFail
291002091  3 0 AltDetFail
150166721  1 1 PASS
150166721  2 0 ChasesFail
456388692  1 0 ses2MesFail
196873483  1 0 AltDetFail
342257745  1 0 AltDetFail
342257745  2 0 AltDetFail
342257745  3 0 AltDetFail
158607566  1 0 AltDetFail
158607566  2 0 AltDetFail
261257684  1 1 PASS
213240679  1 0 AltDetFail
319558582  1 1 PASS
452533640  1 1 PASS
271891098  1 0 ses2MesFail
141527579  1 1 PASS
468216076  1 0 ses2MesFail
468216076  2 0 ses2MesFail
468216076  3 0 ChasesFail
468216076  4 0 ChasesFail
468216076  5 0 ChasesFail
451441871  1 0 AltDetFail
122112329  1 0 ses2MesFail
122112329  2 0 ses2MesFail
122112329  3 0 ChasesFail
396721757  1 1 PASS
307368492  1 1 PASS
278683641  1 1 PASS
278683641  2 0 SecondaryOfPN_01
211313448  1 0 ses2MesFail
464049381  1 0 ses2MesFail
261581139  1 1 PASS
261581139  2 0 SecondaryOfPN_01
167123841  1 0 AltDetFail
167123841  2 0 AltDetFail
167123841  3 0 AltDetFail
465078905  1 0 AltDetFail
149601126  1 0 ses2MesFail
341948966  1 1 PASS
341948966  2 0 SecondaryOfPN_01
402850557  1 1 PASS
402850557  2 0 ses2MesFail
 40797468  1 1 PASS
 40797468  2 0 SecondaryOfPN_01
289691552  1 0 ses2MesFail
419637489  1 0 ses2MesFail
167812449  1 1 PASS
394509844  1 1 PASS
295048755  1 0 AltDetFail
  4030617  1 1 PASS
  4030617  2 0 AltDetFail
103024917  1 0 ses2MesFail
295176393  1 0 ses2MesFail
292125267  1 1 PASS
337274166  1 1 PASS
337274166  2 0 SecondaryOfPN_01
179637336  1 0 AltDetFail
246991377  1 0 ses2MesFail
418614625  1 1 PASS
 21679916  1 0 AltDetFail
 21679916  2 0 AltDetFail
457990172  1 0 ses2MesFail
323968843  1 0 ses2MesFail
323968843  2 0 ChasesFail
323968843  3 1 PASS
323968843  4 0 SecondaryOfPN_03
261136000  1 1 PASS
300638785  1 1 PASS
300638785  2 0 AltDetFail
469395934  1 0 AltDetFail
444711579  1 1 PASS
342682604  1 0 ChasesFail
271975726  1 0 ses2MesFail
359766954  1 0 ses2MesFail
359766954  2 0 ses2MesFail
 78637385  1 0 AltDetFail
375034557  1 0 ses2MesFail
 85760452  1 0 AltDetFail
 85760452  2 0 AltDetFail
 85760452  3 0 AltDetFail
190519662  1 0 newMesShrink
 55650494  1 1 PASS
297556216  1 0 AltDetFail
381979901  1 1 PASS
315677046  1 1 PASS
273268991  1 1 PASS
302040469  1 1 PASS
446904698  1 1 PASS
357911163  1 1 PASS
255319384  1 1 PASS
 76804724  1 1 PASS
293345927  1 0 AltDetFail
 32460142  1 1 PASS
359421952  1 0 ChasesFail
290556268  1 1 PASS
383299547  1 0 AltDetFail
396731889  1 1 PASS
396731889  2 0 ChasesFail
 78636551  1 0 ses2MesFail
350025490  1 1 PASS
307993483  1 0 AltDetFail
372978993  1 1 PASS
453793862  1 1 PASS
205336474  1 1 PASS
382649505  1 0 ses2MesFail
382649505  2 0 ses2MesFail
278683844  1 1 PASS
 74437000  1 0 AltDetFail
 74437000  2 0 AltDetFail
357019659  1 0 ses2MesFail
357019659  2 0 ses2MesFail
 97225774  1 0 AltDetFail
 97225774  2 0 AltDetFail
303537034  1 1 PASS
393747557  1 1 PASS
221200664  1 1 PASS
221200664  2 0 SecondaryOfPN_01
260304800  1 1 PASS
269916109  1 1 PASS
323172801  1 1 PASS
177175199  1 1 PASS
261032890  1 0 ses2MesFail
305761174  1 1 PASS
305761174  2 0 AltDetFail
220654250  1 0 AltDetFail
220654250  2 0 AltDetFail
462078476  1 0 ses2MesFail
167303776  1 0 ses2MesFail
167303776  2 0 ses2MesFail
167303776  3 1 PASS
167303776  4 1 PASS
167303776  5 0 ses2MesFail
460977279  1 0 AltDetFail
267147712  1 0 ses2MesFail
267147712  2 0 AltDetFail
447540558  1 0 AltDetFail
447540558  2 0 AltDetFail
 55500832  1 0 ses2MesFail
 33864821  1 1 PASS
 33864821  2 0 SecondaryOfPN_01
356590734  1 1 PASS
356590734  2 0 ses2MesFail
303702893  1 0 AltDetFail
303702893  2 0 AltDetFail
279425357  1 1 PASS
364538560  1 1 PASS
364538560  2 0 SecondaryOfPN_01
141122198  1 0 ses2MesFail
141122198  2 0 AltDetFail
 31381651  1 1 PASS
270107026  1 1 PASS
401701823  1 1 PASS
401701823  2 0 SecondaryOfPN_01
290409509  1 0 AltDetFail
261262184  1 0 AltDetFail
261262184  2 0 AltDetFail
365891274  1 0 ses2MesFail
1536409964  1 0 ses2MesFail
374732762  1 1 PASS
374732762  2 1 PASS
454534617  1 1 PASS
454534617  2 0 AltDetFail
380174982  1 1 PASS
167602738  1 1 PASS
167602738  2 0 AltDetFail
260239481  1 0 ses2MesFail
260239481  2 0 SecondaryOfPN_01
 29779122  1 0 ses2MesFail
 29779122  2 0 ses2MesFail
217684685  1 0 ses2MesFail
238926393  1 1 PASS
403083808  1 0 ses2MesFail
215476661  1 0 AltDetFail
215476661  2 0 AltDetFail
306635088  1 0 ses2MesFail
306635088  2 1 PASS
272086159  1 1 PASS
 38516338  1 1 PASS
394914071  1 0 ses2MesFail
  9252368  1 1 PASS
294832702  1 1 PASS
299377596  1 1 PASS
 39858507  1 1 PASS
406941612  1 1 PASS
 31900691  1 1 PASS
 31900691  2 0 SecondaryOfPN_01
 31900691  3 0 AltDetFail
177353450  1 0 ChasesFail
306274439  1 0 AltDetFail
306274439  2 0 AltDetFail
141865875  1 1 PASS
141865875  2 0 SecondaryOfPN_01
141865875  3 0 AltDetFail
141865875  4 0 AltDetFail
307490261  1 0 ses2MesFail
179317684  1 1 PASS
 33864387  1 0 ses2MesFail
1272578878  1 1 PASS
1272578878  2 0 SecondaryOfPN_01
404804908  1 1 PASS
396697136  1 1 PASS
259230140  1 1 PASS
384070692  1 1 PASS
384070692  2 0 AltDetFail
304408435  1 1 PASS
451398281  1 1 PASS
451398281  2 0 AltDetFail
257738254  1 0 ses2MesFail
118580840  1 0 newMesBelowThresh
260160482  1 0 AltDetFail
346704136  1 0 ChasesFail
346704136  2 0 ses2MesFail
257266102  1 0 ses2MesFail
257266102  2 0 AltDetFail
426077080  1 1 PASS
220478846  1 1 PASS
220478846  2 0 AltDetFail
 38846515  1 1 PASS
303537189  1 0 ses2MesFail
217279153  1 0 ses2MesFail
302443822  1 0 ses2MesFail
 38680052  1 1 PASS
279883855  1 0 ses2MesFail
402726435  1 0 AltDetFail
447126797  1 0 AltDetFail
447126797  2 0 AltDetFail
364361425  1 0 ses2MesFail
365022929  1 0 AltDetFail
365022929  2 0 AltDetFail
140891597  1 0 ses2MesFail
425657556  1 0 AltDetFail
291000793  1 1 PASS
396004353  1 0 AltDetFail
396004353  2 0 AltDetFail
418213759  1 1 PASS
418213759  2 1 PASS
425656136  1 0 AltDetFail
 38634085  1 1 PASS
 38634085  2 0 SecondaryOfPN_01
393489665  1 1 PASS
372817237  1 1 PASS
360670755  1 1 PASS
 76392012  1 0 AltDetFail
 76392012  2 0 AltDetFail
 76392012  3 0 AltDetFail
 84518859  1 0 ses2MesFail
394561119  1 1 PASS
 67918692  1 1 PASS
363455288  1 1 PASS
301842094  1 1 PASS
301842094  2 0 ses2MesFail
272550631  1 0 newMesBelowThresh
172882611  1 1 PASS
172882611  2 0 AltDetFail
172882611  3 0 AltDetFail
 36271069  1 0 AltDetFail
394277816  1 0 ses2MesFail
394277816  2 0 AltDetFail
261202953  1 0 AltDetFail
261202953  2 0 AltDetFail
102643159  1 0 ses2MesFail
263003176  1 1 PASS
301248253  1 0 AltDetFail
 43524496  1 1 PASS
287350462  1 1 PASS
287350462  2 0 AltDetFail
406731362  1 1 PASS
406731362  2 0 SecondaryOfPN_01
276934414  1 0 AltDetFail
350618622  1 0 ses2MesFail
272232401  1 0 ses2MesFail
272232401  2 0 ChasesFail
343156261  1 0 ses2MesFail
 38633462  1 0 ChasesFail
358935454  1 1 PASS
358935454  2 0 AltDetFail
295178603  1 1 PASS
295178603  2 0 SecondaryOfPN_01
323349313  1 0 ses2MesFail
396537777  1 0 AltDetFail
396537777  2 0 AltDetFail
396537777  3 0 AltDetFail
453766335  1 0 ses2MesFail
382720578  1 0 ses2MesFail
1695999069  1 1 PASS
1695999069  2 0 AltDetFail
322950055  1 0 ses2MesFail
149176080  1 0 AltDetFail
149176080  2 0 AltDetFail
359991588  1 1 PASS
359991588  2 0 ses2MesFail
389869955  1 1 PASS
257415989  1 0 newMesShrink
257415989  2 0 ses2MesFail
257415989  3 0 AltDetFail
 83253772  1 0 AltDetFail
403567861  1 0 AltDetFail
382028425  1 1 PASS
382028425  2 0 SecondaryOfPN_01
323878236  1 1 PASS
396426610  1 0 ses2MesFail
255840767  1 1 PASS
292826577  1 0 AltDetFail
292826577  2 0 AltDetFail
292826577  3 0 AltDetFail
350153977  1 1 PASS
404851207  1 0 AltDetFail
282330896  1 0 AltDetFail
282330896  2 0 AltDetFail
424067001  1 0 AltDetFail
 55369219  1 0 ses2MesFail
277298771  1 0 ses2MesFail
389070884  1 1 PASS
389070884  2 0 ses2MesFail
389070884  3 0 ses2MesFail
258412311  1 0 AltDetFail
261376909  1 0 AltDetFail
261376909  2 0 AltDetFail
318125367  1 1 PASS
361273500  1 1 PASS
361273500  2 0 ses2MesFail
422700778  1 1 PASS
263713305  1 1 PASS
263713305  2 0 AltDetFail
302965929  1 0 ChasesFail
 40717334  1 0 AltDetFail
 22186226  1 1 PASS
217608107  1 1 PASS
217608107  2 0 AltDetFail
307210830  1 1 PASS
307210830  2 1 PASS
150105822  1 1 PASS
 25133286  1 0 ses2MesFail
301158182  1 1 PASS
471015240  1 0 AltDetFail
382101519  1 0 AltDetFail
382101519  2 0 AltDetFail
 39645962  1 0 ChasesFail
255594396  1 1 PASS
255594396  2 0 SecondaryOfPN_01
347520615  1 0 AltDetFail
347520615  2 0 AltDetFail
347520615  3 0 AltDetFail
 41233728  1 1 PASS
 41233728  2 0 ChasesFail
 41233728  3 0 AltDetFail
1108525154  1 0 AltDetFail
261956446  1 1 PASS
382543452  1 0 ses2MesFail
269762258  1 1 PASS
323295479  1 0 ses2MesFail
418638224  1 1 PASS
281924357  1 1 PASS
447579702  1 1 PASS
365466028  1 0 AltDetFail
361289085  1 0 ses2MesFail
 74925912  1 1 PASS
342782002  1 1 PASS
220396259  1 1 PASS
 59183645  1 1 PASS
388199112  1 0 ses2MesFail
350025488  1 1 PASS
375223080  1 1 PASS
304331135  1 1 PASS
304331135  2 0 AltDetFail
293271581  1 1 PASS
293271581  2 0 AltDetFail
293271581  3 0 AltDetFail
151300352  1 0 ses2MesFail
208821312  1 0 ses2MesFail
 35135412  1 1 PASS
 30034081  1 0 ses2MesFail
 30034081  2 0 AltDetFail
167574282  1 0 ses2MesFail
260502102  1 1 PASS
260502102  2 0 ses2MesFail
350479496  1 1 PASS
350479496  2 0 SecondaryOfPN_01
 55781202  1 0 ses2MesFail
293963713  1 0 ses2MesFail
167896870  1 0 ses2MesFail
167896870  2 0 ses2MesFail
280822724  1 0 ses2MesFail
259520803  1 1 PASS
302041425  1 1 PASS
302041425  2 0 SecondaryOfPN_01
302041425  3 0 SecondaryOfPN_01
302041425  4 0 AltDetFail
1325900065  1 1 PASS
 83822219  1 0 AltDetFail
 38843381  1 1 PASS
217540881  1 0 ses2MesFail
260916811  1 0 AltDetFail
260916811  2 0 AltDetFail
259731936  1 1 PASS
259731936  2 0 AltDetFail
294092966  1 1 PASS
294092966  2 0 SecondaryOfPN_01
294092966  3 0 AltDetFail
278138619  1 1 PASS
213207249  1 1 PASS
452419843  1 1 PASS
452419843  2 0 SecondaryOfPN_01
426131121  1 1 PASS
426131121  2 0 SecondaryOfPN_01
150441015  1 0 AltDetFail
 84752981  1 0 ses2MesFail
238059286  1 1 PASS
297557626  1 0 AltDetFail
207809538  1 1 PASS
167208380  1 0 ses2MesFail
141871560  1 1 PASS
141871560  2 0 AltDetFail
280920186  1 1 PASS
280920186  2 0 ChasesFail
266271836  1 0 ses2MesFail
266271836  2 0 ChasesFail
395181620  1 0 AltDetFail
395181620  2 0 AltDetFail
425656072  1 1 PASS
245878670  1 1 PASS
292739879  1 0 AltDetFail
292739879  2 0 AltDetFail
306577678  1 0 ses2MesFail
457995946  1 1 PASS
364284183  1 0 AltDetFail
364284183  2 0 AltDetFail
364284183  3 0 AltDetFail
 33786334  1 1 PASS
388106735  1 0 ses2MesFail
349647488  1 0 ses2MesFail
349647488  2 0 SecondaryOfPN_01
349647488  3 0 AltDetFail
 30718115  1 0 ses2MesFail
 30718115  2 1 PASS
247222330  1 0 newMesShrink
294194284  1 0 AltDetFail
283816776  1 0 ChasesFail
283816776  2 0 ses2MesFail
348897766  1 0 AltDetFail
348897766  2 0 AltDetFail
379801775  1 1 PASS
379801775  2 0 AltDetFail
294329266  1 0 ses2MesFail
362839922  1 1 PASS
401667272  1 0 ses2MesFail
367227831  1 0 AltDetFail
150098860  1 1 PASS
294689057  1 0 ses2MesFail
176955267  1 0 ses2MesFail
 27116725  1 0 AltDetFail
 27116725  2 0 AltDetFail
263486833  1 1 PASS
263713405  1 1 PASS
 55652896  1 0 ses2MesFail
362950278  1 1 PASS
296418844  1 1 PASS
310360141  1 1 PASS
409518826  1 1 PASS
409518826  2 0 AltDetFail
 38827910  1 1 PASS
169864431  1 1 PASS
169864431  2 0 AltDetFail
262331205  1 1 PASS
373843852  1 1 PASS
 94767259  1 1 PASS
412767814  1 1 PASS
1004103418  1 0 ses2MesFail
1004103418  2 0 AltDetFail
343646621  1 1 PASS
 79479568  1 1 PASS
328143422  1 0 AltDetFail
340410923  1 0 AltDetFail
340410923  2 0 AltDetFail
367314946  1 0 ses2MesFail
368854931  1 0 ses2MesFail
612116713  1 1 PASS
177077475  1 0 ses2MesFail
177077475  2 0 ses2MesFail
323013113  1 0 AltDetFail
282052574  1 0 ses2MesFail
324609409  1 0 ses2MesFail
452479048  1 1 PASS
177309964  1 1 PASS
177309964  2 0 ses2MesFail
177309964  3 0 AltDetFail
177309964  4 0 AltDetFail
263485002  1 0 AltDetFail
263485002  2 0 AltDetFail
105838748  1 0 AltDetFail
410487677  1 0 AltDetFail
410487677  2 0 AltDetFail
279570232  1 0 ses2MesFail
274433672  1 1 PASS
274433672  2 0 SecondaryOfPN_01
384468745  1 1 PASS
364589441  1 0 newMesBelowThresh
307210445  1 0 ses2MesFail
 79358659  1 0 ses2MesFail
337345998  1 1 PASS
337345998  2 0 SecondaryOfPN_01
357105301  1 0 ses2MesFail
357105301  2 0 ses2MesFail
306510653  1 1 PASS
369864738  1 1 PASS
260880449  1 0 ses2MesFail
448186109  1 0 ChasesFail
448186109  2 0 ChasesFail
448186109  3 0 ses2MesFail
141811446  1 1 PASS
141811446  2 0 SecondaryOfPN_01
453628584  1 1 PASS
222844411  1 1 PASS
1139384221  1 1 PASS
454757744  1 0 AltDetFail
454757744  2 0 AltDetFail
105063218  1 1 PASS
238226533  1 1 PASS
150440755  1 0 AltDetFail
104123038  1 0 AltDetFail
104123038  2 0 AltDetFail
104123038  3 0 AltDetFail
260506296  1 0 ses2MesFail
263599370  1 1 PASS
220405105  1 0 ses2MesFail
297830203  1 0 ses2MesFail
210516792  1 0 ChasesFail
176874136  1 1 PASS
176038224  1 0 ses2MesFail
381559060  1 0 ses2MesFail
381559060  2 0 ses2MesFail
381559060  3 1 PASS
 33350443  1 1 PASS
261646556  1 0 ses2MesFail
261646556  2 0 AltDetFail
404970655  1 1 PASS
305767579  1 1 PASS
305767579  2 0 SecondaryOfPN_01
426329335  1 1 PASS
149573659  1 1 PASS
149573659  2 0 SecondaryOfPN_01
369960846  1 1 PASS
149473467  1 0 ses2MesFail
149473467  2 0 AltDetFail
 64437380  1 0 ses2MesFail
 64437380  2 0 AltDetFail
261323557  1 0 ses2MesFail
314864553  1 0 ses2MesFail
314864553  2 0 AltDetFail
260161144  1 0 ses2MesFail
260161144  2 0 newMesBelowThresh
260161144  3 0 AltDetFail
375225453  1 1 PASS
381369373  1 0 AltDetFail
261089147  1 0 ses2MesFail
261089147  2 0 ses2MesFail
105839253  1 0 AltDetFail
105839253  2 0 AltDetFail
 76809655  1 0 AltDetFail
 76809655  2 0 AltDetFail
 76809655  3 0 AltDetFail
451573192  1 0 ses2MesFail
451573192  2 0 SecondaryOfPN_01
451573192  3 0 AltDetFail
364302118  1 1 PASS
382266319  1 1 PASS
382266319  2 0 AltDetFail
382266319  3 0 AltDetFail
300010961  1 0 AltDetFail
300010961  2 0 AltDetFail
150167117  1 1 PASS
404875128  1 0 ses2MesFail
404875128  2 0 ses2MesFail
407146536  1 1 PASS
301897558  1 1 PASS
301897558  2 0 SecondaryOfPN_01
 50869729  1 1 PASS
350480660  1 1 PASS
350480660  2 0 SecondaryOfPN_01
348992096  1 0 ses2MesFail
149990841  1 1 PASS
 29828884  1 1 PASS
352021114  1 1 PASS
352021114  2 0 SecondaryOfPN_01
167754658  1 1 PASS
340091776  1 1 PASS
208672221  1 0 AltDetFail
 30267198  1 1 PASS
175636600  1 1 PASS
175637609  1 0 ChasesFail
175637609  2 0 ses2MesFail
140900726  1 1 PASS
 31207306  1 0 AltDetFail
 76760933  1 1 PASS
 76760933  2 0 SecondaryOfPN_01
 76760933  3 0 AltDetFail
 76760933  4 0 AltDetFail
298112357  1 0 AltDetFail
298112357  2 0 AltDetFail
271806353  1 1 PASS
212415990  1 1 PASS
212415990  2 0 AltDetFail
212415990  3 0 AltDetFail
207318741  1 1 PASS
394275759  1 0 ses2MesFail
257776944  1 1 PASS
257776944  2 0 AltDetFail
257776944  3 0 AltDetFail
263419344  1 1 PASS
354718731  1 1 PASS
159803421  1 0 AltDetFail
273695332  1 1 PASS
362168897  1 0 ChasesFail
280721878  1 0 ses2MesFail
380589029  1 1 PASS
382188882  1 1 PASS
287350461  1 1 PASS
276793501  1 0 AltDetFail
194025647  1 1 PASS
194025647  2 0 AltDetFail
194025647  3 0 AltDetFail
194025647  4 0 AltDetFail
279575424  1 1 PASS
260504446  1 1 PASS
260504446  2 0 SecondaryOfPN_01
260504446  3 0 AltDetFail
403196435  1 0 AltDetFail
393490554  1 0 ses2MesFail
323292655  1 0 AltDetFail
301152169  1 1 PASS
299504548  1 1 PASS
1397809700  1 0 AltDetFail
418658225  1 1 PASS
294068413  1 1 PASS
257585585  1 0 AltDetFail
257585585  2 0 AltDetFail
212201942  1 0 ses2MesFail
300651846  1 1 PASS
300651846  2 0 AltDetFail
384341678  1 1 PASS
384341678  2 0 ses2MesFail
231799463  1 0 ses2MesFail
231799463  2 0 ses2MesFail
 94972504  1 0 ses2MesFail
451461720  1 1 PASS
451461720  2 0 SecondaryOfPN_01
 87260967  1 1 PASS
142087638  1 1 PASS
348762908  1 1 PASS
348762908  2 0 newMesShrink
468177090  1 1 PASS
468177090  2 0 SecondaryOfPN_01
 16245795  1 1 PASS
159384361  1 1 PASS
1535477969  1 1 PASS
396721826  1 1 PASS
401621633  1 1 PASS
300012172  1 0 ses2MesFail
404768652  1 1 PASS
211850864  1 1 PASS
1109748606  1 0 ChasesFail
396697919  1 1 PASS
449666662  1 0 ses2MesFail
238007437  1 1 PASS
394699148  1 0 AltDetFail
343648136  1 1 PASS
323685105  1 0 ses2MesFail
 96222287  1 1 PASS
112682462  1 0 AltDetFail
112682462  2 0 AltDetFail
452591819  1 0 newMesShrink
164344772  1 0 ses2MesFail
376985426  1 0 AltDetFail
376985426  2 0 AltDetFail
362710804  1 1 PASS
 30669855  1 0 AltDetFail
 30669855  2 0 AltDetFail
402227264  1 0 AltDetFail
402227264  2 0 AltDetFail
402227264  3 0 AltDetFail
306773020  1 1 PASS
259117607  1 0 ses2MesFail
362172341  1 0 ses2MesFail
 96747672  1 0 AltDetFail
 38586438  1 1 PASS
 38586438  2 0 ses2MesFail
237979468  1 1 PASS
470329609  1 0 AltDetFail
 74107579  1 0 ses2MesFail
 74107579  2 0 AltDetFail
 74107579  3 0 AltDetFail
220411388  1 0 ses2MesFail
350431335  1 1 PASS
350431335  2 0 AltDetFail
350575997  1 1 PASS
 30548587  1 1 PASS
 30548587  2 0 AltDetFail
360812545  1 0 AltDetFail
360812545  2 0 AltDetFail
426546024  1 0 AltDetFail
426546024  2 0 AltDetFail
216644995  1 1 PASS
216644995  2 0 AltDetFail
162222618  1 0 ses2MesFail
324936149  1 1 PASS
111977318  1 0 ses2MesFail
111977318  2 0 ses2MesFail
295375168  1 0 ses2MesFail
324935946  1 1 PASS
221970504  1 0 ses2MesFail
446322711  1 0 ses2MesFail
238197709  1 1 PASS
260504147  1 1 PASS
 55604447  1 0 ses2MesFail
404378743  1 0 ChasesFail
404378743  2 0 newMesBelowThresh
404378743  3 0 SecondaryOfPN_01
404378743  4 0 AltDetFail
454291768  1 0 ses2MesFail
363128932  1 1 PASS
426571468  1 1 PASS
394728064  1 1 PASS
403511454  1 1 PASS
 40653940  1 0 ses2MesFail
 85771680  1 1 PASS
 85771680  2 0 SecondaryOfPN_01
 97766057  1 1 PASS
448336009  1 1 PASS
306001396  1 1 PASS
322949743  1 1 PASS
125867733  1 0 AltDetFail
125867733  2 0 AltDetFail
363130623  1 1 PASS
303539181  1 1 PASS
317098249  1 0 ses2MesFail
338495232  1 0 ses2MesFail
427040361  1 0 newMesShrink
427040361  2 1 PASS
427040361  3 0 ses2MesFail
260268898  1 0 ses2MesFail
261010726  1 1 PASS
214361331  1 1 PASS
261867566  1 1 PASS
444656050  1 0 ses2MesFail
444656050  2 0 ses2MesFail
444656050  3 0 ses2MesFail
444656050  4 0 ChasesFail
305767364  1 1 PASS
340777058  1 0 newMesShrink
 86134939  1 1 PASS
309747465  1 1 PASS
309747465  2 0 SecondaryOfPN_01
309747465  3 0 AltDetFail
323442776  1 0 ses2MesFail
323442776  2 0 SecondaryOfPN_01
323442776  3 0 SecondaryOfPN_01
212606631  1 0 AltDetFail
360474354  1 1 PASS
360474354  2 0 AltDetFail
384631116  1 0 AltDetFail
292753203  1 0 ses2MesFail
292753203  2 0 ses2MesFail
294784522  1 0 AltDetFail
294784522  2 0 SecondaryOfPN_01
294784522  3 0 AltDetFail
347614733  1 1 PASS
278825952  1 1 PASS
278825952  2 0 newMesBelowThresh
278825952  3 0 newMesShrink
220433363  1 0 ses2MesFail
220433363  2 0 ses2MesFail
323434471  1 0 AltDetFail
287355511  1 0 ses2MesFail
287355511  2 0 ses2MesFail
418461978  1 1 PASS
418794892  1 1 PASS
418794892  2 0 SecondaryOfPN_01
394346745  1 1 PASS
179305059  1 1 PASS
278137593  1 0 AltDetFail
299798795  1 1 PASS
454859654  1 0 ChasesFail
454859654  2 0 SecondaryOfPN_01
454859654  3 0 SecondaryOfPN_01
293164462  1 0 ses2MesFail
 94737848  1 1 PASS
350443417  1 1 PASS
350443417  2 0 newMesShrink
350443417  3 0 AltDetFail
350443417  4 0 AltDetFail
350443417  5 0 AltDetFail
118144179  1 1 PASS
210514151  1 1 PASS
210514151  2 0 ChasesFail
447083622  1 0 AltDetFail
167251459  1 1 PASS
167251459  2 0 newMesShrink
167251459  3 0 newMesBelowThresh
167251459  4 0 newMesBelowThresh
300560295  1 1 PASS
300560295  2 0 SecondaryOfPN_01
1233303929  1 0 ses2MesFail
1233303929  2 0 AltDetFail
260269456  1 1 PASS
260269456  2 0 newMesBelowThresh
260269456  3 0 newMesBelowThresh
 30312711  1 1 PASS
 38679390  1 1 PASS
349192028  1 0 ses2MesFail
454747287  1 1 PASS
167810285  1 0 ses2MesFail
325526165  1 0 ChasesFail
404927661  1 0 ses2MesFail
179308939  1 0 AltDetFail
 55497266  1 0 AltDetFail
256902444  1 0 ses2MesFail
256902444  2 0 ChasesFail
170228172  1 1 PASS
177162886  1 1 PASS
108848226  1 0 ses2MesFail
363931598  1 1 PASS
420618833  1 1 PASS
403228093  1 0 AltDetFail
403228093  2 0 AltDetFail
255532033  1 0 ses2MesFail
255532033  2 0 ses2MesFail
255532033  3 0 AltDetFail
198851135  1 0 ses2MesFail
198851135  2 0 ses2MesFail
278731274  1 0 ses2MesFail
278731274  2 0 ses2MesFail
278731274  3 0 ses2MesFail
238069203  1 0 AltDetFail
238069203  2 0 AltDetFail
167007869  1 0 ChasesFail
208538982  1 0 ChasesFail
208538982  2 0 ChasesFail
208538982  3 0 ses2MesFail
142105158  1 1 PASS
177240597  1 0 AltDetFail
214330573  1 0 AltDetFail
300810086  1 1 PASS
266099931  1 0 ses2MesFail
276967501  1 0 ChasesFail
341803401  1 1 PASS
382145619  1 0 ses2MesFail
341029467  1 1 PASS
341029467  2 0 ses2MesFail
396139114  1 1 PASS
212461524  1 1 PASS
212461524  2 0 ChasesFail
220475245  1 1 PASS
 16285096  1 0 ChasesFail
 16285096  2 0 SecondaryOfPN_01
 16285096  3 0 ses2MesFail
 15771519  1 1 PASS
 15771519  2 0 AltDetFail
413432205  1 0 ses2MesFail
194028505  1 0 ses2MesFail
236073671  1 0 AltDetFail
323354786  1 0 ses2MesFail
323354786  2 0 ses2MesFail
323880595  1 0 ses2MesFail
323880595  2 0 ses2MesFail
426709425  1 1 PASS
423019526  1 1 PASS
304742792  1 1 PASS
261401023  1 1 PASS
261401023  2 1 PASS
261398324  1 0 ses2MesFail
301404113  1 1 PASS
418580925  1 0 AltDetFail
307852136  1 1 PASS
307852136  2 0 newMesShrink
307852136  3 0 ses2MesFail
 29563900  1 0 ses2MesFail
384149685  1 0 AltDetFail
384149685  2 0 AltDetFail
384149685  3 0 AltDetFail
 46817697  1 0 AltDetFail
464765603  1 0 ses2MesFail
464765603  2 0 ses2MesFail
464765603  3 0 SesStatFail
318088293  1 0 AltDetFail
318088293  2 0 AltDetFail
402756966  1 0 AltDetFail
380783252  1 1 PASS
167572975  1 0 ses2MesFail
167572975  2 0 ChasesFail
167572975  3 0 ses2MesFail
220473309  1 0 ses2MesFail
220473309  2 0 ses2MesFail
220473309  3 0 ChasesFail
220473309  4 0 ses2MesFail
370118363  1 1 PASS
 38942727  1 1 PASS
118144762  1 0 AltDetFail
140830390  1 1 PASS
208825587  1 0 AltDetFail
163008999  1 0 ses2MesFail
163008999  2 0 AltDetFail
322306553  1 0 ses2MesFail
322306553  2 0 ses2MesFail
462963005  1 0 ses2MesFail
217991605  1 1 PASS
 30531417  1 0 ses2MesFail
 30531417  2 0 AltDetFail
362384933  1 1 PASS
211612517  1 0 ses2MesFail
345827111  1 0 ses2MesFail
310802742  1 0 ses2MesFail
140760434  1 0 ses2MesFail
210577071  1 0 ses2MesFail
  6631253  1 0 ses2MesFail
453216810  1 1 PASS
453216810  2 0 AltDetFail
235416087  1 0 AltDetFail
235416087  2 0 AltDetFail
 67484322  1 0 AltDetFail
269979433  1 1 PASS
323292484  1 0 ses2MesFail
323292484  2 0 ChasesFail
382069435  1 0 ses2MesFail
161888379  1 0 ses2MesFail
 75713106  1 0 ses2MesFail
 75713106  2 0 SecondaryOfPN_01
 98334438  1 1 PASS
 98334438  2 0 SecondaryOfPN_01
259915804  1 0 ses2MesFail
245999208  1 0 ses2MesFail
245999208  2 0 AltDetFail
325525541  1 0 ses2MesFail
357786960  1 1 PASS
357786960  2 0 AltDetFail
274145115  1 1 PASS
274145115  2 0 ses2MesFail
247855453  1 1 PASS
247855453  2 0 AltDetFail
384159646  1 0 ses2MesFail
304437284  1 0 ChasesFail
 33542174  1 0 ses2MesFail
177118939  1 0 AltDetFail
193831684  1 1 PASS
318608749  1 1 PASS
462019581  1 0 ses2MesFail
394098627  1 1 PASS
150187916  1 1 PASS
150187916  2 0 SecondaryOfPN_01
150187916  3 0 SecondaryOfPN_01
150187916  4 0 ChasesFail
 16790069  1 1 PASS
 16790069  2 0 SecondaryOfPN_01
382147080  1 0 ChasesFail
 55746262  1 0 ses2MesFail
388240837  1 0 ses2MesFail
388240837  2 0 ses2MesFail
431085335  1 0 ses2MesFail
300430650  1 1 PASS
373846934  1 0 AltDetFail
373846934  2 0 AltDetFail
278037552  1 1 PASS
278037552  2 0 AltDetFail
216920098  1 1 PASS
 25153041  1 0 ses2MesFail
269795198  1 0 ses2MesFail
269795198  2 1 PASS
444923317  1 1 PASS
444923317  2 0 AltDetFail
 28203890  1 1 PASS
 28203890  2 0 AltDetFail
282050293  1 1 PASS
282050293  2 0 AltDetFail
277022838  1 1 PASS
255759138  1 1 PASS
140859822  1 0 ses2MesFail
453095489  1 1 PASS
453095489  2 0 AltDetFail
279615956  1 1 PASS
176956893  1 1 PASS
141608198  1 1 PASS
162763175  1 0 ses2MesFail
150358433  1 1 PASS
 76609499  1 1 PASS
231740019  1 1 PASS
804762481  1 1 PASS
208286471  1 0 ses2MesFail
208286471  2 0 ChasesFail
211258728  1 0 ses2MesFail
277069829  1 1 PASS
277069829  2 0 ses2MesFail
277069829  3 0 SecondaryOfPN_01
418338130  1 0 ChasesFail
122645363  1 1 PASS
122645363  2 0 SecondaryOfPN_01
261089844  1 0 AltDetFail
261089844  2 0 AltDetFail
261089844  3 0 AltDetFail
278415929  1 1 PASS
255760319  1 1 PASS
294911443  1 1 PASS
 30317282  1 0 AltDetFail
318613756  1 0 ses2MesFail
167418903  1 1 PASS
 17639611  1 1 PASS
 17639611  2 0 AltDetFail
455055150  1 1 PASS
396721715  1 1 PASS
271795511  1 1 PASS
401701828  1 0 ses2MesFail
401701828  2 0 AltDetFail
260636730  1 0 ses2MesFail
342898231  1 0 ChasesFail
150442264  1 1 PASS
150442264  2 0 SecondaryOfPN_01
387061852  1 0 AltDetFail
337109866  1 0 AltDetFail
337109866  2 0 AltDetFail
167163906  1 0 ChasesFail
 76313563  1 1 PASS
 76313563  2 0 ChasesFail
360476030  1 0 AltDetFail
360476030  2 0 AltDetFail
238197638  1 1 PASS
278199349  1 1 PASS
313554509  1 1 PASS
735128403  1 0 AltDetFail
735128403  2 0 AltDetFail
291249313  1 0 ses2MesFail
 38597904  1 1 PASS
 38597904  2 0 AltDetFail
395398543  1 0 AltDetFail
395398543  2 0 AltDetFail
349156098  1 1 PASS
349156098  2 0 AltDetFail
390036498  1 1 PASS
364354624  1 1 PASS
 59816984  1 1 PASS
 59816984  2 0 AltDetFail
420831478  1 1 PASS
420831478  2 0 AltDetFail
369327947  1 1 PASS
304844648  1 1 PASS
238229705  1 0 ses2MesFail
461143288  1 1 PASS
260639999  1 0 ses2MesFail
193431686  1 1 PASS
272357134  1 1 PASS
272357134  2 0 SecondaryOfPN_01
292547242  1 1 PASS
 55242082  1 0 ses2MesFail
 55242082  2 0 ses2MesFail
403280963  1 1 PASS
403280963  2 0 SecondaryOfPN_01
 96157311  1 1 PASS
 96157311  2 0 AltDetFail
425644107  1 0 ses2MesFail
426493006  1 0 AltDetFail
426493006  2 0 AltDetFail
307291318  1 1 PASS
307291318  2 0 SecondaryOfPN_01
413337672  1 1 PASS
304202804  1 0 AltDetFail
211954111  1 0 ses2MesFail
363119909  1 0 AltDetFail
453794834  1 0 ses2MesFail
453794834  2 0 ChasesFail
425852557  1 0 AltDetFail
425852557  2 0 AltDetFail
279510954  1 0 ChasesFail
431481388  1 0 AltDetFail
149059954  1 1 PASS
149059954  2 0 AltDetFail
469041116  1 0 ses2MesFail
281040489  1 0 ses2MesFail
394340319  1 1 PASS
365321314  1 0 ses2MesFail
365321314  2 0 AltDetFail
365321314  3 0 AltDetFail
 69609942  1 1 PASS
 69609942  2 0 AltDetFail
 69609942  3 0 AltDetFail
191694822  1 1 PASS
191694822  2 0 SecondaryOfPN_01
279957640  1 0 AltDetFail
406347247  1 1 PASS
425805760  1 0 AltDetFail
425805760  2 0 AltDetFail
292121908  1 1 PASS
292121908  2 0 AltDetFail
167201539  1 1 PASS
167201539  2 0 SecondaryOfPN_01
211765824  1 0 ses2MesFail
211765824  2 0 SecondaryOfPN_01
1310196014  1 1 PASS
357912749  1 0 AltDetFail
216128151  1 1 PASS
363343934  1 1 PASS
362665618  1 1 PASS
150357290  1 1 PASS
278036258  1 0 ses2MesFail
 83824229  1 1 PASS
350298319  1 0 ses2MesFail
394918211  1 1 PASS
406976746  1 1 PASS
292327083  1 1 PASS
293164461  1 0 ses2MesFail
300741820  1 0 AltDetFail
176025923  1 0 AltDetFail
176025923  2 0 AltDetFail
402477292  1 1 PASS
300291839  1 1 PASS
261259291  1 0 ChasesFail
261259291  2 0 AltDetFail
140659978  1 1 PASS
140659978  2 0 SecondaryOfPN_01
 32735369  1 0 AltDetFail
1005005438  1 0 ses2MesFail
245565877  1 1 PASS
346767664  1 0 ses2MesFail
346767664  2 0 ses2MesFail
346767664  3 0 newMesShrink
346767664  4 0 newMesBelowThresh
346767664  5 0 ses2MesFail
346767664  6 0 newMesBelowThresh
294269932  1 0 ses2MesFail
294269932  2 0 AltDetFail
212192861  1 0 AltDetFail
 59183599  1 1 PASS
374447935  1 1 PASS
452522386  1 1 PASS
294396726  1 0 ses2MesFail
294396726  2 0 SecondaryOfPN_01
238228648  1 0 ses2MesFail
270472265  1 1 PASS
167602025  1 0 ChasesFail
198257590  1 1 PASS
218084836  1 1 PASS
218084836  2 0 SecondaryOfPN_01
310106386  1 1 PASS
300293197  1 1 PASS
408962823  1 0 AltDetFail
408962823  2 0 AltDetFail
 16753610  1 0 AltDetFail
300141210  1 1 PASS
318122518  1 0 AltDetFail
407882514  1 1 PASS
407882514  2 0 AltDetFail
397231463  1 0 ses2MesFail
301956407  1 1 PASS
301956407  2 0 SecondaryOfPN_01
108383215  1 0 ses2MesFail
 38842861  1 1 PASS
352166560  1 0 ses2MesFail
352166560  2 0 AltDetFail
 41230180  1 1 PASS
176874062  1 1 PASS
176874062  2 0 SecondaryOfPN_01
448728685  1 0 AltDetFail
326563930  1 1 PASS
317250749  1 1 PASS
262379277  1 0 AltDetFail
431481389  1 0 AltDetFail
452448437  1 0 ses2MesFail
452448437  2 0 ChasesFail
359356484  1 1 PASS
359356484  2 0 AltDetFail
271891552  1 1 PASS
394698182  1 1 PASS
230689778  1 0 ChasesFail
150429807  1 0 ses2MesFail
280097543  1 1 PASS
 76061029  1 0 AltDetFail
1517442265  1 1 PASS
446784098  1 1 PASS
231888176  1 0 ChasesFail
365602790  1 0 ses2MesFail
365602790  2 0 SecondaryOfPN_01
464315748  1 1 PASS
300561485  1 0 ChasesFail
360630575  1 1 PASS
 35990301  1 1 PASS
402675246  1 1 PASS
402675246  2 0 SecondaryOfPN_01
260003467  1 1 PASS
359641042  1 0 ses2MesFail
359641042  2 0 ses2MesFail
 94984576  1 0 ChasesFail
287438823  1 0 ses2MesFail
357662316  1 1 PASS
357662316  2 0 SecondaryOfPN_01
260298958  1 1 PASS
149060456  1 1 PASS
295313473  1 1 PASS
167551757  1 0 ses2MesFail
452501234  1 1 PASS
270507305  1 1 PASS
304555088  1 1 PASS
342399216  1 1 PASS
