200744242  1 1 PASS
 38687360  1 0 AltDetFail
 38687360  2 0 AltDetFail
332828555  1 0 ses2MesFail
365440560  1 0 ses2MesFail
177118939  1 0 AltDetFail
177118939  2 0 AltDetFail
177118939  3 0 AltDetFail
284194837  1 0 AltDetFail
178289267  1 1 PASS
686072378  1 1 PASS
150187916  1 1 PASS
150187916  2 0 SecondaryOfPN_01
150187916  3 1 PASS
259590223  1 1 PASS
259590223  2 0 SecondaryOfPN_01
382147080  1 0 ses2MesFail
 55746262  1 1 PASS
 44647437  1 1 PASS
382528174  1 1 PASS
152359020  1 0 AltDetFail
167344029  1 0 ses2MesFail
281581467  1 1 PASS
278024057  1 1 PASS
369376388  1 1 PASS
 30940692  1 1 PASS
382069435  1 1 PASS
382069435  2 0 SecondaryOfPN_01
382069435  3 0 SecondaryOfPN_01
209459275  1 1 PASS
439907848  1 1 PASS
439907848  2 0 SecondaryOfPN_01
 92279882  1 0 ChasesFail
358248442  1 1 PASS
178171080  1 1 PASS
220473309  1 0 ChasesFail
178288581  1 1 PASS
 30531417  1 0 AltDetFail
 30531417  2 0 AltDetFail
237915523  1 1 PASS
237915523  2 1 PASS
237915523  3 0 AltDetFail
399947148  1 1 PASS
140830390  1 1 PASS
167007869  1 1 PASS
142105158  1 1 PASS
 70596114  1 0 ses2MesFail
300810086  1 1 PASS
259389219  1 1 PASS
278731274  1 0 ses2MesFail
278731274  2 0 ChasesFail
220475245  1 1 PASS
332699813  1 1 PASS
332699813  2 0 SecondaryOfPN_01
 38677487  1 1 PASS
 38677487  2 0 SecondaryOfPN_01
167251459  1 1 PASS
167251459  2 0 newMesBelowThresh
  7624182  1 1 PASS
300560295  1 1 PASS
300560295  2 0 SecondaryOfPN_01
178288638  1 1 PASS
178288638  2 0 newMesShrink
350443417  1 0 ses2MesFail
350443417  2 0 newMesShrink
350443417  3 0 AltDetFail
179308939  1 0 AltDetFail
 49899799  1 1 PASS
 49899799  2 0 SecondaryOfPN_01
332890609  1 0 ChasesFail
177162886  1 1 PASS
219421728  1 1 PASS
260269456  1 1 PASS
328431679  1 0 newMesShrink
 38679390  1 1 PASS
 38467100  1 1 PASS
404927661  1 1 PASS
404927661  2 0 ses2MesFail
167810285  1 0 ses2MesFail
318753380  1 1 PASS
170698265  1 1 PASS
170698265  2 1 PASS
170698265  3 0 AltDetFail
365332328  1 1 PASS
 79570081  1 0 ses2MesFail
200364466  1 0 ses2MesFail
381024110  1 1 PASS
257433501  1 0 AltDetFail
152372557  1 0 ChasesFail
152372557  2 0 ses2MesFail
152508459  1 0 ChasesFail
420051025  1 0 ses2MesFail
220433363  1 0 ChasesFail
220433363  2 0 ChasesFail
 25078924  1 1 PASS
 25078924  2 0 SecondaryOfPN_01
 25078924  3 0 AltDetFail
278825952  1 1 PASS
278825952  2 0 newMesBelowThresh
278825952  3 0 AltDetFail
 65398518  1 0 ses2MesFail
 13982168  1 1 PASS
144522855  1 0 ses2MesFail
144522855  2 0 AltDetFail
259373684  1 0 ses2MesFail
 77156829  1 1 PASS
259574789  1 1 PASS
259574789  2 0 SecondaryOfPN_01
259574789  3 0 newMesBelowThresh
323282620  1 1 PASS
323282620  2 0 SecondaryOfPN_01
 38464735  1 1 PASS
170636897  1 0 ses2MesFail
200745563  1 1 PASS
 88571421  1 1 PASS
 88571421  2 0 SecondaryOfPN_01
374827241  1 1 PASS
374827241  2 0 SecondaryOfPN_01
410448693  1 1 PASS
 38586438  1 1 PASS
  9858404  1 1 PASS
376985426  1 0 AltDetFail
376985426  2 0 AltDetFail
311183180  1 1 PASS
311183180  2 0 SecondaryOfPN_01
306773020  1 1 PASS
 44797824  1 0 ChasesFail
 44797824  2 1 PASS
260504147  1 1 PASS
350431335  1 1 PASS
 44890224  1 1 PASS
165184400  1 0 ses2MesFail
165184400  2 0 ses2MesFail
152370762  1 0 ses2MesFail
152370762  2 0 ses2MesFail
141306513  1 1 PASS
141306513  2 0 AltDetFail
141306513  3 0 AltDetFail
270507305  1 1 PASS
260003467  1 1 PASS
270676943  1 0 ChasesFail
270676943  2 0 ses2MesFail
323295967  1 1 PASS
323295967  2 0 AltDetFail
260298958  1 1 PASS
301462840  1 1 PASS
 38842861  1 1 PASS
293144409  1 1 PASS
293144409  2 0 SecondaryOfPN_01
176874062  1 0 ses2MesFail
176874062  2 0 ses2MesFail
 41364284  1 0 AltDetFail
419997373  1 1 PASS
328254412  1 0 ses2MesFail
101124725  1 1 PASS
271891552  1 1 PASS
279070369  1 0 ses2MesFail
278863611  1 0 AltDetFail
278863611  2 0 AltDetFail
100990000  1 1 PASS
261259291  1 0 ses2MesFail
140659978  1 1 PASS
140659978  2 0 SecondaryOfPN_01
140659978  3 0 ses2MesFail
 93059433  1 1 PASS
381167715  1 1 PASS
365356389  1 1 PASS
365356389  2 0 SecondaryOfPN_01
300141210  1 1 PASS
300141210  2 0 SecondaryOfPN_01
150068381  1 0 ses2MesFail
197906506  1 0 ses2MesFail
270472265  1 1 PASS
167602025  1 0 ses2MesFail
153078576  1 1 PASS
300293197  1 1 PASS
144126053  1 0 ses2MesFail
144126053  2 1 PASS
175492625  1 1 PASS
175492625  2 0 SecondaryOfPN_01
326240854  1 0 ses2MesFail
167201539  1 1 PASS
167201539  2 0 SecondaryOfPN_01
 38630301  1 0 ses2MesFail
 38630301  2 0 ses2MesFail
179034615  1 1 PASS
179034615  2 0 AltDetFail
350298319  1 0 ses2MesFail
 29778064  1 0 ses2MesFail
 29778064  2 0 AltDetFail
198008002  1 1 PASS
332558858  1 1 PASS
272357134  1 1 PASS
272357134  2 0 SecondaryOfPN_01
328300647  1 0 ChasesFail
328300647  2 0 ses2MesFail
328300647  3 0 ses2MesFail
420049884  1 1 PASS
149059954  1 0 AltDetFail
149059954  2 0 AltDetFail
166833457  1 1 PASS
175532970  1 1 PASS
175532970  2 0 AltDetFail
374827128  1 0 ses2MesFail
176797766  1 1 PASS
146725602  1 0 ses2MesFail
735128403  1 0 AltDetFail
735128403  2 0 AltDetFail
387541386  1 0 ses2MesFail
251076512  1 1 PASS
  1167538  1 0 ses2MesFail
 98854348  1 1 PASS
 98854348  2 0 newMesShrink
 98854348  3 0 AltDetFail
349156098  1 1 PASS
349156098  2 0 AltDetFail
167418903  1 1 PASS
170753235  1 0 ChasesFail
177306969  1 0 AltDetFail
271795511  1 1 PASS
270465331  1 1 PASS
364395234  1 1 PASS
391903064  1 1 PASS
197884260  1 0 ses2MesFail
142874476  1 1 PASS
219253008  1 1 PASS
 44893027  1 1 PASS
 44893027  2 0 SecondaryOfPN_01
279055830  1 0 ChasesFail
140859822  1 0 ses2MesFail
279615956  1 1 PASS
165124220  1 0 newMesShrink
165124220  2 0 AltDetFail
373846934  1 0 AltDetFail
299552483  1 1 PASS
 35744706  1 1 PASS
 35744706  2 0 AltDetFail
  4646803  1 0 ses2MesFail
261236136  1 0 ses2MesFail
261236136  2 0 ses2MesFail
261236136  3 0 ChasesFail
176956893  1 1 PASS
141608198  1 1 PASS
219242446  1 1 PASS
231740019  1 1 PASS
150358433  1 1 PASS
  1119704  1 0 ses2MesFail
365440703  1 0 ses2MesFail
  4742129  1 0 ses2MesFail
  4742129  2 0 AltDetFail
121093001  1 0 ChasesFail
121093001  2 0 SecondaryOfPN_01
121093001  3 0 AltDetFail
121093001  4 0 AltDetFail
166874908  1 0 newMesShrink
166874908  2 0 newMesShrink
348897766  1 0 AltDetFail
439867639  1 1 PASS
 44790652  1 1 PASS
152969049  1 1 PASS
142937186  1 1 PASS
453828066  1 0 ses2MesFail
453828066  2 0 SecondaryOfPN_01
453828066  3 0 ses2MesFail
388106735  1 0 ChasesFail
349647488  1 1 PASS
349647488  2 0 ses2MesFail
150098860  1 1 PASS
332842438  1 0 ses2MesFail
  7724421  1 0 ses2MesFail
  7724421  2 0 ses2MesFail
  7724421  3 0 AltDetFail
328350926  1 1 PASS
142868621  1 1 PASS
 66573069  1 1 PASS
141871560  1 1 PASS
141871560  2 0 AltDetFail
200790439  1 1 PASS
200790439  2 0 SecondaryOfPN_01
168789840  1 0 newMesShrink
168789840  2 1 PASS
168789840  3 0 AltDetFail
 38402758  1 1 PASS
170729280  1 0 ChasesFail
259543079  1 0 ses2MesFail
  4647381  1 0 ses2MesFail
  4647381  2 0 AltDetFail
156459065  1 1 PASS
156459065  2 0 SecondaryOfPN_01
156459065  3 0 AltDetFail
374861595  1 1 PASS
170634116  1 1 PASS
178352046  1 1 PASS
178352046  2 0 SecondaryOfPN_01
301051430  1 1 PASS
178858648  1 0 ses2MesFail
 89256802  1 1 PASS
399947158  1 0 ses2MesFail
308749877  1 0 ses2MesFail
308749877  2 1 PASS
200363295  1 1 PASS
200363295  2 0 SecondaryOfPN_01
200363295  3 0 AltDetFail
350479496  1 1 PASS
350479496  2 0 SecondaryOfPN_01
167896870  1 0 ses2MesFail
167896870  2 0 ChasesFail
 89187590  1 0 ChasesFail
 77318592  1 0 AltDetFail
 30034081  1 0 ses2MesFail
 30034081  2 0 newMesBelowThresh
333684138  1 1 PASS
197887879  1 1 PASS
260502102  1 1 PASS
260502102  2 0 SecondaryOfPN_01
 14231596  1 0 AltDetFail
301083042  1 1 PASS
294092966  1 1 PASS
294092966  2 0 SecondaryOfPN_01
294092966  3 0 AltDetFail
278138619  1 1 PASS
237342298  1 1 PASS
 97486660  1 0 ses2MesFail
 97486660  2 0 newMesBelowThresh
 44792534  1 1 PASS
332910735  1 0 newMesBelowThresh
 98778229  1 1 PASS
 98778229  2 0 SecondaryOfPN_01
 64053930  1 0 ses2MesFail
 64053930  2 0 ses2MesFail
361993750  1 1 PASS
361993750  2 0 SecondaryOfPN_01
 77437461  1 1 PASS
220479565  1 1 PASS
206466531  1 1 PASS
350025488  1 1 PASS
129861919  1 0 ses2MesFail
129861919  2 0 AltDetFail
 65397915  1 1 PASS
 65397915  2 0 SecondaryOfPN_01
293271581  1 0 AltDetFail
293271581  2 0 AltDetFail
364398097  1 1 PASS
220396259  1 1 PASS
277298771  1 1 PASS
261376909  1 0 AltDetFail
261376909  2 0 AltDetFail
206474443  1 1 PASS
170849515  1 1 PASS
 12631605  1 1 PASS
 12631605  2 0 AltDetFail
358466805  1 1 PASS
404851207  1 0 AltDetFail
314805964  1 1 PASS
 55369219  1 1 PASS
441539124  1 1 PASS
 92234103  1 0 ses2MesFail
121007796  1 0 ChasesFail
471015240  1 0 AltDetFail
369393057  1 0 ses2MesFail
  9968681  1 0 ses2MesFail
382101519  1 0 AltDetFail
382101519  2 0 AltDetFail
176796994  1 0 ses2MesFail
311092804  1 0 ses2MesFail
311092804  2 0 ses2MesFail
 33835756  1 0 AltDetFail
150105822  1 1 PASS
389869955  1 1 PASS
178284729  1 1 PASS
735229757  1 0 AltDetFail
735229757  2 0 AltDetFail
149176080  1 0 AltDetFail
149176080  2 0 AltDetFail
 33834564  1 0 ses2MesFail
270575126  1 1 PASS
441500236  1 0 ChasesFail
200743737  1 1 PASS
200743737  2 0 SecondaryOfPN_01
382028425  1 1 PASS
198076334  1 0 AltDetFail
290716988  1 0 ChasesFail
198008005  1 1 PASS
350274840  1 1 PASS
209454640  1 0 ses2MesFail
260419124  1 0 AltDetFail
270371961  1 1 PASS
270371961  2 0 ses2MesFail
152362661  1 0 AltDetFail
129839175  1 1 PASS
 35946634  1 1 PASS
 35946634  2 0 AltDetFail
167754525  1 1 PASS
  1122511  1 0 ses2MesFail
219396049  1 0 newMesShrink
 98853987  1 1 PASS
 98853987  2 0 ses2MesFail
140891597  1 0 AltDetFail
140891597  2 0 AltDetFail
  9886688  1 0 ses2MesFail
101100599  1 0 ChasesFail
365368501  1 1 PASS
 77318593  1 0 ChasesFail
 77318593  2 0 AltDetFail
 38680052  1 1 PASS
 38459686  1 1 PASS
200363294  1 1 PASS
200363294  2 0 SecondaryOfPN_01
200363294  3 0 AltDetFail
 38589392  1 0 AltDetFail
377058167  1 1 PASS
178952160  1 0 AltDetFail
 92346890  1 1 PASS
 92346890  2 0 SecondaryOfPN_01
219175972  1 1 PASS
372909935  1 1 PASS
399948127  1 1 PASS
 38541473  1 1 PASS
 38541473  2 0 SecondaryOfPN_01
 38634085  1 0 ses2MesFail
 38634085  2 0 ses2MesFail
 38634085  3 0 AltDetFail
160142472  1 0 ses2MesFail
200440270  1 1 PASS
200440270  2 0 AltDetFail
200440270  3 0 AltDetFail
170699780  1 1 PASS
 23126920  1 0 ChasesFail
 35857242  1 1 PASS
328301471  1 0 ChasesFail
 71446940  1 0 ses2MesFail
382391899  1 1 PASS
270623499  1 0 newMesBelowThresh
422888134  1 1 PASS
358250091  1 0 ses2MesFail
358250091  2 0 AltDetFail
300012172  1 0 ses2MesFail
260504446  1 0 ses2MesFail
382188882  1 1 PASS
144622139  1 0 AltDetFail
144622139  2 0 AltDetFail
144622139  3 0 AltDetFail
 77474432  1 1 PASS
 77155316  1 0 ses2MesFail
270576089  1 1 PASS
649693786  1 1 PASS
276793501  1 0 AltDetFail
 35824956  1 1 PASS
 35824956  2 0 SecondaryOfPN_01
198076322  1 1 PASS
198076322  2 0 SecondaryOfPN_01
121078334  1 0 newMesShrink
121078334  2 0 newMesShrink
121078334  3 0 AltDetFail
 38399064  1 1 PASS
238932509  1 1 PASS
271806353  1 1 PASS
419994778  1 0 AltDetFail
259573619  1 0 ses2MesFail
178242590  1 1 PASS
332967806  1 0 ses2MesFail
168674931  1 1 PASS
168674931  2 0 AltDetFail
382200986  1 0 ses2MesFail
200368010  1 1 PASS
219224399  1 1 PASS
219224399  2 0 SecondaryOfPN_01
142944895  1 0 ses2MesFail
358154354  1 0 newMesBelowThresh
150167117  1 1 PASS
121007795  1 0 ses2MesFail
161476008  1 0 ses2MesFail
274088162  1 0 ses2MesFail
 79566479  1 0 ses2MesFail
279454212  1 1 PASS
382266319  1 1 PASS
382266319  2 0 AltDetFail
159966544  1 0 ChasesFail
176796997  1 1 PASS
 38467360  1 0 ses2MesFail
 38467360  2 0 SecondaryOfPN_01
364302118  1 0 newMesShrink
 12529950  1 1 PASS
 35745817  1 0 newMesBelowThresh
167754658  1 0 ses2MesFail
 77178193  1 1 PASS
 77178193  2 0 SecondaryOfPN_01
219345200  1 0 ses2MesFail
 30267198  1 1 PASS
308451526  1 1 PASS
308451526  2 0 AltDetFail
308451526  3 0 AltDetFail
 29960109  1 1 PASS
309146836  1 0 ses2MesFail
309146836  2 0 ses2MesFail
350480660  1 1 PASS
149990841  1 1 PASS
259593290  1 1 PASS
649693787  1 1 PASS
141914082  1 0 ses2MesFail
368645388  1 1 PASS
 65348719  1 1 PASS
311866171  1 1 PASS
406479277  1 0 ses2MesFail
231074850  1 1 PASS
231074850  2 0 SecondaryOfPN_01
176874136  1 1 PASS
 13955147  1 0 ChasesFail
419997111  1 0 newMesShrink
  4723156  1 1 PASS
  4723156  2 0 SecondaryOfPN_01
  4723156  3 0 ses2MesFail
149573659  1 1 PASS
149573659  2 0 SecondaryOfPN_01
149473467  1 0 ses2MesFail
260161144  1 0 ses2MesFail
686241564  1 1 PASS
686241564  2 1 PASS
686241564  3 1 PASS
309403898  1 1 PASS
416741712  1 0 ses2MesFail
416741712  2 0 ses2MesFail
416741712  3 0 ChasesFail
141811446  1 1 PASS
141811446  2 0 SecondaryOfPN_01
422888135  1 1 PASS
139594145  1 1 PASS
260506296  1 0 ses2MesFail
453822125  1 0 ChasesFail
 38465962  1 0 AltDetFail
256775725  1 0 ses2MesFail
333680372  1 0 ses2MesFail
 98853990  1 0 newMesShrink
358463513  1 1 PASS
  1129033  1 1 PASS
150432211  1 0 ses2MesFail
306510653  1 1 PASS
279536769  1 1 PASS
311092148  1 1 PASS
311092148  2 0 ses2MesFail
311092148  3 0 AltDetFail
177309964  1 1 PASS
410487677  1 0 AltDetFail
410487677  2 0 AltDetFail
364398410  1 1 PASS
364398410  2 0 AltDetFail
 55652896  1 0 ses2MesFail
 55652896  2 1 PASS
 65448527  1 0 newMesShrink
 65448527  2 0 AltDetFail
101101936  1 0 ses2MesFail
121007602  1 0 ses2MesFail
 10937009  1 1 PASS
453828065  1 1 PASS
439910166  1 1 PASS
279403256  1 0 ses2MesFail
219388773  1 1 PASS
219239945  1 1 PASS
220433364  1 0 ChasesFail
220433364  2 0 ses2MesFail
220433364  3 0 ChasesFail
259470701  1 1 PASS
161528871  1 1 PASS
279074053  1 1 PASS
425154966  1 1 PASS
425154966  2 0 ses2MesFail
420033945  1 1 PASS
382379884  1 1 PASS
382379884  2 0 SecondaryOfPN_01
141268467  1 1 PASS
141268467  2 0 AltDetFail
  9945183  1 0 ses2MesFail
  9945183  2 0 ses2MesFail
  9945183  3 0 AltDetFail
441510088  1 0 ses2MesFail
 32150999  1 1 PASS
 32150999  2 0 SecondaryOfPN_01
423442532  1 0 ses2MesFail
 49820944  1 0 ChasesFail
152573312  1 0 ses2MesFail
328178176  1 0 ses2MesFail
165124012  1 0 ses2MesFail
144575712  1 1 PASS
144575712  2 0 SecondaryOfPN_01
 98796344  1 1 PASS
406451090  1 1 PASS
325680697  1 1 PASS
308542808  1 0 ses2MesFail
308537791  1 0 AltDetFail
308537791  2 0 AltDetFail
150359500  1 0 ses2MesFail
150359500  2 0 ses2MesFail
382378791  1 0 AltDetFail
382378791  2 0 AltDetFail
308452910  1 1 PASS
279181220  1 0 ses2MesFail
279181220  2 0 AltDetFail
445924571  1 0 ses2MesFail
425064757  1 0 AltDetFail
425064757  2 0 AltDetFail
260536927  1 1 PASS
122671519  1 0 ChasesFail
120959196  1 0 AltDetFail
261261490  1 1 PASS
155993582  1 1 PASS
155993582  2 0 SecondaryOfPN_01
155993582  3 0 newMesBelowThresh
155993582  4 0 AltDetFail
197787155  1 1 PASS
259476330  1 1 PASS
259476330  2 0 SecondaryOfPN_01
  4645276  1 0 newMesShrink
  4645276  2 0 ses2MesFail
  4645276  3 0 ses2MesFail
  4645276  4 0 ses2MesFail
  4645276  5 0 ses2MesFail
 89205615  1 0 ses2MesFail
 89205615  2 1 PASS
 38699825  1 0 AltDetFail
300013489  1 1 PASS
311091712  1 0 AltDetFail
209409435  1 1 PASS
441504229  1 0 ChasesFail
364588501  1 0 ses2MesFail
300871376  1 0 AltDetFail
300871376  2 0 AltDetFail
150430484  1 1 PASS
278897257  1 0 newMesShrink
319312479  1 1 PASS
166791648  1 0 ses2MesFail
381950094  1 0 ses2MesFail
381950094  2 0 AltDetFail
 44737596  1 1 PASS
332891528  1 0 ses2MesFail
261107974  1 1 PASS
141708335  1 1 PASS
 88479623  1 0 ses2MesFail
 88479623  2 0 AltDetFail
150165810  1 0 ses2MesFail
198008281  1 0 AltDetFail
198008281  2 0 AltDetFail
152972203  1 0 ses2MesFail
348995211  1 1 PASS
149913598  1 0 newMesShrink
141975926  1 0 ses2MesFail
141975926  2 0 ses2MesFail
260128333  1 1 PASS
260128333  2 0 SecondaryOfPN_01
 44678751  1 0 ses2MesFail
101126742  1 1 PASS
149102762  1 1 PASS
279251651  1 1 PASS
300038246  1 1 PASS
153713262  1 1 PASS
152574751  1 0 ses2MesFail
306773798  1 1 PASS
 89094346  1 1 PASS
 89094346  2 0 SecondaryOfPN_01
350954265  1 1 PASS
294206429  1 1 PASS
294206429  2 0 ses2MesFail
294206429  3 0 AltDetFail
306736831  1 0 ChasesFail
 88478727  1 0 ses2MesFail
 88478727  2 1 PASS
271893367  1 1 PASS
177283493  1 0 ses2MesFail
177283493  2 0 AltDetFail
309254930  1 1 PASS
270677813  1 0 ses2MesFail
  1112837  1 0 newMesBelowThresh
197829751  1 0 ses2MesFail
 12608139  1 1 PASS
 12608139  2 0 SecondaryOfPN_01
358290150  1 0 ses2MesFail
358290150  2 0 newMesBelowThresh
277024372  1 0 AltDetFail
 12530567  1 0 ses2MesFail
274212635  1 0 AltDetFail
 29960110  1 1 PASS
259586708  1 0 ses2MesFail
259586708  2 1 PASS
161577376  1 1 PASS
 55497281  1 0 ses2MesFail
 55497281  2 0 ses2MesFail
 55497281  3 0 ses2MesFail
380964844  1 0 AltDetFail
380964844  2 0 AltDetFail
 36845873  1 0 ses2MesFail
142984508  1 1 PASS
176778112  1 1 PASS
277102246  1 0 ses2MesFail
457162574  1 1 PASS
457162574  2 0 AltDetFail
167891320  1 0 newMesBelowThresh
374828411  1 0 AltDetFail
374828411  2 0 AltDetFail
374828411  3 0 AltDetFail
 98794474  1 0 ses2MesFail
 98794474  2 0 SecondaryOfPN_01
294750180  1 0 ses2MesFail
 32052779  1 0 ses2MesFail
178284730  1 1 PASS
350097543  1 0 AltDetFail
311925584  1 1 PASS
404804908  1 1 PASS
 38846515  1 1 PASS
260160482  1 0 AltDetFail
178286775  1 0 ses2MesFail
178286775  2 1 PASS
144495867  1 0 AltDetFail
144495867  2 0 AltDetFail
144122210  1 1 PASS
144122210  2 0 SecondaryOfPN_01
167602738  1 1 PASS
167602738  2 0 AltDetFail
318785502  1 1 PASS
318785502  2 0 ses2MesFail
260239481  1 1 PASS
260239481  2 0 SecondaryOfPN_01
152476657  1 1 PASS
141865875  1 0 AltDetFail
141865875  2 0 AltDetFail
387585525  1 0 ses2MesFail
 12571728  1 1 PASS
179317684  1 1 PASS
295071643  1 1 PASS
425077106  1 0 ses2MesFail
259589049  1 1 PASS
 89184193  1 0 ses2MesFail
198077394  1 1 PASS
167303776  1 0 ses2MesFail
167303776  2 0 ses2MesFail
 34105464  1 0 ses2MesFail
260304800  1 1 PASS
349765573  1 1 PASS
176831592  1 1 PASS
219201178  1 1 PASS
219201178  2 0 SecondaryOfPN_01
141122198  1 0 ses2MesFail
141122198  2 0 AltDetFail
168871868  1 1 PASS
388105183  1 0 ChasesFail
 71446322  1 0 ChasesFail
257605131  1 1 PASS
155993756  1 1 PASS
144597576  1 1 PASS
382577618  1 1 PASS
 33864821  1 1 PASS
 33864821  2 0 SecondaryOfPN_01
279425357  1 1 PASS
364538560  1 1 PASS
364538560  2 0 SecondaryOfPN_01
420076839  1 0 ses2MesFail
420076839  2 0 ses2MesFail
 91542943  1 1 PASS
348995212  1 1 PASS
167722708  1 1 PASS
 55650494  1 1 PASS
311184518  1 0 ses2MesFail
259511357  1 1 PASS
381979901  1 1 PASS
381979901  2 0 SecondaryOfPN_01
143021460  1 1 PASS
143021460  2 0 SecondaryOfPN_01
382624902  1 0 ChasesFail
328377813  1 0 ses2MesFail
396731889  1 0 ses2MesFail
388104525  1 1 PASS
350025490  1 1 PASS
  4699111  1 0 ses2MesFail
 11046831  1 1 PASS
258804746  1 0 AltDetFail
337220842  1 0 ChasesFail
168657531  1 1 PASS
168657531  2 0 newMesBelowThresh
261136000  1 1 PASS
219164808  1 1 PASS
175491080  1 1 PASS
278683641  1 0 ses2MesFail
278683641  2 0 SecondaryOfPN_01
178879588  1 1 PASS
231809798  1 1 PASS
 40797468  1 0 AltDetFail
167812449  1 1 PASS
259675295  1 1 PASS
259675295  2 0 SecondaryOfPN_01
416673535  1 1 PASS
416673535  2 0 SecondaryOfPN_01
308245136  1 0 ses2MesFail
458359179  1 1 PASS
170749770  1 1 PASS
404477044  1 1 PASS
404477044  2 0 ses2MesFail
142873694  1 1 PASS
277173427  1 1 PASS
382258517  1 1 PASS
167005481  1 1 PASS
150166721  1 1 PASS
 38686737  1 1 PASS
 79548760  1 0 ChasesFail
 79548760  2 0 ses2MesFail
121008658  1 0 ses2MesFail
121008658  2 0 SecondaryOfPN_01
 64109009  1 0 ses2MesFail
 64109009  2 0 AltDetFail
 64109009  3 0 AltDetFail
350332997  1 1 PASS
140802498  1 1 PASS
140802498  2 0 SecondaryOfPN_01
261136679  1 1 PASS
 77156678  1 0 ses2MesFail
276935987  1 0 ChasesFail
167344043  1 0 ses2MesFail
260476635  1 1 PASS
 41483281  1 0 AltDetFail
 41483281  2 0 AltDetFail
278198753  1 1 PASS
121088959  1 1 PASS
121088959  2 0 SecondaryOfPN_01
178286168  1 1 PASS
178286168  2 0 AltDetFail
  9887737  1 1 PASS
168703626  1 0 ses2MesFail
259376845  1 1 PASS
685716719  1 1 PASS
374910314  1 0 ses2MesFail
219362976  1 0 ses2MesFail
219362976  2 0 ses2MesFail
170766490  1 0 ses2MesFail
167554898  1 1 PASS
 77359396  1 1 PASS
160008866  1 0 ChasesFail
160008866  2 0 ses2MesFail
 44796808  1 0 ses2MesFail
176780116  1 0 newMesShrink
176780116  2 0 AltDetFail
176780116  3 0 AltDetFail
140580579  1 0 ses2MesFail
140580579  2 0 SecondaryOfPN_01
410451083  1 1 PASS
410451083  2 0 AltDetFail
401869869  1 1 PASS
 64108432  1 1 PASS
237928815  1 1 PASS
179080549  1 1 PASS
142875987  1 1 PASS
142875987  2 0 SecondaryOfPN_01
 30848598  1 1 PASS
441516862  1 0 ses2MesFail
178155030  1 1 PASS
178155030  2 0 AltDetFail
178155030  3 0 AltDetFail
176797815  1 1 PASS
  7600145  1 1 PASS
  7600145  2 0 AltDetFail
 25118964  1 0 ses2MesFail
 25118964  2 0 ChasesFail
 64034062  1 0 ses2MesFail
 36828969  1 0 ses2MesFail
461840345  1 1 PASS
178155732  1 1 PASS
260476837  1 1 PASS
372913432  1 1 PASS
168657537  1 1 PASS
369370898  1 1 PASS
369370898  2 0 SecondaryOfPN_01
369370898  3 0 newMesShrink
176872276  1 0 ses2MesFail
  9964897  1 1 PASS
200368439  1 0 ses2MesFail
452377286  1 1 PASS
452377286  2 0 SecondaryOfPN_01
422889962  1 0 ses2MesFail
260353507  1 1 PASS
260353507  2 0 AltDetFail
146728657  1 0 AltDetFail
146728657  2 0 AltDetFail
685716718  1 1 PASS
142087340  1 0 ChasesFail
168697314  1 1 PASS
168697314  2 1 PASS
165184228  1 1 PASS
165184228  2 0 SecondaryOfPN_01
301407485  1 0 ses2MesFail
301407485  2 0 newMesShrink
 55601705  1 1 PASS
 40340867  1 0 ChasesFail
270380593  1 1 PASS
382068562  1 1 PASS
306576958  1 0 AltDetFail
309659124  1 0 AltDetFail
372851229  1 0 AltDetFail
372851229  2 0 AltDetFail
197933923  1 0 AltDetFail
401946845  1 0 AltDetFail
401946845  2 0 AltDetFail
179034958  1 0 ses2MesFail
274039311  1 0 ses2MesFail
391925531  1 0 ses2MesFail
142889317  1 0 ses2MesFail
257555883  1 1 PASS
389669796  1 1 PASS
179308923  1 0 AltDetFail
178349470  1 0 AltDetFail
178349470  2 0 AltDetFail
453822611  1 0 ses2MesFail
453822611  2 0 ses2MesFail
 25155310  1 1 PASS
 88508110  1 1 PASS
274134149  1 0 ses2MesFail
280909668  1 0 newMesShrink
159951311  1 1 PASS
279401848  1 0 ses2MesFail
279401848  2 0 AltDetFail
260043723  1 1 PASS
179034632  1 0 ChasesFail
179034632  2 0 ses2MesFail
 36843854  1 0 ses2MesFail
306828113  1 1 PASS
294273900  1 0 ses2MesFail
294273900  2 0 AltDetFail
 31273263  1 0 ses2MesFail
388105497  1 0 AltDetFail
388105497  2 0 AltDetFail
 98855780  1 0 ses2MesFail
166874846  1 0 ses2MesFail
140691463  1 1 PASS
168847119  1 0 ses2MesFail
168847119  2 0 ses2MesFail
101100600  1 0 ses2MesFail
401872377  1 1 PASS
 77371445  1 0 ses2MesFail
260131643  1 1 PASS
153742549  1 1 PASS
370236000  1 0 AltDetFail
370236000  2 0 AltDetFail
370236000  3 0 AltDetFail
370236000  4 0 AltDetFail
141768070  1 1 PASS
 77156657  1 1 PASS
259318185  1 0 ses2MesFail
129815484  1 0 AltDetFail
257525627  1 0 AltDetFail
318812447  1 0 ses2MesFail
339633702  1 1 PASS
 44670258  1 0 ChasesFail
 93059429  1 0 newMesShrink
 93059429  2 0 AltDetFail
251094370  1 1 PASS
349408306  1 1 PASS
349408306  2 0 SecondaryOfPN_01
 89045042  1 0 ses2MesFail
406413428  1 0 ChasesFail
373915220  1 0 ses2MesFail
373915220  2 1 PASS
318805118  1 0 ses2MesFail
237922465  1 1 PASS
141187075  1 1 PASS
  1117952  1 0 ses2MesFail
372913430  1 1 PASS
235056185  1 0 ChasesFail
294098955  1 0 ses2MesFail
200789127  1 1 PASS
309257814  1 1 PASS
309257814  2 1 PASS
198037139  1 0 ses2MesFail
198037139  2 0 SecondaryOfPN_01
198037139  3 0 AltDetFail
 29959760  1 1 PASS
140141922  1 0 ses2MesFail
140141922  2 0 newMesBelowThresh
140141922  3 0 newMesBelowThresh
141334293  1 0 ses2MesFail
140579075  1 0 ses2MesFail
260265964  1 1 PASS
274194927  1 1 PASS
 55404385  1 1 PASS
 55404385  2 0 SecondaryOfPN_01
 13958372  1 0 ChasesFail
299941037  1 1 PASS
  9903380  1 1 PASS
410450228  1 1 PASS
382379883  1 1 PASS
382379883  2 0 SecondaryOfPN_01
 31109583  1 1 PASS
220474209  1 0 ses2MesFail
220474209  2 0 newMesShrink
175532955  1 1 PASS
 55848818  1 1 PASS
 55848818  2 0 AltDetFail
139528693  1 1 PASS
259645014  1 0 ses2MesFail
178879452  1 1 PASS
 31529035  1 0 ses2MesFail
 31529035  2 0 newMesShrink
308543286  1 0 ses2MesFail
  1124146  1 0 ses2MesFail
260505914  1 1 PASS
 13983910  1 1 PASS
 13983910  2 0 SecondaryOfPN_01
391949880  1 1 PASS
150101472  1 1 PASS
150101472  2 0 SecondaryOfPN_01
122612091  1 1 PASS
231742782  1 1 PASS
139527866  1 0 AltDetFail
152505948  1 0 ses2MesFail
281582156  1 0 ChasesFail
270429780  1 1 PASS
149539114  1 0 ses2MesFail
 30110465  1 0 ses2MesFail
425095257  1 0 newMesBelowThresh
220430912  1 0 ses2MesFail
220430912  2 0 ses2MesFail
149861542  1 0 ses2MesFail
259701720  1 0 ses2MesFail
259701720  2 0 ses2MesFail
259701720  3 0 ses2MesFail
259701720  4 0 newMesShrink
259470578  1 0 AltDetFail
259470578  2 0 AltDetFail
 38539720  1 1 PASS
 38539720  2 0 AltDetFail
 55873853  1 1 PASS
121011020  1 0 ses2MesFail
420051632  1 1 PASS
 38511610  1 1 PASS
337185958  1 0 newMesBelowThresh
140071846  1 1 PASS
140071846  2 0 ses2MesFail
268125683  1 1 PASS
416668434  1 1 PASS
393491149  1 0 AltDetFail
260353841  1 1 PASS
260353841  2 0 AltDetFail
143022688  1 1 PASS
143022688  2 0 SecondaryOfPN_01
143022688  3 0 ChasesFail
 38469354  1 0 ses2MesFail
 98796342  1 1 PASS
261258875  1 1 PASS
150437346  1 1 PASS
261335113  1 1 PASS
261335113  2 0 SecondaryOfPN_01
149603524  1 1 PASS
141332108  1 0 ses2MesFail
141332108  2 0 AltDetFail
279453829  1 1 PASS
166869548  1 1 PASS
166869548  2 0 AltDetFail
422844353  1 1 PASS
422844353  2 0 SecondaryOfPN_01
152592870  1 0 ses2MesFail
152592870  2 0 AltDetFail
220397127  1 1 PASS
332967641  1 1 PASS
332967641  2 0 AltDetFail
200850660  1 0 ses2MesFail
200850660  2 0 AltDetFail
279089140  1 0 ses2MesFail
309659126  1 0 AltDetFail
260351540  1 0 ses2MesFail
271799457  1 1 PASS
