 29984014  1 1 PASS
  1636399  1 0 ses2MesFail
 29990592  1 0 ses2MesFail
  2372579  1 1 PASS
  2372579  2 0 SecondaryOfPN_01
 29986808  1 1 PASS
  2372796  1 0 ses2MesFail
 30034081  1 0 ses2MesFail
 30034081  2 0 newMesShrink
  6287024  1 1 PASS
 30034189  1 0 ses2MesFail
  6350362  1 0 ses2MesFail
 30103695  1 1 PASS
  6400274  1 0 AltDetFail
  6400274  2 0 AltDetFail
 30275662  1 0 AltDetFail
 30275662  2 0 AltDetFail
  6470454  1 0 AltDetFail
  6470454  2 0 AltDetFail
 30313682  1 1 PASS
  6663331  1 1 PASS
 30631330  1 0 ses2MesFail
  6667908  1 1 PASS
 30816076  1 1 PASS
 30816076  2 0 SecondaryOfPN_01
  6721880  1 1 PASS
 30848598  1 0 AltDetFail
  7088246  1 1 PASS
 30903306  1 0 AltDetFail
 30903306  2 0 AltDetFail
 25078924  1 1 PASS
 25078924  2 0 SecondaryOfPN_01
 25078924  3 0 AltDetFail
 25078924  4 0 AltDetFail
 31690845  1 1 PASS
 31690845  2 0 AltDetFail
 31690845  3 0 AltDetFail
 25118964  1 0 ChasesFail
 25118964  2 1 PASS
 25118964  3 0 newMesBelowThresh
 25118964  4 0 ses2MesFail
 31553893  1 1 PASS
 25153635  1 0 ses2MesFail
 31693547  1 0 ses2MesFail
 25155310  1 1 PASS
 31852073  1 0 ses2MesFail
 25858367  1 0 ses2MesFail
 25858367  2 0 SecondaryOfPN_01
 31858843  1 1 PASS
 27734884  1 0 AltDetFail
 31858844  1 1 PASS
 27882631  1 1 PASS
 27882631  2 0 AltDetFail
 31861625  1 0 ses2MesFail
 28852718  1 0 ChasesFail
 31947525  1 1 PASS
 29088468  1 0 ses2MesFail
 32000625  1 1 PASS
 32000625  2 0 AltDetFail
 29778064  1 1 PASS
 29778064  2 0 AltDetFail
 32050581  1 1 PASS
 29831208  1 1 PASS
 30914235  1 1 PASS
 31273263  1 0 ses2MesFail
 32051273  1 0 ses2MesFail
 32052779  1 0 ses2MesFail
 32090583  1 0 ChasesFail
 32092813  1 0 ChasesFail
 32150630  1 1 PASS
 32150630  2 0 SecondaryOfPN_01
 33715938  1 0 ses2MesFail
 33715938  2 0 SecondaryOfPN_01
 33715938  3 0 SecondaryOfPN_01
 33734143  1 1 PASS
 33766129  1 0 ses2MesFail
 33767929  1 0 AltDetFail
 33767929  2 0 AltDetFail
 33767929  3 0 AltDetFail
 38462492  1 1 PASS
 38462522  1 1 PASS
 38515801  1 0 ChasesFail
 38707340  1 0 AltDetFail
 38707340  2 0 AltDetFail
 38762657  1 0 ses2MesFail
 38827910  1 0 ChasesFail
 38842861  1 1 PASS
 38846515  1 1 PASS
 40274180  1 1 PASS
 40340867  1 0 ChasesFail
 41364284  1 1 PASS
 41459998  1 1 PASS
 41483281  1 1 PASS
 41483281  2 0 SecondaryOfPN_01
 41483281  3 0 AltDetFail
 41483281  4 0 AltDetFail
 49059772  1 1 PASS
 49296796  1 1 PASS
 49390223  1 1 PASS
 49534600  1 1 PASS
 49534600  2 0 ses2MesFail
 50345701  1 0 ses2MesFail
 50345701  2 0 ses2MesFail
 50346583  1 1 PASS
 50380257  1 1 PASS
 51079186  1 1 PASS
 55298910  1 1 PASS
 55369125  1 1 PASS
 55453391  1 0 ChasesFail
 55602946  1 1 PASS
 55602946  2 0 SecondaryOfPN_01
 55652785  1 0 ses2MesFail
 55652785  2 0 newMesShrink
 55652896  1 0 ses2MesFail
 55663720  1 0 newMesShrink
 55756813  1 0 AltDetFail
 55839455  1 0 AltDetFail
 55848818  1 1 PASS
 55848818  2 0 AltDetFail
 55848940  1 1 PASS
 56613524  1 0 AltDetFail
 57090326  1 0 AltDetFail
 57131815  1 1 PASS
 57131815  2 0 AltDetFail
 57409304  1 0 ses2MesFail
 59661876  1 0 ChasesFail
 60068392  1 0 ChasesFail
 60365430  1 0 AltDetFail
 60365430  2 0 AltDetFail
 60433558  1 1 PASS
 60433558  2 0 ses2MesFail
 61089879  1 1 PASS
 61135882  1 1 PASS
 61135882  2 0 SecondaryOfPN_01
 61141412  1 0 ses2MesFail
 61141412  2 1 PASS
 61275837  1 0 ses2MesFail
 61275837  2 0 ChasesFail
 61374795  1 0 ChasesFail
 61381436  1 1 PASS
 61381436  2 0 SecondaryOfPN_01
 61724376  1 1 PASS
 61724376  2 0 AltDetFail
 61724376  3 0 AltDetFail
 61730680  1 0 ChasesFail
 61730680  2 0 AltDetFail
 61852472  1 0 ChasesFail
 61898904  1 1 PASS
 61898904  2 0 SecondaryOfPN_01
 61965938  1 0 AltDetFail
 62087766  1 0 ses2MesFail
 62090094  1 1 PASS
 62124646  1 1 PASS
 62124646  2 0 ses2MesFail
 62124646  3 0 ses2MesFail
 62154005  1 0 ses2MesFail
 62350237  1 1 PASS
 62350237  2 0 AltDetFail
 64617687  1 1 PASS
 64617687  2 0 SecondaryOfPN_01
 64617687  3 0 AltDetFail
 64617687  4 0 AltDetFail
 64626502  1 1 PASS
 74188694  1 0 ses2MesFail
 74188694  2 0 ChasesFail
 76065916  1 1 PASS
 76313563  1 0 ses2MesFail
 76313563  2 0 ses2MesFail
 76758733  1 1 PASS
 79661385  1 0 ChasesFail
 79748331  1 1 PASS
 79748331  2 1 PASS
 79958232  1 1 PASS
 80059889  1 1 PASS
 80059889  2 0 SecondaryOfPN_01
 80087110  1 1 PASS
 80089045  1 0 ses2MesFail
 80252615  1 0 ses2MesFail
 87260967  1 1 PASS
 89252898  1 0 ChasesFail
 89310287  1 1 PASS
 89310287  2 0 AltDetFail
 89975166  1 0 ses2MesFail
 90716944  1 1 PASS
 90716944  2 0 SecondaryOfPN_01
 90720183  1 0 ses2MesFail
 90911675  1 0 ses2MesFail
 90911675  2 0 newMesBelowThresh
 91074100  1 1 PASS
 91149002  1 0 AltDetFail
 91149002  2 0 AltDetFail
 91245968  1 0 ses2MesFail
 91246422  1 1 PASS
 91316536  1 0 AltDetFail
 91316536  2 0 AltDetFail
 91415072  1 0 ChasesFail
 91853144  1 0 ses2MesFail
 91853144  2 1 PASS
 97914505  1 0 ses2MesFail
 97914505  2 1 PASS
 98064760  1 1 PASS
 98064760  2 0 SecondaryOfPN_01
 98423184  1 1 PASS
101230735  1 1 PASS
101233501  1 1 PASS
101544662  1 0 ChasesFail
101544662  2 0 ChasesFail
101544662  3 0 ses2MesFail
101654574  1 1 PASS
101819055  1 0 ses2MesFail
101845679  1 1 PASS
111977318  1 1 PASS
112239407  1 0 ses2MesFail
112239532  1 1 PASS
112239532  2 0 AltDetFail
112395568  1 1 PASS
112401201  1 0 AltDetFail
112466117  1 1 PASS
112825813  1 0 ses2MesFail
113061046  1 1 PASS
113127215  1 1 PASS
113169312  1 0 ses2MesFail
113358398  1 0 newMesShrink
113358398  2 1 PASS
113417989  1 1 PASS
113501026  1 1 PASS
113565705  1 1 PASS
113567527  1 1 PASS
113567527  2 0 SecondaryOfPN_01
113685429  1 0 ses2MesFail
113778646  1 0 ses2MesFail
113987333  1 1 PASS
114178837  1 0 ses2MesFail
114678646  1 0 ses2MesFail
118053599  1 0 ses2MesFail
118195419  1 0 ses2MesFail
118196094  1 0 AltDetFail
118196094  2 0 AltDetFail
118200081  1 0 AltDetFail
118200081  2 0 AltDetFail
118271395  1 0 AltDetFail
118271404  1 1 PASS
118271404  2 0 AltDetFail
118807628  1 0 ses2MesFail
118807628  2 0 ses2MesFail
118807628  3 0 ses2MesFail
118807628  4 0 ChasesFail
119159743  1 1 PASS
119159758  1 1 PASS
119676968  1 0 newMesShrink
120247528  1 1 PASS
120281155  1 0 ses2MesFail
120341889  1 1 PASS
120342469  1 1 PASS
120342469  2 0 SecondaryOfPN_01
120342469  3 0 AltDetFail
120393264  1 0 AltDetFail
120393264  2 0 AltDetFail
128679896  1 0 ses2MesFail
128679896  2 0 AltDetFail
128790976  1 1 PASS
129030467  1 1 PASS
140580482  1 0 ses2MesFail
140659980  1 1 PASS
140659980  2 0 SecondaryOfPN_01
140691463  1 1 PASS
140757571  1 1 PASS
140757590  1 0 AltDetFail
140760434  1 0 ses2MesFail
140830390  1 1 PASS
140940493  1 0 AltDetFail
140940493  2 0 AltDetFail
140968117  1 0 ses2MesFail
141028198  1 0 ses2MesFail
141124793  1 1 PASS
141333640  1 1 PASS
141606986  1 0 ses2MesFail
141608198  1 1 PASS
141622065  1 0 AltDetFail
141685465  1 0 ses2MesFail
141685465  2 0 SecondaryOfPN_01
141708335  1 1 PASS
141768070  1 1 PASS
141769434  1 1 PASS
141770299  1 0 AltDetFail
141770299  2 0 AltDetFail
141807839  1 1 PASS
141807839  2 0 ses2MesFail
141809359  1 0 ses2MesFail
141809359  2 0 ses2MesFail
141865875  1 0 AltDetFail
141865875  2 0 AltDetFail
141865875  3 0 AltDetFail
141942911  1 1 PASS
141943694  1 1 PASS
141978095  1 0 ses2MesFail
141978095  2 0 ses2MesFail
141980517  1 0 ses2MesFail
142013583  1 1 PASS
142105466  1 0 AltDetFail
142148228  1 1 PASS
143291764  1 1 PASS
143396821  1 1 PASS
143765469  1 0 ses2MesFail
143765469  2 0 AltDetFail
143765469  3 0 AltDetFail
149059954  1 0 AltDetFail
149059954  2 0 AltDetFail
149160359  1 0 newMesShrink
149160359  2 0 AltDetFail
149176080  1 0 AltDetFail
149176080  2 0 AltDetFail
149219496  1 0 ses2MesFail
149308175  1 0 AltDetFail
149308175  2 0 AltDetFail
149444545  1 0 AltDetFail
149444545  2 0 AltDetFail
149445580  1 0 ses2MesFail
149473467  1 0 ses2MesFail
149473467  2 0 AltDetFail
149573437  1 1 PASS
149573437  2 0 SecondaryOfPN_01
149573659  1 1 PASS
149573659  2 0 SecondaryOfPN_01
149600846  1 1 PASS
149603524  1 1 PASS
149629043  1 1 PASS
149629043  2 0 AltDetFail
149976187  1 0 AltDetFail
150030205  1 1 PASS
150166721  1 1 PASS
150166721  2 0 SecondaryOfPN_01
150167319  1 0 newMesBelowThresh
150187916  1 1 PASS
150187916  2 0 SecondaryOfPN_01
150187916  3 0 ChasesFail
150300654  1 1 PASS
150357064  1 1 PASS
150357290  1 0 ChasesFail
150359500  1 0 ses2MesFail
150359500  2 0 ses2MesFail
150359500  3 0 ses2MesFail
150361911  1 0 ses2MesFail
150393064  1 0 ses2MesFail
150428135  1 1 PASS
150442264  1 1 PASS
150442264  2 0 SecondaryOfPN_01
150443296  1 1 PASS
151948959  1 1 PASS
158159891  1 1 PASS
158297421  1 1 PASS
158301961  1 1 PASS
158301961  2 0 SecondaryOfPN_01
158441902  1 1 PASS
159617280  1 1 PASS
160658714  1 1 PASS
160846100  1 0 ses2MesFail
160991022  1 0 ses2MesFail
160991022  2 0 SecondaryOfPN_01
161032923  1 1 PASS
161083755  1 0 AltDetFail
161083755  2 0 AltDetFail
165836288  1 0 AltDetFail
165836288  2 0 AltDetFail
165877291  1 1 PASS
166348393  1 1 PASS
166969516  1 1 PASS
167005326  1 1 PASS
167005326  2 0 SecondaryOfPN_01
167007869  1 1 PASS
167123437  1 1 PASS
167123437  2 0 SecondaryOfPN_01
167123841  1 0 AltDetFail
167123841  2 0 AltDetFail
167125688  1 1 PASS
167164631  1 1 PASS
167201539  1 1 PASS
167201539  2 0 ChasesFail
167303776  1 0 ses2MesFail
167303776  2 0 ses2MesFail
167303776  3 0 ses2MesFail
167303776  4 1 PASS
167303776  5 0 ses2MesFail
167304040  1 0 ses2MesFail
167304040  2 0 ses2MesFail
167338355  1 0 AltDetFail
167338355  2 0 AltDetFail
167343133  1 0 ses2MesFail
167344043  1 1 PASS
167344043  2 0 ChasesFail
167418898  1 1 PASS
167418903  1 1 PASS
167526485  1 1 PASS
167551757  1 0 ses2MesFail
167551757  2 1 PASS
167554898  1 1 PASS
167570131  1 1 PASS
167570131  2 0 SecondaryOfPN_01
167602025  1 1 PASS
167602025  2 1 PASS
167602738  1 1 PASS
167602738  2 0 AltDetFail
167656297  1 1 PASS
167692429  1 1 PASS
167692429  2 0 SecondaryOfPN_01
167694820  1 0 AltDetFail
167697604  1 1 PASS
167697604  2 0 SecondaryOfPN_01
167722431  1 1 PASS
167722431  2 0 ChasesFail
167792080  1 1 PASS
167795859  1 1 PASS
167808509  1 0 ses2MesFail
167812449  1 1 PASS
167890109  1 0 AltDetFail
167890109  2 0 AltDetFail
167895165  1 0 ses2MesFail
168438554  1 1 PASS
168442231  1 1 PASS
168546245  1 0 ChasesFail
168823080  1 0 ses2MesFail
168883274  1 0 ses2MesFail
169316288  1 0 ses2MesFail
169316288  2 0 AltDetFail
169573910  1 0 AltDetFail
176958076  1 0 ses2MesFail
176958076  2 0 ses2MesFail
176984236  1 1 PASS
177077475  1 0 ses2MesFail
177078973  1 0 ChasesFail
177078973  2 0 ChasesFail
177118177  1 1 PASS
177118177  2 0 SecondaryOfPN_01
177160057  1 0 AltDetFail
177160057  2 0 AltDetFail
177162886  1 1 PASS
177175199  1 1 PASS
177255827  1 0 newMesBelowThresh
177255827  2 0 ChasesFail
177258700  1 0 ses2MesFail
177258700  2 0 SecondaryOfPN_01
177283727  1 1 PASS
177283727  2 0 SecondaryOfPN_01
177308817  1 0 ses2MesFail
177309083  1 1 PASS
177309964  1 1 PASS
177309964  2 0 AltDetFail
177312861  1 1 PASS
177350401  1 1 PASS
177387690  1 0 AltDetFail
179040607  1 0 ses2MesFail
179040607  2 0 ses2MesFail
179304342  1 1 PASS
179305059  1 1 PASS
179305059  2 0 SecondaryOfPN_01
179308923  1 0 AltDetFail
179317684  1 1 PASS
179380521  1 1 PASS
179637067  1 0 AltDetFail
179637387  1 0 AltDetFail
180412528  1 1 PASS
180416826  1 1 PASS
180417376  1 1 PASS
181341926  1 0 ses2MesFail
181341926  2 0 ses2MesFail
181656815  1 0 AltDetFail
181656815  2 0 AltDetFail
181792281  1 0 ses2MesFail
181798899  1 0 ses2MesFail
181798899  2 0 ses2MesFail
182894226  1 0 AltDetFail
182894226  2 0 AltDetFail
183077258  1 1 PASS
183078154  1 1 PASS
183120439  1 1 PASS
183494861  1 1 PASS
193831684  1 1 PASS
194025647  1 0 AltDetFail
194036297  1 0 ChasesFail
194177942  1 1 PASS
194342588  1 0 AltDetFail
194493084  1 0 ChasesFail
194722050  1 1 PASS
194872493  1 0 AltDetFail
194930658  1 1 PASS
196795299  1 1 PASS
196795299  2 0 ses2MesFail
196902810  1 0 ses2MesFail
196954401  1 0 newMesBelowThresh
196969668  1 0 ses2MesFail
200135791  1 1 PASS
200171985  1 1 PASS
201601338  1 1 PASS
201604954  1 1 PASS
201604954  2 0 AltDetFail
201642601  1 1 PASS
201747686  1 1 PASS
201747686  2 0 SecondaryOfPN_01
201751726  1 0 ses2MesFail
201751737  1 1 PASS
201751737  2 1 PASS
211116547  1 1 PASS
211116547  2 1 PASS
211170874  1 1 PASS
211170874  2 0 SecondaryOfPN_01
211215485  1 0 ses2MesFail
211215485  2 0 SecondaryOfPN_01
211215485  3 0 AltDetFail
219364865  1 0 ChasesFail
219373406  1 1 PASS
219373406  2 0 AltDetFail
219373406  3 0 AltDetFail
219398031  1 0 ses2MesFail
219927211  1 1 PASS
219974845  1 1 PASS
220349580  1 1 PASS
220433363  1 0 ses2MesFail
220433363  2 0 ses2MesFail
220433363  3 0 ChasesFail
220433364  1 0 ses2MesFail
220433364  2 0 ses2MesFail
220435095  1 1 PASS
220473309  1 0 ses2MesFail
220473309  2 0 ses2MesFail
220473309  3 0 ChasesFail
220473309  4 0 ses2MesFail
220474209  1 1 PASS
220474209  2 0 newMesShrink
220475245  1 1 PASS
220478846  1 1 PASS
220478846  2 0 AltDetFail
220479565  1 1 PASS
220479919  1 1 PASS
229810745  1 1 PASS
229810745  2 0 SecondaryOfPN_01
230954651  1 1 PASS
230966786  1 0 AltDetFail
230979227  1 1 PASS
231081369  1 1 PASS
231093356  1 1 PASS
231093356  2 0 newMesBelowThresh
231093356  3 0 newMesBelowThresh
231093356  4 0 AltDetFail
231721162  1 1 PASS
231742782  1 1 PASS
231799463  1 0 ses2MesFail
231799463  2 0 ses2MesFail
238194430  1 0 ses2MesFail
238194459  1 0 ses2MesFail
238196979  1 1 PASS
238196979  2 0 SecondaryOfPN_01
238197638  1 1 PASS
238197709  1 1 PASS
238891168  1 0 ses2MesFail
253576973  1 1 PASS
253636819  1 1 PASS
253636819  2 0 AltDetFail
253650184  1 0 ChasesFail
253657883  1 1 PASS
253657883  2 0 SecondaryOfPN_01
253708643  1 1 PASS
253709112  1 1 PASS
253715855  1 1 PASS
253715855  2 0 SecondaryOfPN_01
253715855  3 0 AltDetFail
253728991  1 1 PASS
253734887  1 1 PASS
253749178  1 0 ses2MesFail
253749178  2 0 newMesShrink
253749178  3 0 AltDetFail
253756339  1 1 PASS
253762472  1 0 ses2MesFail
253762492  1 0 ses2MesFail
253781727  1 1 PASS
253788585  1 1 PASS
253800419  1 0 AltDetFail
253813239  1 0 ses2MesFail
253813459  1 0 ses2MesFail
253818827  1 1 PASS
253826623  1 1 PASS
253832770  1 1 PASS
253832770  2 0 SecondaryOfPN_01
253844234  1 1 PASS
253844234  2 0 SecondaryOfPN_01
253844235  1 1 PASS
253850800  1 1 PASS
253857234  1 0 ses2MesFail
253990973  1 1 PASS
254021747  1 1 PASS
254039358  1 1 PASS
254045302  1 0 ses2MesFail
254045302  2 0 SecondaryOfPN_01
254131256  1 0 AltDetFail
254131285  1 1 PASS
254147986  1 1 PASS
254258206  1 0 ses2MesFail
254278612  1 1 PASS
255717096  1 1 PASS
255717096  2 0 SecondaryOfPN_01
255717096  3 0 AltDetFail
255989698  1 1 PASS
255989698  2 0 AltDetFail
256215734  1 1 PASS
256237360  1 0 ses2MesFail
257737451  1 0 ses2MesFail
257737451  2 0 ses2MesFail
258579050  1 0 AltDetFail
258880763  1 1 PASS
259791932  1 1 PASS
259794056  1 1 PASS
259863352  1 1 PASS
259976249  1 0 ses2MesFail
260043723  1 1 PASS
260132330  1 1 PASS
260132330  2 0 SecondaryOfPN_01
260162199  1 0 AltDetFail
260162387  1 0 ses2MesFail
260271203  1 1 PASS
260304277  1 1 PASS
260304296  1 1 PASS
260304800  1 1 PASS
260352096  1 1 PASS
260476837  1 1 PASS
260502102  1 1 PASS
260502102  2 0 SecondaryOfPN_01
260504147  1 1 PASS
260536927  1 1 PASS
260541250  1 0 AltDetFail
260609205  1 1 PASS
260659986  1 1 PASS
260708271  1 1 PASS
260984293  1 0 AltDetFail
260984293  2 0 AltDetFail
260985861  1 1 PASS
261089147  1 0 ses2MesFail
261089147  2 0 SecondaryOfPN_01
261105201  1 0 ses2MesFail
261105201  2 0 ses2MesFail
261107974  1 1 PASS
261107974  2 0 SecondaryOfPN_01
261108236  1 1 PASS
261136679  1 1 PASS
261138857  1 0 AltDetFail
261236136  1 0 ses2MesFail
261257684  1 1 PASS
261259291  1 0 ses2MesFail
261259291  2 0 ses2MesFail
261261490  1 1 PASS
261262721  1 0 AltDetFail
261262721  2 0 AltDetFail
261283885  1 0 ses2MesFail
261335113  1 1 PASS
261335113  2 0 SecondaryOfPN_01
261376909  1 0 AltDetFail
261376909  2 0 AltDetFail
261376909  3 0 AltDetFail
261376909  4 0 AltDetFail
261376909  5 0 AltDetFail
261377419  1 1 PASS
261680602  1 1 PASS
261680602  2 0 AltDetFail
261746657  1 0 ses2MesFail
261746657  2 0 SecondaryOfPN_01
261746657  3 0 AltDetFail
262195182  1 1 PASS
262195182  2 0 SecondaryOfPN_01
262195182  3 0 AltDetFail
262498404  1 0 AltDetFail
262522845  1 0 AltDetFail
262577454  1 0 ses2MesFail
262705788  1 1 PASS
262705788  2 0 AltDetFail
262793508  1 1 PASS
263003176  1 1 PASS
263074592  1 0 ses2MesFail
263074592  2 0 ses2MesFail
263925187  1 1 PASS
263925187  2 0 AltDetFail
265179710  1 0 ses2MesFail
265435357  1 1 PASS
266923326  1 0 ses2MesFail
269225967  1 1 PASS
269372970  1 0 ses2MesFail
269450900  1 0 newMesShrink
269852699  1 1 PASS
269855929  1 0 ses2MesFail
270204401  1 1 PASS
270204401  2 0 ses2MesFail
270341486  1 1 PASS
270341486  2 0 ses2MesFail
270367481  1 1 PASS
270368906  1 0 ChasesFail
270507305  1 1 PASS
270507908  1 0 ChasesFail
270558446  1 0 ses2MesFail
271577579  1 0 ses2MesFail
271594955  1 0 AltDetFail
271594955  2 0 AltDetFail
271596290  1 1 PASS
271725679  1 0 newMesBelowThresh
271893367  1 1 PASS
271900514  1 0 ses2MesFail
271900514  2 0 ses2MesFail
271900514  3 0 ses2MesFail
271999940  1 0 AltDetFail
271999940  2 0 AltDetFail
272086159  1 0 ses2MesFail
272086869  1 1 PASS
272086869  2 0 SecondaryOfPN_01
272232401  1 0 ChasesFail
272232401  2 0 ses2MesFail
272357134  1 1 PASS
272357134  2 0 SecondaryOfPN_01
272431317  1 1 PASS
272431317  2 0 SecondaryOfPN_01
272544689  1 1 PASS
272774076  1 1 PASS
273322167  1 1 PASS
273322167  2 0 AltDetFail
273322167  3 0 AltDetFail
273395799  1 0 newMesBelowThresh
273418421  1 0 newMesBelowThresh
273651959  1 0 ChasesFail
273697554  1 0 ses2MesFail
273697554  2 0 SecondaryOfPN_01
273697554  3 0 ses2MesFail
273698280  1 0 AltDetFail
274034106  1 1 PASS
274057734  1 1 PASS
276065508  1 0 ses2MesFail
276315375  1 0 ses2MesFail
276315375  2 0 SecondaryOfPN_01
276401510  1 0 ses2MesFail
276834958  1 0 newMesShrink
276834958  2 0 ses2MesFail
276834958  3 1 PASS
276836579  1 0 AltDetFail
276836579  2 0 AltDetFail
276935987  1 0 ses2MesFail
276935987  2 0 SecondaryOfPN_01
276967501  1 0 ChasesFail
277025859  1 1 PASS
277108449  1 1 PASS
277131946  1 1 PASS
277298771  1 0 ses2MesFail
277298771  2 0 ses2MesFail
277300045  1 0 AltDetFail
277373390  1 0 AltDetFail
277373390  2 0 AltDetFail
277375039  1 1 PASS
277912443  1 0 ChasesFail
277912443  2 0 SecondaryOfPN_01
278289141  1 1 PASS
278289141  2 0 SecondaryOfPN_01
278296621  1 1 PASS
278296621  2 0 SecondaryOfPN_01
278409390  1 0 ses2MesFail
278409392  1 0 ses2MesFail
278542841  1 1 PASS
278683641  1 0 ses2MesFail
278683641  2 0 SecondaryOfPN_01
278683844  1 1 PASS
278683844  2 1 PASS
278776865  1 1 PASS
278825347  1 1 PASS
278861826  1 1 PASS
278863150  1 1 PASS
278863150  2 0 SecondaryOfPN_01
278866211  1 1 PASS
278895338  1 1 PASS
278956474  1 1 PASS
278956474  2 1 PASS
278988794  1 1 PASS
279089140  1 0 ses2MesFail
279089927  1 1 PASS
279089927  2 0 newMesBelowThresh
279089927  3 0 AltDetFail
279156705  1 0 ses2MesFail
279156705  2 0 SecondaryOfPN_01
279217728  1 1 PASS
279217728  2 0 SecondaryOfPN_01
279251651  1 1 PASS
279322914  1 1 PASS
279323519  1 1 PASS
279323519  2 0 SecondaryOfPN_01
279569707  1 0 ses2MesFail
279569707  2 0 SecondaryOfPN_01
279569718  1 1 PASS
279569718  2 0 SecondaryOfPN_01
279572957  1 0 ses2MesFail
279614617  1 0 ses2MesFail
279615956  1 1 PASS
279955276  1 1 PASS
279955276  2 0 AltDetFail
279955276  3 0 AltDetFail
279958827  1 0 AltDetFail
280052690  1 0 ses2MesFail
280095254  1 1 PASS
280097543  1 1 PASS
280685089  1 1 PASS
280685089  2 0 SecondaryOfPN_01
280866656  1 1 PASS
280909668  1 1 PASS
281582156  1 1 PASS
281979481  1 1 PASS
287299191  1 1 PASS
287299191  2 0 SecondaryOfPN_01
287326187  1 1 PASS
287328866  1 1 PASS
287328866  2 1 PASS
287428184  1 1 PASS
287584993  1 0 ses2MesFail
290289298  1 0 AltDetFail
290348383  1 1 PASS
290348383  2 1 PASS
290410988  1 0 ses2MesFail
290410988  2 0 AltDetFail
290550630  1 1 PASS
290605311  1 1 PASS
291167857  1 0 ses2MesFail
291572619  1 1 PASS
292013448  1 0 ses2MesFail
292013448  2 0 newMesShrink
292127687  1 1 PASS
293151358  1 0 ses2MesFail
293151358  2 0 SecondaryOfPN_01
293151358  3 0 SecondaryOfPN_01
293271581  1 0 AltDetFail
293271581  2 0 SecondaryOfPN_01
293271581  3 0 AltDetFail
293273183  1 0 ChasesFail
293345927  1 0 AltDetFail
293345927  2 0 AltDetFail
293345927  3 0 AltDetFail
293480903  1 1 PASS
293480903  2 0 SecondaryOfPN_01
293971867  1 1 PASS
293972244  1 0 ses2MesFail
294059372  1 0 ses2MesFail
294059372  2 0 AltDetFail
294092960  1 1 PASS
294092960  2 0 SecondaryOfPN_01
294092966  1 1 PASS
294092966  2 0 SecondaryOfPN_01
294092966  3 0 AltDetFail
294098955  1 0 ses2MesFail
294099086  1 0 ses2MesFail
294197236  1 0 ses2MesFail
294197236  2 0 AltDetFail
294200378  1 0 AltDetFail
294206967  1 1 PASS
294206967  2 0 SecondaryOfPN_01
294273900  1 0 AltDetFail
294750180  1 0 ChasesFail
294750180  2 0 ses2MesFail
294754396  1 0 ChasesFail
294784522  1 0 AltDetFail
294929861  1 0 AltDetFail
294953608  1 0 AltDetFail
294953608  2 0 AltDetFail
299697182  1 0 ses2MesFail
299697182  2 0 ses2MesFail
299697182  3 0 ses2MesFail
299745179  1 0 ses2MesFail
299778628  1 0 ses2MesFail
299798795  1 0 ses2MesFail
299799658  1 1 PASS
299936884  1 0 ChasesFail
300013489  1 1 PASS
300033585  1 0 AltDetFail
300033585  2 0 AltDetFail
300033585  3 0 AltDetFail
300039094  1 0 ses2MesFail
300039099  1 0 ses2MesFail
300161053  1 1 PASS
300161053  2 0 SecondaryOfPN_01
300161962  1 1 PASS
300212020  1 0 AltDetFail
300212020  2 0 AltDetFail
300212020  3 0 AltDetFail
300279840  1 0 ses2MesFail
300293197  1 1 PASS
300446210  1 1 PASS
300446210  2 0 SecondaryOfPN_01
300446210  3 1 PASS
300446210  4 0 SecondaryOfPN_03
300448520  1 1 PASS
300448815  1 0 AltDetFail
300515248  1 1 PASS
300560295  1 0 ses2MesFail
300560295  2 0 SecondaryOfPN_01
300736428  1 1 PASS
300810086  1 1 PASS
300871376  1 0 AltDetFail
300871376  2 0 AltDetFail
300871376  3 0 AltDetFail
300871545  1 1 PASS
300871545  2 0 SecondaryOfPN_01
301956342  1 1 PASS
301956407  1 1 PASS
301956407  2 0 SecondaryOfPN_01
303790943  1 1 PASS
303842820  1 0 ses2MesFail
303909865  1 0 ses2MesFail
303909865  2 0 AltDetFail
303951776  1 1 PASS
304201950  1 0 ses2MesFail
304339227  1 0 ses2MesFail
304376679  1 1 PASS
304548631  1 1 PASS
304855336  1 1 PASS
305069715  1 1 PASS
306107122  1 1 PASS
306107122  2 0 ses2MesFail
306353853  1 1 PASS
306454254  1 0 AltDetFail
306466421  1 0 AltDetFail
306576384  1 1 PASS
306576384  2 0 SecondaryOfPN_01
306580215  1 1 PASS
306635088  1 1 PASS
306635088  2 0 SecondaryOfPN_01
306664945  1 0 ses2MesFail
306723230  1 1 PASS
306723230  2 0 SecondaryOfPN_01
307291318  1 1 PASS
309350921  1 1 PASS
309350921  2 0 SecondaryOfPN_01
309619055  1 1 PASS
309658221  1 1 PASS
309659126  1 0 AltDetFail
309791057  1 1 PASS
309792357  1 0 ses2MesFail
309960398  1 0 ses2MesFail
311103813  1 0 ses2MesFail
311103813  2 0 AltDetFail
311420180  1 0 newMesShrink
311794619  1 0 ses2MesFail
313477209  1 1 PASS
315085718  1 0 ses2MesFail
315875710  1 0 ChasesFail
315877914  1 0 newMesBelowThresh
316582319  1 0 AltDetFail
316991247  1 1 PASS
317060587  1 1 PASS
317100059  1 1 PASS
318008396  1 1 PASS
318649597  1 0 AltDetFail
318649597  2 0 AltDetFail
318649597  3 0 AltDetFail
319606464  1 1 PASS
319904128  1 0 ses2MesFail
320004517  1 1 PASS
320054835  1 1 PASS
320054835  2 0 SecondaryOfPN_01
320264006  1 1 PASS
320264006  2 0 SecondaryOfPN_01
320805672  1 1 PASS
322270620  1 1 PASS
322950055  1 0 ses2MesFail
323132914  1 1 PASS
323172801  1 0 ses2MesFail
323172801  2 1 PASS
323292484  1 0 ses2MesFail
323292484  2 0 newMesShrink
323292655  1 0 AltDetFail
323349313  1 1 PASS
323350241  1 0 ses2MesFail
323354786  1 0 ses2MesFail
323354786  2 0 ses2MesFail
323354855  1 1 PASS
323354855  2 0 ses2MesFail
323442776  1 0 ses2MesFail
323442776  2 0 SecondaryOfPN_01
323442776  3 0 SecondaryOfPN_01
323685105  1 0 ChasesFail
323727556  1 1 PASS
323968843  1 1 PASS
323981906  1 0 ses2MesFail
324319238  1 1 PASS
324498521  1 0 AltDetFail
324498521  2 0 AltDetFail
324498521  3 0 AltDetFail
324752145  1 1 PASS
324752145  2 0 ses2MesFail
324892747  1 0 ChasesFail
325178532  1 1 PASS
325564366  1 1 PASS
325564366  2 0 SecondaryOfPN_01
325610193  1 0 ChasesFail
326769598  1 0 AltDetFail
326769598  2 0 AltDetFail
327301957  1 1 PASS
327785134  1 0 ses2MesFail
327785134  2 0 AltDetFail
327785134  3 0 AltDetFail
327787236  1 1 PASS
327850372  1 0 ses2MesFail
327850372  2 0 AltDetFail
327850372  3 0 AltDetFail
337109866  1 0 AltDetFail
337109866  2 0 AltDetFail
337274166  1 1 PASS
337274166  2 0 AltDetFail
337440887  1 1 PASS
339258033  1 0 ses2MesFail
339258033  2 0 SecondaryOfPN_01
339271119  1 0 ses2MesFail
339633702  1 0 AltDetFail
339633702  2 0 AltDetFail
339633702  3 0 AltDetFail
339633702  4 0 AltDetFail
339665276  1 1 PASS
339665276  2 0 AltDetFail
339666028  1 0 ChasesFail
339668420  1 0 ses2MesFail
339668420  2 0 newMesBelowThresh
339672028  1 1 PASS
339752629  1 1 PASS
339890862  1 1 PASS
339890862  2 0 AltDetFail
339916453  1 1 PASS
339917949  1 1 PASS
340139357  1 1 PASS
341230464  1 0 ses2MesFail
341309569  1 1 PASS
341309569  2 0 SecondaryOfPN_01
341424034  1 1 PASS
341424034  2 0 AltDetFail
341498715  1 0 ses2MesFail
343573964  1 0 AltDetFail
343648067  1 0 ses2MesFail
343757299  1 1 PASS
343757299  2 0 SecondaryOfPN_01
343834897  1 1 PASS
343884825  1 1 PASS
344031627  1 1 PASS
344553484  1 0 ses2MesFail
344553484  2 0 newMesShrink
344553484  3 0 ses2MesFail
345170707  1 1 PASS
345170707  2 0 SecondaryOfPN_01
346704136  1 0 ses2MesFail
348717439  1 0 AltDetFail
348717439  2 0 AltDetFail
348717439  3 0 AltDetFail
348770361  1 1 PASS
348844417  1 1 PASS
348844417  2 0 SecondaryOfPN_01
348897766  1 0 AltDetFail
348900258  1 0 AltDetFail
348900258  2 0 AltDetFail
348900258  3 0 AltDetFail
348992095  1 0 ses2MesFail
349055189  1 1 PASS
349055915  1 0 ses2MesFail
349059354  1 0 ses2MesFail
349154435  1 1 PASS
349154435  2 0 SecondaryOfPN_01
349156098  1 1 PASS
349156098  2 0 SecondaryOfPN_01
349308842  1 1 PASS
349310205  1 1 PASS
349310205  2 0 SecondaryOfPN_01
349480507  1 0 ses2MesFail
349483495  1 1 PASS
349484636  1 0 AltDetFail
349518145  1 1 PASS
349518800  1 1 PASS
349642881  1 1 PASS
349642881  2 0 SecondaryOfPN_01
349643889  1 0 ses2MesFail
349644606  1 1 PASS
349644606  2 0 AltDetFail
349763482  1 1 PASS
349763482  2 0 SecondaryOfPN_01
349790953  1 1 PASS
349797905  1 0 ses2MesFail
349797905  2 0 SecondaryOfPN_01
349832824  1 0 ses2MesFail
349832824  2 0 newMesShrink
349832824  3 0 AltDetFail
349832824  4 0 AltDetFail
349911034  1 1 PASS
349989059  1 0 ses2MesFail
350008445  1 1 PASS
350025490  1 1 PASS
350030939  1 0 AltDetFail
350030939  2 0 AltDetFail
350094542  1 1 PASS
350094542  2 0 AltDetFail
350153977  1 1 PASS
350298145  1 1 PASS
350332233  1 1 PASS
350332233  2 0 AltDetFail
350332997  1 1 PASS
350431335  1 1 PASS
350442910  1 0 ses2MesFail
350442910  2 0 ses2MesFail
350443417  1 0 ses2MesFail
350443417  2 0 newMesShrink
350443417  3 0 AltDetFail
350443417  4 0 AltDetFail
350443417  5 0 AltDetFail
350443417  6 0 AltDetFail
350445771  1 1 PASS
350478924  1 0 ses2MesFail
350478924  2 0 ses2MesFail
350478924  3 0 AltDetFail
350479101  1 1 PASS
350479101  2 0 SecondaryOfPN_01
350480660  1 1 PASS
350518984  1 0 ses2MesFail
350583992  1 1 PASS
350622185  1 0 AltDetFail
350743714  1 1 PASS
350930672  1 1 PASS
351126671  1 0 AltDetFail
351336681  1 1 PASS
351336681  2 0 SecondaryOfPN_01
351396440  1 1 PASS
351473570  1 0 ses2MesFail
351556896  1 0 ses2MesFail
351601843  1 1 PASS
352141900  1 1 PASS
352289014  1 0 AltDetFail
352289014  2 0 AltDetFail
352316122  1 1 PASS
352477366  1 0 ses2MesFail
352478596  1 1 PASS
358108063  1 1 PASS
358111274  1 0 ses2MesFail
358176584  1 0 ChasesFail
358179405  1 0 AltDetFail
358179405  2 0 AltDetFail
360740653  1 1 PASS
360742636  1 1 PASS
360824561  1 1 PASS
360824561  2 0 SecondaryOfPN_01
362088101  1 0 ses2MesFail
364115836  1 1 PASS
364153424  1 1 PASS
364302118  1 1 PASS
364325969  1 0 AltDetFail
364325969  2 0 AltDetFail
364325969  3 0 AltDetFail
364395234  1 1 PASS
364588501  1 0 ses2MesFail
364588501  2 0 ses2MesFail
364588501  3 0 ses2MesFail
364588669  1 0 AltDetFail
364588669  2 0 AltDetFail
365366508  1 0 ses2MesFail
365366508  2 0 SecondaryOfPN_01
365366508  3 0 ChasesFail
365470909  1 0 newMesBelowThresh
365470909  2 0 SecondaryOfPN_01
365956683  1 1 PASS
365956683  2 0 AltDetFail
365997088  1 1 PASS
365997088  2 0 AltDetFail
366056607  1 0 AltDetFail
366989877  1 1 PASS
368866492  1 1 PASS
369327947  1 1 PASS
369451431  1 0 ses2MesFail
369784648  1 0 AltDetFail
369897885  1 0 ses2MesFail
369959289  1 0 ChasesFail
369960846  1 1 PASS
370101492  1 0 AltDetFail
370104936  1 1 PASS
370133522  1 1 PASS
370134610  1 1 PASS
370137830  1 0 ses2MesFail
370236000  1 0 AltDetFail
370236000  2 0 AltDetFail
370236000  3 0 AltDetFail
371839073  1 1 PASS
371839073  2 0 SecondaryOfPN_01
371947165  1 0 ses2MesFail
371947165  2 0 ses2MesFail
371947165  3 0 ChasesFail
371947165  4 1 PASS
372042000  1 0 ses2MesFail
372067645  1 0 AltDetFail
372124871  1 0 ses2MesFail
372124871  2 0 ses2MesFail
372419506  1 1 PASS
372443624  1 1 PASS
372819266  1 1 PASS
373431012  1 0 ses2MesFail
373431012  2 0 ses2MesFail
373431012  3 0 ses2MesFail
373432787  1 0 newMesBelowThresh
373523051  1 1 PASS
373844472  1 1 PASS
373918302  1 1 PASS
373918302  2 0 AltDetFail
374346949  1 0 AltDetFail
374346949  2 0 AltDetFail
374410268  1 1 PASS
374859582  1 0 AltDetFail
374859582  2 0 AltDetFail
375088647  1 1 PASS
375301185  1 0 AltDetFail
376985426  1 0 AltDetFail
376985426  2 0 AltDetFail
377022512  1 0 ses2MesFail
377022512  2 0 ChasesFail
377022512  3 1 PASS
378525826  1 0 ses2MesFail
379240073  1 1 PASS
379405328  1 1 PASS
379407865  1 1 PASS
379806358  1 0 AltDetFail
380589029  1 1 PASS
380591809  1 1 PASS
380645083  1 1 PASS
380645083  2 0 SecondaryOfPN_01
380659334  1 1 PASS
380659334  2 0 ses2MesFail
380659334  3 0 AltDetFail
380704836  1 1 PASS
380704836  2 0 SecondaryOfPN_01
380755821  1 0 ses2MesFail
380783252  1 1 PASS
380822025  1 1 PASS
381469569  1 1 PASS
381897917  1 0 ses2MesFail
381948745  1 1 PASS
381949410  1 0 ses2MesFail
381950094  1 0 ses2MesFail
381979901  1 1 PASS
382028425  1 1 PASS
382028425  2 0 SecondaryOfPN_01
382067804  1 0 ses2MesFail
382069441  1 0 ses2MesFail
382188882  1 1 PASS
382198502  1 0 AltDetFail
382245461  1 1 PASS
382256692  1 0 AltDetFail
382256692  2 0 AltDetFail
382258517  1 0 ses2MesFail
382266319  1 1 PASS
382266319  2 0 AltDetFail
382308684  1 1 PASS
382308684  2 0 SecondaryOfPN_01
382312052  1 1 PASS
382312052  2 0 SecondaryOfPN_01
382517745  1 1 PASS
382517745  2 0 SecondaryOfPN_01
382528174  1 0 AltDetFail
382528174  2 0 AltDetFail
383390264  1 1 PASS
383427491  1 0 ses2MesFail
383554625  1 0 ChasesFail
383554625  2 0 SecondaryOfPN_01
383594341  1 1 PASS
383594341  2 0 SecondaryOfPN_01
383715654  1 0 AltDetFail
383715654  2 0 AltDetFail
384074705  1 1 PASS
384270920  1 0 AltDetFail
384270920  2 0 AltDetFail
384270920  3 0 AltDetFail
384270920  4 0 AltDetFail
384344310  1 0 AltDetFail
384344310  2 0 AltDetFail
384466562  1 1 PASS
384742846  1 1 PASS
384742846  2 0 SecondaryOfPN_01
384803635  1 0 ses2MesFail
384820235  1 0 AltDetFail
387107961  1 0 ses2MesFail
387194784  1 1 PASS
387220832  1 0 ses2MesFail
387220832  2 0 newMesBelowThresh
388128308  1 1 PASS
388129029  1 0 AltDetFail
388129029  2 0 AltDetFail
388131924  1 1 PASS
388131924  2 0 SecondaryOfPN_01
388179896  1 0 AltDetFail
388179896  2 0 AltDetFail
388203226  1 1 PASS
388203226  2 0 AltDetFail
388240837  1 0 ses2MesFail
388240837  2 0 ChasesFail
389433788  1 1 PASS
389569658  1 1 PASS
389576843  1 0 AltDetFail
389576843  2 0 AltDetFail
389576843  3 0 AltDetFail
389667572  1 1 PASS
389669796  1 1 PASS
390996644  1 0 ses2MesFail
390996644  2 0 ses2MesFail
390996644  3 0 newMesBelowThresh
391001489  1 1 PASS
391058369  1 0 ses2MesFail
391099876  1 0 ses2MesFail
391206778  1 0 AltDetFail
391813813  1 1 PASS
391892842  1 0 AltDetFail
391901448  1 1 PASS
391903064  1 1 PASS
391927558  1 0 ses2MesFail
391927558  2 0 ses2MesFail
391927558  3 0 AltDetFail
391946225  1 0 ses2MesFail
391949880  1 1 PASS
392756613  1 0 ses2MesFail
392756613  2 0 ses2MesFail
393491149  1 0 AltDetFail
394210384  1 0 ChasesFail
394230860  1 0 ses2MesFail
394232334  1 0 AltDetFail
394341901  1 1 PASS
394452884  1 1 PASS
394452884  2 0 AltDetFail
394657039  1 1 PASS
394698182  1 1 PASS
394698969  1 1 PASS
394698969  2 0 SecondaryOfPN_01
394699148  1 0 AltDetFail
395052612  1 0 AltDetFail
395052612  2 0 AltDetFail
396170777  1 0 ses2MesFail
396215041  1 0 ses2MesFail
396215041  2 0 newMesShrink
396969225  1 0 ses2MesFail
396969225  2 0 ses2MesFail
396969225  3 0 ses2MesFail
397165702  1 0 ChasesFail
397547171  1 0 AltDetFail
398272462  1 0 ses2MesFail
398340721  1 0 ses2MesFail
401606923  1 1 PASS
401606923  2 0 SecondaryOfPN_01
401671033  1 1 PASS
402096125  1 0 ses2MesFail
404053878  1 1 PASS
404123632  1 0 ses2MesFail
404123632  2 0 newMesBelowThresh
404123632  3 0 newMesShrink
404156386  1 1 PASS
404156386  2 0 AltDetFail
404239187  1 0 AltDetFail
404239187  2 0 AltDetFail
404239187  3 0 AltDetFail
404343923  1 0 ses2MesFail
404378743  1 0 ChasesFail
404378743  2 0 ses2MesFail
404411931  1 0 ses2MesFail
404777922  1 1 PASS
404804908  1 1 PASS
404851003  1 1 PASS
405077613  1 0 ses2MesFail
405952560  1 1 PASS
406095880  1 0 ses2MesFail
406095880  2 1 PASS
406116890  1 0 ses2MesFail
406116890  2 0 ses2MesFail
406234326  1 1 PASS
406238813  1 1 PASS
406238813  2 1 PASS
406941612  1 1 PASS
406976746  1 1 PASS
407067592  1 1 PASS
407067592  2 0 SecondaryOfPN_01
407126408  1 1 PASS
407147727  1 1 PASS
407147727  2 0 SecondaryOfPN_01
407165509  1 0 ses2MesFail
407584737  1 1 PASS
407584737  2 0 SecondaryOfPN_01
407661994  1 1 PASS
407661994  2 0 SecondaryOfPN_01
407823917  1 1 PASS
407823917  2 0 SecondaryOfPN_01
407824089  1 0 ses2MesFail
407824089  2 0 ses2MesFail
407825808  1 0 ChasesFail
408229533  1 0 AltDetFail
409645311  1 1 PASS
409934330  1 1 PASS
409934687  1 1 PASS
409934687  2 0 SecondaryOfPN_01
410276444  1 1 PASS
410344317  1 0 ses2MesFail
410405725  1 0 newMesBelowThresh
410418820  1 0 ses2MesFail
410418820  2 0 ses2MesFail
410418820  3 0 ses2MesFail
410418820  4 0 ses2MesFail
410418820  5 0 ses2MesFail
411956826  1 0 ChasesFail
411956826  2 0 ses2MesFail
411956826  3 0 ses2MesFail
411980223  1 0 ChasesFail
415972720  1 1 PASS
418720347  1 0 ses2MesFail
419539470  1 0 ses2MesFail
419541933  1 1 PASS
419541933  2 0 AltDetFail
419611702  1 0 ChasesFail
419744996  1 0 ses2MesFail
419744996  2 0 ses2MesFail
419745021  1 1 PASS
419745021  2 0 SecondaryOfPN_01
421452112  1 0 AltDetFail
421452112  2 0 AltDetFail
421452112  3 0 AltDetFail
421452112  4 0 AltDetFail
421477810  1 0 ses2MesFail
421535609  1 0 ses2MesFail
421894914  1 1 PASS
421895532  1 0 AltDetFail
421911792  1 0 ses2MesFail
422038373  1 0 ses2MesFail
424747720  1 1 PASS
424796997  1 1 PASS
424876997  1 1 PASS
424880540  1 0 ses2MesFail
424911242  1 0 ses2MesFail
425546651  1 0 ses2MesFail
425549135  1 0 ses2MesFail
425549135  2 0 ses2MesFail
425650962  1 0 ses2MesFail
425650962  2 1 PASS
425675208  1 1 PASS
425675208  2 0 SecondaryOfPN_01
426017070  1 0 AltDetFail
431383040  1 0 ses2MesFail
441211366  1 0 ses2MesFail
451508376  1 1 PASS
453095485  1 0 AltDetFail
453095489  1 1 PASS
453095489  2 0 AltDetFail
453097744  1 0 AltDetFail
453097744  2 0 AltDetFail
456517808  1 0 ses2MesFail
456517808  2 0 SecondaryOfPN_01
456517808  3 0 AltDetFail
456609929  1 1 PASS
456609929  2 0 SecondaryOfPN_01
456612658  1 1 PASS
456612658  2 0 SecondaryOfPN_01
461737753  1 1 PASS
461737753  2 0 AltDetFail
464281481  1 1 PASS
464349748  1 1 PASS
464410508  1 1 PASS
464422047  1 1 PASS
464422047  2 0 ses2MesFail
464422047  3 0 AltDetFail
466098637  1 1 PASS
466229760  1 0 AltDetFail
466229760  2 0 AltDetFail
466271134  1 0 ses2MesFail
466305387  1 1 PASS
467966096  1 1 PASS
467966096  2 0 SecondaryOfPN_01
468148930  1 1 PASS
468216076  1 0 ses2MesFail
468216076  2 0 ses2MesFail
469441650  1 1 PASS
469441650  2 0 SecondaryOfPN_01
469441650  3 0 AltDetFail
469441650  4 0 AltDetFail
469692862  1 1 PASS
469775682  1 0 ses2MesFail
469821767  1 1 PASS
471013582  1 0 ses2MesFail
