  9334750  1 0 ChasesFail
  1027928  1 0 ses2MesFail
  9347168  1 0 ses2MesFail
  3756603  1 0 ses2MesFail
  9346818  1 0 AltDetFail
  9346818  2 0 AltDetFail
  3907438  1 0 ses2MesFail
  9348006  1 1 PASS
  3941985  1 1 PASS
  3941985  2 0 AltDetFail
  9361438  1 0 ses2MesFail
  9361438  2 0 SecondaryOfPN_01
  4896794  1 0 ses2MesFail
  9376406  1 1 PASS
  4897275  1 1 PASS
 16805614  1 1 PASS
 16805614  2 0 SecondaryOfPN_01
  4918918  1 1 PASS
 16805617  1 1 PASS
 16805617  2 0 SecondaryOfPN_01
  4957914  1 1 PASS
 16805628  1 1 PASS
 16805628  2 0 SecondaryOfPN_01
  4971740  1 1 PASS
 17206122  1 1 PASS
 17206122  2 0 SecondaryOfPN_01
  4972033  1 0 ses2MesFail
 17299918  1 1 PASS
  8200343  1 0 ses2MesFail
  8200343  2 0 ses2MesFail
 21413209  1 0 ses2MesFail
  8245065  1 1 PASS
  8245065  2 0 AltDetFail
 21535395  1 1 PASS
  8677584  1 0 ses2MesFail
 21501122  1 0 ses2MesFail
  8677671  1 1 PASS
  8677671  2 0 ses2MesFail
 24004619  1 1 PASS
 24004619  2 0 SecondaryOfPN_01
  8688061  1 0 newMesShrink
 24004731  1 0 ses2MesFail
  8767448  1 1 PASS
 26958494  1 0 ses2MesFail
  8769657  1 0 AltDetFail
 26973452  1 0 ses2MesFail
  8855301  1 1 PASS
 26982875  1 1 PASS
  8916237  1 0 newMesShrink
 26986611  1 0 ses2MesFail
  8916239  1 0 ses2MesFail
 27036776  1 0 ses2MesFail
  8916398  1 1 PASS
 29169063  1 0 ses2MesFail
  8917071  1 1 PASS
 21499327  1 1 PASS
 21499327  2 0 SecondaryOfPN_01
 21499609  1 1 PASS
 21499609  2 0 SecondaryOfPN_01
 29172363  1 0 ses2MesFail
 29172806  1 1 PASS
 29172806  2 0 SecondaryOfPN_01
 29172806  3 0 SecondaryOfPN_01
 29191624  1 1 PASS
 39065113  1 1 PASS
 39074755  1 1 PASS
 39074755  2 0 SecondaryOfPN_01
 39074755  3 0 ChasesFail
 39074957  1 1 PASS
 39699561  1 0 ses2MesFail
 39699648  1 1 PASS
 39699837  1 0 ses2MesFail
 53450329  1 0 ses2MesFail
 53478035  1 1 PASS
 55753802  1 0 AltDetFail
 55753808  1 0 AltDetFail
 55753808  2 0 AltDetFail
 55778901  1 0 AltDetFail
 56860595  1 1 PASS
 56884294  1 0 ses2MesFail
 56884294  2 1 PASS
 56912737  1 0 ses2MesFail
 56914413  1 0 ses2MesFail
 56914413  2 0 ChasesFail
 56914413  3 0 ChasesFail
 67440703  1 0 ses2MesFail
 67596851  1 0 ses2MesFail
 67642456  1 0 ChasesFail
 67642457  1 0 ChasesFail
 67646988  1 1 PASS
 67651534  1 0 AltDetFail
 67651534  2 0 AltDetFail
 67666096  1 1 PASS
 67949277  1 1 PASS
 67949277  2 0 SecondaryOfPN_01
 67958445  1 1 PASS
 82223761  1 1 PASS
 82224114  1 0 ChasesFail
 82224114  2 0 AltDetFail
 85243592  1 0 AltDetFail
 85243592  2 0 AltDetFail
 85243592  3 0 AltDetFail
 85243592  4 0 AltDetFail
 85292827  1 0 ses2MesFail
 85293053  1 1 PASS
 85293265  1 0 ses2MesFail
 86232609  1 1 PASS
 86232609  2 0 ses2MesFail
 86232609  3 0 ses2MesFail
 86232609  4 0 ses2MesFail
 86337145  1 0 ses2MesFail
 86339506  1 0 ses2MesFail
 86339506  2 0 ses2MesFail
 86339506  3 0 ses2MesFail
 86385104  1 1 PASS
 86385104  2 0 SecondaryOfPN_01
 87952426  1 0 ses2MesFail
 87952426  2 0 ses2MesFail
 88021484  1 0 ses2MesFail
 88021496  1 0 ses2MesFail
 88024859  1 0 ses2MesFail
 88047524  1 1 PASS
 88047990  1 1 PASS
 88115150  1 0 ses2MesFail
 88646716  1 0 ses2MesFail
 88723334  1 0 ses2MesFail
 88723334  2 0 ses2MesFail
 88723334  3 0 ChasesFail
 88723334  4 0 ses2MesFail
 91896134  1 0 ChasesFail
 91896134  2 0 ses2MesFail
 91987762  1 0 ses2MesFail
 92007090  1 0 ses2MesFail
 99746674  1 0 AltDetFail
 99784331  1 0 AltDetFail
 99834717  1 1 PASS
 99901644  1 1 PASS
101540135  1 1 PASS
101546875  1 1 PASS
101546875  2 0 SecondaryOfPN_01
103573024  1 0 ses2MesFail
103632031  1 0 ChasesFail
103633434  1 1 PASS
103656297  1 0 AltDetFail
103656470  1 0 ChasesFail
103743317  1 1 PASS
103743317  2 0 AltDetFail
103743690  1 0 AltDetFail
103743690  2 0 AltDetFail
105488249  1 0 ses2MesFail
105506140  1 1 PASS
117276219  1 0 ses2MesFail
117276219  2 0 ses2MesFail
117280404  1 1 PASS
117378334  1 1 PASS
117378874  1 1 PASS
117378874  2 0 SecondaryOfPN_01
117378874  3 0 AltDetFail
117409109  1 0 ses2MesFail
117931821  1 1 PASS
125528956  1 0 ses2MesFail
125552085  1 0 ChasesFail
126236560  1 1 PASS
126237874  1 1 PASS
126278446  1 0 ses2MesFail
126319661  1 0 ChasesFail
126325291  1 1 PASS
126325291  2 0 newMesShrink
137713981  1 0 ChasesFail
137726810  1 0 ses2MesFail
137830316  1 1 PASS
137830316  2 0 AltDetFail
137881699  1 1 PASS
137905775  1 1 PASS
137905775  2 0 SecondaryOfPN_01
137906197  1 1 PASS
138505004  1 1 PASS
138505004  2 0 newMesShrink
138505004  3 0 ses2MesFail
138543573  1 0 AltDetFail
138578906  1 0 AltDetFail
138578906  2 0 AltDetFail
138650903  1 1 PASS
139367232  1 1 PASS
139367232  2 0 SecondaryOfPN_01
141119640  1 1 PASS
141120071  1 0 ses2MesFail
141120071  2 0 ChasesFail
142276270  1 1 PASS
142276270  2 0 SecondaryOfPN_01
142308209  1 1 PASS
142308209  2 0 SecondaryOfPN_01
142373362  1 0 ses2MesFail
142394656  1 1 PASS
142441910  1 1 PASS
142441910  2 0 SecondaryOfPN_01
142443425  1 1 PASS
142443425  2 0 SecondaryOfPN_01
142587827  1 0 AltDetFail
142618244  1 1 PASS
142618244  2 0 SecondaryOfPN_01
142619583  1 0 AltDetFail
142783746  1 1 PASS
142783746  2 0 SecondaryOfPN_01
142791832  1 1 PASS
142848794  1 1 PASS
142864870  1 1 PASS
142864870  2 0 AltDetFail
142864870  3 0 AltDetFail
142865103  1 0 ses2MesFail
142878895  1 0 ses2MesFail
142979644  1 1 PASS
142979644  2 0 SecondaryOfPN_01
142979644  3 0 ses2MesFail
142980026  1 0 ChasesFail
147576476  1 0 AltDetFail
147610499  1 0 AltDetFail
147610499  2 0 AltDetFail
147610499  3 0 AltDetFail
147625755  1 0 ses2MesFail
147625755  2 0 SecondaryOfPN_01
147625755  3 0 AltDetFail
147686743  1 1 PASS
147686743  2 0 SecondaryOfPN_01
147892875  1 0 ChasesFail
147935743  1 1 PASS
147938514  1 0 ses2MesFail
147950620  1 1 PASS
147993277  1 1 PASS
148656659  1 1 PASS
148656659  2 0 SecondaryOfPN_01
148836026  1 0 ChasesFail
148895152  1 0 AltDetFail
148895152  2 0 AltDetFail
148914403  1 0 ses2MesFail
148914403  2 0 ses2MesFail
148914726  1 1 PASS
148963419  1 0 ses2MesFail
148963419  2 0 AltDetFail
149344678  1 0 ses2MesFail
149368787  1 0 ses2MesFail
149397543  1 0 ses2MesFail
149397543  2 0 newMesBelowThresh
149453421  1 0 ses2MesFail
149453421  2 0 ses2MesFail
149915491  1 1 PASS
150225473  1 0 AltDetFail
150251466  1 0 ses2MesFail
150269176  1 0 ses2MesFail
153951307  1 1 PASS
153991851  1 0 AltDetFail
153991851  2 0 SecondaryOfPN_01
154066690  1 0 ses2MesFail
154066690  2 0 ses2MesFail
154066690  3 1 PASS
154066690  4 0 AltDetFail
154066690  5 0 AltDetFail
154067797  1 0 AltDetFail
154067797  2 0 AltDetFail
154089169  1 1 PASS
154108146  1 1 PASS
154108146  2 0 AltDetFail
154475149  1 1 PASS
154475149  2 0 AltDetFail
154511165  1 1 PASS
154511165  2 0 SecondaryOfPN_01
154511165  3 0 AltDetFail
154867950  1 1 PASS
154998384  1 1 PASS
154998384  2 0 SecondaryOfPN_01
155559537  1 0 ses2MesFail
155559539  1 0 ses2MesFail
155657579  1 1 PASS
155657579  2 0 AltDetFail
155657581  1 1 PASS
155657581  2 0 SecondaryOfPN_01
155657581  3 0 AltDetFail
155894704  1 1 PASS
155894704  2 0 newMesBelowThresh
155894704  3 0 AltDetFail
156169159  1 1 PASS
156169159  2 0 AltDetFail
156491690  1 0 ses2MesFail
156805574  1 1 PASS
156817668  1 0 ses2MesFail
156817668  2 0 ses2MesFail
157273321  1 0 ses2MesFail
157273321  2 0 ses2MesFail
157273362  1 1 PASS
157318662  1 0 ses2MesFail
157840032  1 1 PASS
157840032  2 0 SecondaryOfPN_01
157847499  1 0 newMesShrink
157847499  2 0 AltDetFail
157999789  1 0 ses2MesFail
158002130  1 1 PASS
159298033  1 1 PASS
159336052  1 1 PASS
159345743  1 1 PASS
159346490  1 1 PASS
159346490  2 0 AltDetFail
159464498  1 1 PASS
159466193  1 1 PASS
159503663  1 0 AltDetFail
159509446  1 0 ses2MesFail
159509446  2 0 ses2MesFail
159510109  1 0 ses2MesFail
159510109  2 0 ses2MesFail
159586048  1 0 ses2MesFail
159613900  1 0 ses2MesFail
160045097  1 1 PASS
160045097  2 1 PASS
160228595  1 1 PASS
160228595  2 0 SecondaryOfPN_01
160228595  3 0 AltDetFail
160228595  4 0 AltDetFail
160268882  1 1 PASS
160268882  2 0 SecondaryOfPN_01
160268882  3 0 AltDetFail
160393513  1 1 PASS
160425283  1 0 AltDetFail
160425283  2 0 AltDetFail
160492551  1 0 ses2MesFail
160492551  2 0 SecondaryOfPN_01
160492551  3 0 AltDetFail
160519380  1 0 AltDetFail
160519380  2 0 newMesBelowThresh
160521567  1 0 ses2MesFail
160618494  1 1 PASS
160618494  2 0 SecondaryOfPN_01
160618494  3 0 AltDetFail
160619243  1 1 PASS
165287194  1 1 PASS
165471200  1 1 PASS
165554927  1 0 newMesBelowThresh
165991532  1 0 ses2MesFail
166087190  1 0 AltDetFail
166178948  1 0 ses2MesFail
166493797  1 0 ses2MesFail
166532356  1 1 PASS
166532356  2 0 SecondaryOfPN_01
166582935  1 0 ses2MesFail
166584321  1 0 ses2MesFail
166615946  1 1 PASS
172517058  1 1 PASS
172517058  2 0 newMesBelowThresh
172517058  3 0 newMesShrink
172517058  4 0 AltDetFail
172529247  1 0 ChasesFail
172529744  1 1 PASS
172900634  1 1 PASS
172933154  1 1 PASS
172951986  1 0 ses2MesFail
172951986  2 0 ses2MesFail
172955627  1 0 AltDetFail
172955627  2 0 AltDetFail
173002290  1 1 PASS
173004464  1 0 ses2MesFail
188397025  1 0 ChasesFail
188512866  1 1 PASS
198181552  1 1 PASS
198187008  1 1 PASS
198212955  1 1 PASS
198241702  1 1 PASS
198242678  1 0 ses2MesFail
198242678  2 0 ses2MesFail
198280388  1 0 ChasesFail
198313291  1 0 AltDetFail
198313291  2 0 AltDetFail
198354443  1 0 AltDetFail
198354443  2 0 AltDetFail
198382838  1 0 ses2MesFail
198382838  2 0 ses2MesFail
198388252  1 0 ChasesFail
198388252  2 0 ses2MesFail
198390247  1 1 PASS
198408416  1 1 PASS
198408416  2 0 SecondaryOfPN_01
198416591  1 0 ses2MesFail
198457457  1 0 ses2MesFail
198507944  1 1 PASS
198507944  2 0 AltDetFail
198516864  1 1 PASS
198537349  1 1 PASS
198555959  1 1 PASS
198555959  2 0 SecondaryOfPN_01
199682037  1 0 AltDetFail
199682037  2 0 AltDetFail
199688409  1 0 AltDetFail
199688409  2 0 AltDetFail
199688472  1 1 PASS
199716496  1 0 AltDetFail
199716496  2 0 AltDetFail
202295392  1 0 ses2MesFail
202295392  2 0 ses2MesFail
202295392  3 0 ses2MesFail
202295392  4 0 SecondaryOfPN_02
202424768  1 0 ses2MesFail
202427220  1 0 ses2MesFail
202442974  1 0 ses2MesFail
202442974  2 0 ses2MesFail
202442982  1 1 PASS
202467266  1 1 PASS
202490797  1 1 PASS
202509442  1 0 ses2MesFail
207384197  1 0 ChasesFail
219016721  1 1 PASS
219016721  2 0 SecondaryOfPN_01
219096494  1 1 PASS
219107776  1 0 AltDetFail
219109908  1 0 AltDetFail
219109908  2 0 AltDetFail
219428571  1 0 ses2MesFail
219435542  1 1 PASS
219435542  2 0 newMesBelowThresh
219436394  1 1 PASS
219461569  1 1 PASS
219738202  1 0 AltDetFail
219738202  2 0 AltDetFail
219741079  1 1 PASS
219750638  1 1 PASS
219750638  2 0 ChasesFail
219750638  3 0 AltDetFail
219751969  1 1 PASS
219751969  2 0 AltDetFail
219765652  1 1 PASS
219765652  2 0 AltDetFail
219771660  1 1 PASS
219771690  1 0 ChasesFail
219811129  1 1 PASS
219857012  1 1 PASS
219859691  1 1 PASS
219859691  2 0 AltDetFail
219878540  1 1 PASS
224297258  1 1 PASS
224608234  1 0 newMesBelowThresh
229400643  1 1 PASS
229400643  2 0 AltDetFail
229438448  1 0 ses2MesFail
229451118  1 0 ChasesFail
229461186  1 0 ChasesFail
229476285  1 1 PASS
229480487  1 0 ses2MesFail
229487733  1 1 PASS
229495981  1 1 PASS
229585356  1 0 AltDetFail
229585356  2 0 AltDetFail
229585365  1 1 PASS
229585542  1 1 PASS
229588059  1 0 ses2MesFail
229640059  1 0 ses2MesFail
229687624  1 1 PASS
229706827  1 1 PASS
229706853  1 1 PASS
229770036  1 1 PASS
229771234  1 0 AltDetFail
229776076  1 0 ses2MesFail
229776076  2 0 ses2MesFail
229776076  3 0 ses2MesFail
229776076  4 0 ses2MesFail
229776076  5 0 newMesBelowThresh
229779790  1 1 PASS
229783705  1 0 ChasesFail
229790589  1 0 ses2MesFail
229791903  1 1 PASS
229791903  2 0 ses2MesFail
229796245  1 0 ses2MesFail
229910746  1 1 PASS
229913521  1 0 ChasesFail
229914020  1 1 PASS
229914020  2 0 SecondaryOfPN_01
229914020  3 0 AltDetFail
229938290  1 1 PASS
229944188  1 1 PASS
229945262  1 0 ChasesFail
229975095  1 1 PASS
229977459  1 0 ses2MesFail
230005512  1 0 ChasesFail
230017324  1 1 PASS
230023734  1 1 PASS
230028967  1 1 PASS
230063769  1 1 PASS
230065962  1 0 ses2MesFail
230079674  1 0 ses2MesFail
230086683  1 0 ses2MesFail
230086768  1 0 ses2MesFail
230087102  1 0 ses2MesFail
230088370  1 0 ses2MesFail
230114503  1 1 PASS
230114503  2 0 SecondaryOfPN_01
230125546  1 0 ses2MesFail
230127302  1 1 PASS
230127302  2 1 PASS
230131630  1 0 ses2MesFail
230133404  1 1 PASS
230136846  1 1 PASS
230386284  1 1 PASS
230386284  2 0 SecondaryOfPN_01
232540264  1 1 PASS
232612416  1 1 PASS
232628654  1 0 ses2MesFail
232628654  2 0 ses2MesFail
232629077  1 1 PASS
232629077  2 0 SecondaryOfPN_01
232633119  1 0 ses2MesFail
232634180  1 1 PASS
232634196  1 0 ses2MesFail
232634196  2 0 SecondaryOfPN_01
232649837  1 0 AltDetFail
232649837  2 0 AltDetFail
232649837  3 0 AltDetFail
232965249  1 1 PASS
232965249  2 0 SecondaryOfPN_01
232966768  1 0 ses2MesFail
232967440  1 1 PASS
232967666  1 1 PASS
232967666  2 0 SecondaryOfPN_01
232970737  1 1 PASS
232970737  2 0 AltDetFail
232976128  1 1 PASS
232977165  1 1 PASS
232977165  2 0 SecondaryOfPN_01
232985036  1 1 PASS
233051318  1 0 AltDetFail
233051318  2 0 AltDetFail
233074272  1 0 ses2MesFail
233079659  1 0 AltDetFail
233083183  1 1 PASS
233087860  1 1 PASS
233093251  1 0 ses2MesFail
233120979  1 1 PASS
233124538  1 0 AltDetFail
233124538  2 0 AltDetFail
233163632  1 0 newMesShrink
233168490  1 1 PASS
233195058  1 1 PASS
233195058  2 0 SecondaryOfPN_01
233207585  1 0 AltDetFail
233207585  2 0 AltDetFail
233208885  1 0 AltDetFail
233208885  2 0 AltDetFail
233211762  1 1 PASS
233211762  2 1 PASS
233532554  1 1 PASS
233532554  2 0 newMesShrink
233532554  3 0 newMesShrink
233541860  1 0 AltDetFail
233569141  1 0 ses2MesFail
233569141  2 0 SecondaryOfPN_01
233635280  1 1 PASS
233635280  2 0 AltDetFail
233635622  1 1 PASS
233679640  1 0 ses2MesFail
233679640  2 0 SecondaryOfPN_01
233679640  3 0 SecondaryOfPN_01
233681149  1 1 PASS
233684822  1 1 PASS
233689243  1 1 PASS
233720276  1 1 PASS
233720276  2 0 AltDetFail
233720276  3 0 AltDetFail
233735068  1 1 PASS
233738458  1 1 PASS
233739878  1 0 ses2MesFail
235718636  1 1 PASS
236714379  1 1 PASS
236766358  1 0 AltDetFail
236766358  2 0 AltDetFail
236776750  1 1 PASS
236776750  2 0 AltDetFail
236778955  1 0 ChasesFail
236778955  2 1 PASS
236778955  3 0 ses2MesFail
236865152  1 0 ses2MesFail
236876439  1 0 AltDetFail
236876439  2 0 AltDetFail
236887394  1 1 PASS
236973844  1 0 ses2MesFail
236973844  2 0 ses2MesFail
236996722  1 1 PASS
236996723  1 1 PASS
236996723  2 0 newMesBelowThresh
237200747  1 1 PASS
237200747  2 0 SecondaryOfPN_01
237222539  1 0 AltDetFail
237222539  2 0 AltDetFail
237222864  1 1 PASS
237277760  1 0 ses2MesFail
237277760  2 0 AltDetFail
237278994  1 1 PASS
239200286  1 0 ses2MesFail
239205079  1 0 ses2MesFail
241196395  1 1 PASS
243316446  1 0 AltDetFail
243316446  2 0 AltDetFail
251078595  1 0 AltDetFail
251079483  1 0 ses2MesFail
251079483  2 0 ses2MesFail
252470185  1 0 ses2MesFail
252479260  1 1 PASS
252791409  1 1 PASS
252791409  2 0 ses2MesFail
252794978  1 1 PASS
252801466  1 0 AltDetFail
252801466  2 0 AltDetFail
252801466  3 0 AltDetFail
256324377  1 1 PASS
256327585  1 1 PASS
256327585  2 0 SecondaryOfPN_01
256368884  1 1 PASS
256368884  2 0 SecondaryOfPN_01
256512446  1 1 PASS
256512446  2 0 SecondaryOfPN_01
256516343  1 0 ses2MesFail
257022766  1 1 PASS
257023157  1 1 PASS
258351350  1 1 PASS
258351350  2 0 AltDetFail
258771803  1 0 ses2MesFail
258773798  1 0 ChasesFail
258773798  2 0 AltDetFail
258777137  1 1 PASS
258799793  1 0 AltDetFail
258799793  2 0 AltDetFail
258799793  3 0 AltDetFail
258826816  1 0 ses2MesFail
259006174  1 1 PASS
259006185  1 1 PASS
259006185  2 0 SecondaryOfPN_01
259126645  1 1 PASS
259126645  2 0 newMesShrink
263635510  1 1 PASS
263968694  1 1 PASS
263968694  2 0 AltDetFail
267543197  1 1 PASS
267543197  2 0 ses2MesFail
269696438  1 1 PASS
269701147  1 1 PASS
270491865  1 0 AltDetFail
270491865  2 0 AltDetFail
270491910  1 0 AltDetFail
270491910  2 0 AltDetFail
272650576  1 1 PASS
272650576  2 0 ses2MesFail
272669886  1 1 PASS
272669886  2 0 SecondaryOfPN_01
272672133  1 1 PASS
272705043  1 0 ses2MesFail
272781956  1 0 ses2MesFail
272781956  2 0 SecondaryOfPN_01
272781956  3 0 AltDetFail
272781956  4 0 AltDetFail
272785770  1 1 PASS
272785770  2 0 ses2MesFail
280031832  1 1 PASS
280033918  1 0 AltDetFail
280033934  1 0 ses2MesFail
280163882  1 1 PASS
282925798  1 1 PASS
284358867  1 0 ChasesFail
284660677  1 0 newMesShrink
284661050  1 1 PASS
284867505  1 0 ChasesFail
284891601  1 1 PASS
284891601  2 0 AltDetFail
284892951  1 1 PASS
284892951  2 0 SecondaryOfPN_01
284929250  1 0 ses2MesFail
284993556  1 1 PASS
285006158  1 1 PASS
286750366  1 0 AltDetFail
286750366  2 0 AltDetFail
286750366  3 0 AltDetFail
287085893  1 0 AltDetFail
287085893  2 0 AltDetFail
287085893  3 0 AltDetFail
287095354  1 1 PASS
287095354  2 0 AltDetFail
287151976  1 1 PASS
287196418  1 1 PASS
287225295  1 1 PASS
288132261  1 1 PASS
288268554  1 1 PASS
288299534  1 0 ChasesFail
288312840  1 1 PASS
288312840  2 0 SecondaryOfPN_01
288312840  3 0 AltDetFail
288313416  1 0 ses2MesFail
288317543  1 1 PASS
288317543  2 0 SecondaryOfPN_01
288344202  1 0 ses2MesFail
288347732  1 1 PASS
288471108  1 1 PASS
288471108  2 0 SecondaryOfPN_01
288507910  1 1 PASS
288735205  1 1 PASS
289716926  1 0 AltDetFail
289716926  2 0 AltDetFail
289716926  3 0 AltDetFail
289722957  1 0 ses2MesFail
289722957  2 0 SecondaryOfPN_01
289722957  3 0 AltDetFail
289722957  4 0 AltDetFail
290030574  1 1 PASS
290030574  2 0 SecondaryOfPN_01
290030574  3 0 AltDetFail
290030574  4 0 AltDetFail
293617835  1 1 PASS
293630845  1 0 ses2MesFail
298666530  1 0 ses2MesFail
302331347  1 0 AltDetFail
302584473  1 0 ses2MesFail
302668828  1 1 PASS
302697237  1 0 ses2MesFail
302699294  1 1 PASS
302756911  1 0 ses2MesFail
307907420  1 1 PASS
307907698  1 0 ses2MesFail
307913606  1 0 ses2MesFail
307952067  1 0 ses2MesFail
308015218  1 1 PASS
308015218  2 0 SecondaryOfPN_01
308015218  3 0 SecondaryOfPN_01
308015513  1 1 PASS
308015513  2 0 SecondaryOfPN_01
308015513  3 0 newMesShrink
309764533  1 1 PASS
310994603  1 1 PASS
310994603  2 0 SecondaryOfPN_01
310994603  3 0 SecondaryOfPN_01
311188656  1 1 PASS
311577797  1 0 ses2MesFail
311578368  1 0 newMesShrink
313110473  1 0 ChasesFail
316450573  1 0 ses2MesFail
316450573  2 0 SecondaryOfPN_01
318210930  1 0 AltDetFail
318216732  1 0 ses2MesFail
318217844  1 0 ses2MesFail
318217844  2 0 SecondaryOfPN_01
318230704  1 0 ses2MesFail
318230704  2 0 SecondaryOfPN_01
318275789  1 0 ChasesFail
318290913  1 1 PASS
318290913  2 0 ses2MesFail
318292329  1 0 ses2MesFail
318357083  1 1 PASS
318357083  2 0 SecondaryOfPN_01
320321284  1 0 ses2MesFail
320323992  1 0 AltDetFail
320323992  2 0 AltDetFail
328586949  1 0 ses2MesFail
328933398  1 0 ChasesFail
329000598  1 0 ChasesFail
329246824  1 1 PASS
329246824  2 0 AltDetFail
329248002  1 1 PASS
329289186  1 1 PASS
330753460  1 1 PASS
330795464  1 1 PASS
331946878  1 0 ses2MesFail
331947033  1 1 PASS
331947033  2 0 SecondaryOfPN_01
332064670  1 1 PASS
332146607  1 0 ses2MesFail
334637014  1 0 ses2MesFail
349793842  1 0 ChasesFail
349827430  1 1 PASS
353780788  1 0 AltDetFail
353780788  2 0 AltDetFail
353854078  1 0 ses2MesFail
353854078  2 1 PASS
353854078  3 1 PASS
353854078  4 0 ses2MesFail
353894978  1 1 PASS
353898013  1 0 ses2MesFail
353939279  1 0 ses2MesFail
353939279  2 0 SecondaryOfPN_01
353939279  3 0 AltDetFail
353989471  1 1 PASS
355175840  1 0 ses2MesFail
355175842  1 0 ses2MesFail
355817287  1 0 ses2MesFail
355867695  1 1 PASS
355867695  2 1 PASS
355868825  1 1 PASS
355921170  1 0 AltDetFail
356015357  1 1 PASS
356015357  2 0 SecondaryOfPN_01
356015361  1 1 PASS
356015361  2 0 SecondaryOfPN_01
356108698  1 0 ChasesFail
356109646  1 1 PASS
356150515  1 1 PASS
356150515  2 0 AltDetFail
356340346  1 0 ses2MesFail
356340346  2 0 ses2MesFail
356630364  1 0 AltDetFail
356632361  1 1 PASS
356820646  1 1 PASS
356820646  2 0 AltDetFail
356867115  1 1 PASS
356896550  1 0 AltDetFail
356896561  1 1 PASS
357032546  1 0 ses2MesFail
357045188  1 0 ses2MesFail
357045189  1 0 ses2MesFail
357050556  1 0 AltDetFail
357050556  2 0 AltDetFail
357132618  1 0 AltDetFail
357132618  2 0 AltDetFail
357132618  3 0 AltDetFail
357133493  1 1 PASS
358613523  1 1 PASS
358613523  2 0 AltDetFail
359313701  1 0 ses2MesFail
359496368  1 1 PASS
359497418  1 1 PASS
359497418  2 0 SecondaryOfPN_01
359552377  1 1 PASS
359631482  1 0 AltDetFail
359631482  2 0 AltDetFail
359631482  3 0 AltDetFail
359675849  1 1 PASS
359675849  2 0 SecondaryOfPN_01
359676320  1 0 AltDetFail
359677968  1 0 ses2MesFail
359677968  2 0 ses2MesFail
359677968  3 0 ChasesFail
359677968  4 0 ses2MesFail
359677968  5 0 AltDetFail
359678111  1 1 PASS
360020172  1 0 ses2MesFail
360020620  1 0 ses2MesFail
361921076  1 1 PASS
362025009  1 0 ses2MesFail
362104293  1 0 ses2MesFail
362259855  1 0 AltDetFail
365936982  1 1 PASS
365936982  2 0 SecondaryOfPN_01
366488318  1 0 AltDetFail
366488770  1 0 AltDetFail
366488770  2 0 AltDetFail
366491189  1 0 ses2MesFail
367681735  1 0 AltDetFail
367681735  2 0 AltDetFail
367737788  1 1 PASS
372680934  1 0 ChasesFail
372758722  1 1 PASS
372758722  2 0 SecondaryOfPN_01
372759279  1 1 PASS
372759279  2 0 SecondaryOfPN_01
372759279  3 0 AltDetFail
376882111  1 1 PASS
377190161  1 1 PASS
377190161  2 0 newMesShrink
377190161  3 0 newMesBelowThresh
377253090  1 0 AltDetFail
377253090  2 0 AltDetFail
377307592  1 1 PASS
377307592  2 1 PASS
383676981  1 1 PASS
389916225  1 1 PASS
389916225  2 0 AltDetFail
390021728  1 0 ses2MesFail
392536805  1 1 PASS
392536812  1 0 AltDetFail
394030788  1 0 ses2MesFail
399788405  1 1 PASS
399788405  2 0 AltDetFail
406758816  1 0 ChasesFail
406758816  2 0 ChasesFail
406758816  3 0 ses2MesFail
406758816  4 0 ses2MesFail
406781370  1 0 AltDetFail
406929271  1 0 ses2MesFail
406929271  2 1 PASS
414967324  1 1 PASS
417735733  1 1 PASS
417839594  1 0 ses2MesFail
417931607  1 1 PASS
420110967  1 1 PASS
420114772  1 1 PASS
420114772  2 0 SecondaryOfPN_01
420137341  1 1 PASS
420137341  2 0 SecondaryOfPN_01
424461577  1 0 AltDetFail
441716054  1 0 AltDetFail
441717812  1 0 ses2MesFail
441720075  1 0 ChasesFail
441732151  1 1 PASS
441739020  1 0 ses2MesFail
441739153  1 1 PASS
441739153  2 0 SecondaryOfPN_01
441792937  1 0 ses2MesFail
441804674  1 0 ChasesFail
441804674  2 0 ses2MesFail
441804674  3 0 SecondaryOfPN_02
441807438  1 1 PASS
441808796  1 1 PASS
445829772  1 0 AltDetFail
445829772  2 0 AltDetFail
445836238  1 1 PASS
445836238  2 0 SecondaryOfPN_01
446127290  1 0 AltDetFail
446127290  2 0 AltDetFail
450330606  1 0 ses2MesFail
453428902  1 1 PASS
453431591  1 1 PASS
453431591  2 0 SecondaryOfPN_01
456334158  1 0 AltDetFail
456334158  2 0 AltDetFail
457138169  1 1 PASS
457139088  1 1 PASS
457139088  2 0 SecondaryOfPN_01
458461293  1 1 PASS
458461293  2 0 SecondaryOfPN_01
458478250  1 1 PASS
458479571  1 0 ses2MesFail
458481461  1 1 PASS
458481461  2 0 SecondaryOfPN_01
459222932  1 1 PASS
459789367  1 1 PASS
459789367  2 0 ChasesFail
459789367  3 0 AltDetFail
459978466  1 1 PASS
459978466  2 0 AltDetFail
462546387  1 1 PASS
467179528  1 1 PASS
467181063  1 1 PASS
471015375  1 0 ses2MesFail
840320279  1 0 ses2MesFail
1102432419  1 0 ChasesFail
1400770435  1 1 PASS
1400770435  2 0 SecondaryOfPN_01
1551660228  1 1 PASS
