 17563811  1 0 AltDetFail
  8417276  1 0 AltDetFail
 17619748  1 0 ses2MesFail
  8444713  1 1 PASS
 17568668  1 1 PASS
 17568668  2 0 AltDetFail
 17568668  3 0 AltDetFail
  8592033  1 0 ses2MesFail
  8592033  2 0 SecondaryOfPN_01
  8592033  3 0 SecondaryOfPN_01
  8592033  4 0 SecondaryOfPN_01
 20182165  1 1 PASS
  8624617  1 1 PASS
  8624617  2 0 SecondaryOfPN_01
  8624617  3 0 SecondaryOfPN_01
 20212631  1 0 AltDetFail
  8676350  1 0 ses2MesFail
 20215452  1 1 PASS
 20215452  2 0 AltDetFail
  9036901  1 1 PASS
 20239565  1 1 PASS
  9094160  1 0 ses2MesFail
 20291519  1 1 PASS
 11996814  1 1 PASS
 20299889  1 1 PASS
 20299889  2 1 PASS
 20299889  3 1 PASS
 12790306  1 0 AltDetFail
 24056288  1 0 ChasesFail
 13037534  1 0 ses2MesFail
 24077469  1 1 PASS
 24077469  2 0 AltDetFail
 13212836  1 1 PASS
 24233201  1 0 AltDetFail
 24233201  2 0 AltDetFail
 13389059  1 1 PASS
 25922520  1 0 AltDetFail
 25922520  2 0 AltDetFail
 16331062  1 0 ses2MesFail
 25922517  1 0 AltDetFail
 25922517  2 0 AltDetFail
 16878833  1 0 ses2MesFail
 26568753  1 1 PASS
 16884216  1 1 PASS
 26801525  1 1 PASS
 26801525  2 0 SecondaryOfPN_01
 26801525  3 0 newMesBelowThresh
 26801525  4 0 newMesShrink
 26801525  5 0 newMesBelowThresh
 26801525  6 0 AltDetFail
 17092926  1 0 ChasesFail
 26994998  1 0 AltDetFail
 26994998  2 0 AltDetFail
 26994998  3 0 AltDetFail
 17408171  1 1 PASS
 28290956  1 1 PASS
 28290956  2 0 SecondaryOfPN_01
 17408570  1 0 ses2MesFail
 28346663  1 1 PASS
 17467989  1 1 PASS
 29261635  1 0 ses2MesFail
 17468122  1 1 PASS
 17468122  2 0 SecondaryOfPN_01
 29264049  1 1 PASS
 29264049  2 0 AltDetFail
 17539192  1 0 AltDetFail
 29287800  1 1 PASS
 29287800  2 0 AltDetFail
 17542164  1 0 ses2MesFail
 24233294  1 1 PASS
 24233294  2 0 AltDetFail
 25389769  1 1 PASS
 25389769  2 0 AltDetFail
 29395460  1 0 ses2MesFail
 29395983  1 0 AltDetFail
 39826778  1 1 PASS
 39826778  2 0 SecondaryOfPN_01
 39826778  3 0 AltDetFail
 39903405  1 1 PASS
 39903672  1 1 PASS
 39903672  2 0 SecondaryOfPN_01
 40050637  1 1 PASS
 40050637  2 0 SecondaryOfPN_01
 41694016  1 1 PASS
 41694016  2 0 AltDetFail
 41699736  1 0 AltDetFail
 41699736  2 0 AltDetFail
 41713776  1 0 AltDetFail
 43273020  1 1 PASS
 43275348  1 1 PASS
 51955546  1 1 PASS
 51955546  2 0 SecondaryOfPN_01
 51960132  1 0 ses2MesFail
 51960132  2 1 PASS
 51961599  1 0 ChasesFail
 52041724  1 0 ses2MesFail
 52183206  1 0 ses2MesFail
 52183206  2 0 ses2MesFail
 52183206  3 0 ses2MesFail
 52346658  1 1 PASS
 53708889  1 0 ses2MesFail
 53713272  1 1 PASS
 53963396  1 1 PASS
 53963396  2 0 SecondaryOfPN_01
 53964985  1 0 ses2MesFail
 57160012  1 0 ChasesFail
 57229803  1 1 PASS
 57229803  2 0 SecondaryOfPN_01
 57232909  1 1 PASS
 57256934  1 1 PASS
 57256934  2 0 SecondaryOfPN_01
 57257905  1 1 PASS
 57258016  1 0 ses2MesFail
 57297550  1 1 PASS
 57297550  2 0 SecondaryOfPN_01
 57297550  3 0 AltDetFail
 57332272  1 1 PASS
 57332272  2 0 AltDetFail
 64951042  1 0 ses2MesFail
 65103962  1 1 PASS
 65103962  2 0 SecondaryOfPN_01
 65103962  3 0 AltDetFail
 65103962  4 0 AltDetFail
 65103962  5 0 AltDetFail
 65370702  1 1 PASS
 65628544  1 0 ses2MesFail
 65628544  2 0 ses2MesFail
 67707406  1 1 PASS
 67707406  2 0 ses2MesFail
 67707714  1 1 PASS
 67707714  2 0 AltDetFail
 67813700  1 1 PASS
 67813700  2 0 AltDetFail
 68873454  1 0 AltDetFail
 68873454  2 0 AltDetFail
 68901227  1 0 AltDetFail
 68901798  1 1 PASS
 68901798  2 0 SecondaryOfPN_01
 72766296  1 0 AltDetFail
 83222019  1 1 PASS
 83222019  2 0 SecondaryOfPN_01
 83905462  1 1 PASS
 83905462  2 0 SecondaryOfPN_01
 83905462  3 0 newMesBelowThresh
 83905462  4 0 newMesBelowThresh
 83905462  5 0 newMesBelowThresh
105769104  1 0 AltDetFail
105769104  2 0 AltDetFail
115265695  1 0 newMesShrink
115288764  1 1 PASS
115288764  2 0 SecondaryOfPN_01
115411787  1 0 ses2MesFail
115412010  1 0 AltDetFail
115412010  2 0 AltDetFail
115450693  1 0 AltDetFail
115450700  1 1 PASS
115450700  2 0 AltDetFail
115507313  1 1 PASS
115507313  2 0 AltDetFail
115510020  1 0 ses2MesFail
116380226  1 1 PASS
116380226  2 0 SecondaryOfPN_01
116386125  1 0 ChasesFail
116483514  1 1 PASS
116483734  1 1 PASS
116484192  1 0 AltDetFail
116502572  1 1 PASS
116503129  1 0 AltDetFail
116520408  1 0 AltDetFail
138256097  1 0 AltDetFail
138256097  2 0 AltDetFail
138256675  1 0 AltDetFail
138256675  2 0 AltDetFail
138294130  1 1 PASS
148821221  1 0 ses2MesFail
148821221  2 0 ses2MesFail
155968973  1 1 PASS
155998626  1 1 PASS
155998626  2 0 AltDetFail
156000373  1 0 ses2MesFail
156007854  1 0 ses2MesFail
156007854  2 0 ses2MesFail
156067195  1 1 PASS
156072994  1 1 PASS
156074324  1 1 PASS
156074324  2 0 SecondaryOfPN_01
156074324  3 0 ses2MesFail
156080156  1 0 ses2MesFail
157376436  1 1 PASS
157376469  1 1 PASS
157968186  1 1 PASS
157968186  2 0 newMesShrink
157968186  3 0 AltDetFail
158016784  1 1 PASS
158016784  2 0 ChasesFail
158021863  1 0 ses2MesFail
159228274  1 0 AltDetFail
159228274  2 0 AltDetFail
159781361  1 1 PASS
159854358  1 1 PASS
159854358  2 0 AltDetFail
159854359  1 0 AltDetFail
159939533  1 0 AltDetFail
159940256  1 1 PASS
159940256  2 1 PASS
159940256  3 0 ses2MesFail
159981348  1 0 AltDetFail
159981348  2 0 AltDetFail
159983399  1 0 AltDetFail
160585813  1 1 PASS
160603897  1 1 PASS
160603897  2 0 SecondaryOfPN_01
160603897  3 0 AltDetFail
160618494  1 1 PASS
160618494  2 0 SecondaryOfPN_01
161685680  1 1 PASS
161687311  1 0 AltDetFail
161687311  2 0 AltDetFail
161725464  1 0 ses2MesFail
161725464  2 0 ses2MesFail
161725464  3 1 PASS
161744580  1 1 PASS
161744580  2 0 SecondaryOfPN_01
161826736  1 1 PASS
161826736  2 0 ses2MesFail
162689341  1 1 PASS
162694128  1 1 PASS
165531514  1 1 PASS
188540681  1 0 ses2MesFail
188577245  1 0 ses2MesFail
188589164  1 1 PASS
188590080  1 1 PASS
188590080  2 0 SecondaryOfPN_01
188766090  1 0 AltDetFail
188768068  1 1 PASS
188816152  1 1 PASS
188816156  1 1 PASS
188816156  2 0 SecondaryOfPN_01
188816156  3 0 AltDetFail
193515431  1 0 AltDetFail
193515431  2 0 AltDetFail
193553960  1 0 ses2MesFail
193558733  1 0 AltDetFail
193948188  1 1 PASS
193948188  2 0 SecondaryOfPN_01
193971913  1 1 PASS
193971913  2 0 SecondaryOfPN_01
193994472  1 1 PASS
193994472  2 0 SecondaryOfPN_01
198178105  1 0 ChasesFail
198178105  2 0 ChasesFail
198178105  3 1 PASS
198181552  1 1 PASS
198181553  1 1 PASS
198183610  1 0 ses2MesFail
198183610  2 1 PASS
198183610  3 1 PASS
198187008  1 0 ses2MesFail
198213332  1 1 PASS
198242676  1 0 ses2MesFail
198242676  2 0 ses2MesFail
198242676  3 0 SecondaryOfPN_01
198242678  1 0 ses2MesFail
198242678  2 0 ses2MesFail
198242678  3 0 SecondaryOfPN_01
198313291  1 0 AltDetFail
198313291  2 0 AltDetFail
198354443  1 1 PASS
198354443  2 0 AltDetFail
198358825  1 0 ses2MesFail
198366673  1 1 PASS
198366673  2 0 SecondaryOfPN_01
198382308  1 1 PASS
198389292  1 0 ses2MesFail
198390707  1 0 AltDetFail
198390707  2 0 AltDetFail
198408416  1 1 PASS
198408416  2 0 AltDetFail
198410119  1 0 AltDetFail
198410462  1 0 AltDetFail
198410480  1 1 PASS
198410480  2 0 SecondaryOfPN_01
198410480  3 0 AltDetFail
198420098  1 1 PASS
198457251  1 1 PASS
198457251  2 0 AltDetFail
198457457  1 0 ChasesFail
198458462  1 1 PASS
198537349  1 1 PASS
198537783  1 0 ses2MesFail
198555959  1 1 PASS
198555959  2 0 SecondaryOfPN_01
198557730  1 0 ses2MesFail
198560607  1 1 PASS
198560607  2 0 ses2MesFail
198560607  3 0 ses2MesFail
198584097  1 0 newMesBelowThresh
198588220  1 1 PASS
199547911  1 0 ses2MesFail
199574208  1 1 PASS
199574208  2 0 newMesBelowThresh
199574208  3 0 newMesShrink
199574211  1 1 PASS
199574211  2 0 newMesBelowThresh
199574211  3 0 AltDetFail
199574211  4 0 AltDetFail
199612934  1 1 PASS
199612934  2 0 AltDetFail
199632300  1 0 AltDetFail
199632300  2 0 AltDetFail
199632300  3 0 AltDetFail
199662929  1 1 PASS
199662929  2 0 SecondaryOfPN_01
199662939  1 1 PASS
199667092  1 1 PASS
199682033  1 0 AltDetFail
199682033  2 0 AltDetFail
199682037  1 0 AltDetFail
199682037  2 0 AltDetFail
199708835  1 1 PASS
199708835  2 0 SecondaryOfPN_01
199709055  1 1 PASS
199715197  1 0 AltDetFail
207425203  1 1 PASS
207436278  1 0 ChasesFail
207436278  2 0 ChasesFail
207493152  1 1 PASS
207496306  1 0 AltDetFail
207496306  2 0 AltDetFail
207496824  1 0 ChasesFail
207496824  2 0 AltDetFail
219092860  1 0 ses2MesFail
219095755  1 1 PASS
219096494  1 1 PASS
219107776  1 1 PASS
219107776  2 0 AltDetFail
219109908  1 0 AltDetFail
219474870  1 1 PASS
219474870  2 0 SecondaryOfPN_01
219494344  1 0 AltDetFail
219501568  1 1 PASS
219508169  1 1 PASS
219508169  2 1 PASS
219517559  1 1 PASS
219518400  1 0 ses2MesFail
219738202  1 0 AltDetFail
219738202  2 0 AltDetFail
219738222  1 0 AltDetFail
219740742  1 1 PASS
219740742  2 0 AltDetFail
219742325  1 1 PASS
219742325  2 0 SecondaryOfPN_01
219750638  1 1 PASS
219750638  2 0 ses2MesFail
219750638  3 0 ses2MesFail
219750638  4 0 ChasesFail
219751969  1 1 PASS
219751969  2 0 AltDetFail
219762508  1 1 PASS
219765652  1 1 PASS
219765652  2 0 AltDetFail
219771660  1 1 PASS
219777401  1 1 PASS
219780464  1 1 PASS
219790151  1 0 ses2MesFail
219811129  1 1 PASS
219819617  1 1 PASS
219819617  2 0 SecondaryOfPN_01
219821826  1 1 PASS
219840749  1 1 PASS
219840749  2 0 AltDetFail
219840749  3 0 AltDetFail
219843981  1 0 AltDetFail
219843981  2 0 AltDetFail
219843981  3 0 AltDetFail
219850915  1 1 PASS
219851943  1 0 AltDetFail
219851943  2 0 AltDetFail
219852584  1 1 PASS
219854185  1 1 PASS
219857012  1 1 PASS
219859691  1 1 PASS
219859691  2 0 AltDetFail
219865181  1 1 PASS
219865181  2 0 SecondaryOfPN_01
219879302  1 1 PASS
219882262  1 1 PASS
219892705  1 1 PASS
219893380  1 0 ses2MesFail
219900027  1 1 PASS
219900027  2 0 AltDetFail
219900027  3 0 AltDetFail
224307602  1 1 PASS
224308601  1 1 PASS
224308601  2 0 SecondaryOfPN_01
224308601  3 0 AltDetFail
224595426  1 1 PASS
224595426  2 0 AltDetFail
224602502  1 0 AltDetFail
224602502  2 0 AltDetFail
224606205  1 1 PASS
224606205  2 0 AltDetFail
229400092  1 1 PASS
229400643  1 0 AltDetFail
229400643  2 0 AltDetFail
229406488  1 0 ses2MesFail
229434204  1 0 ses2MesFail
229443132  1 1 PASS
229446477  1 1 PASS
229465075  1 1 PASS
229480555  1 0 ses2MesFail
229481183  1 1 PASS
229487005  1 1 PASS
229487733  1 1 PASS
229489511  1 1 PASS
229490898  1 1 PASS
229495981  1 1 PASS
229503517  1 1 PASS
229510628  1 1 PASS
229510628  2 0 SecondaryOfPN_01
229510866  1 1 PASS
229573710  1 0 AltDetFail
229573710  2 0 AltDetFail
229574347  1 0 ChasesFail
229585356  1 0 AltDetFail
229585356  2 0 AltDetFail
229585356  3 0 AltDetFail
229585365  1 1 PASS
229585542  1 0 ses2MesFail
229585542  2 0 AltDetFail
229597404  1 1 PASS
229597404  2 0 SecondaryOfPN_01
229616860  1 1 PASS
229616860  2 0 SecondaryOfPN_01
229658137  1 0 AltDetFail
229675762  1 1 PASS
229687624  1 0 ses2MesFail
229689154  1 1 PASS
229689154  2 0 ses2MesFail
229715760  1 1 PASS
229740848  1 1 PASS
229741985  1 0 AltDetFail
229741985  2 0 AltDetFail
229741985  3 0 AltDetFail
229750058  1 1 PASS
229751802  1 0 AltDetFail
229751802  2 0 AltDetFail
229760134  1 1 PASS
229766985  1 1 PASS
229766985  2 0 AltDetFail
229770036  1 1 PASS
229771234  1 0 AltDetFail
229780215  1 1 PASS
229791084  1 1 PASS
229793100  1 0 ses2MesFail
229879444  1 0 newMesShrink
229879888  1 1 PASS
229910234  1 1 PASS
229910746  1 1 PASS
229913521  1 1 PASS
229914020  1 1 PASS
229914020  2 0 SecondaryOfPN_01
229975095  1 1 PASS
229979957  1 1 PASS
230007816  1 1 PASS
230016502  1 1 PASS
230017324  1 1 PASS
230024775  1 1 PASS
230024775  2 0 newMesBelowThresh
230050959  1 1 PASS
230073281  1 0 ses2MesFail
230079674  1 0 ses2MesFail
230086768  1 0 ses2MesFail
230087585  1 1 PASS
230088370  1 1 PASS
230113263  1 0 ChasesFail
230113327  1 1 PASS
230113327  2 0 ChasesFail
230113327  3 0 ses2MesFail
230113327  4 0 ses2MesFail
230113327  5 0 ChasesFail
230114503  1 1 PASS
230114503  2 0 SecondaryOfPN_01
230127302  1 1 PASS
230136846  1 1 PASS
230136846  2 0 SecondaryOfPN_01
230200897  1 0 ses2MesFail
230375747  1 1 PASS
230386284  1 1 PASS
230386284  2 0 SecondaryOfPN_01
230389303  1 1 PASS
230393824  1 1 PASS
230393824  2 0 SecondaryOfPN_01
230393824  3 0 AltDetFail
232568235  1 1 PASS
232570970  1 1 PASS
232573695  1 0 ses2MesFail
232612416  1 1 PASS
232617358  1 1 PASS
232617358  2 0 SecondaryOfPN_01
232629077  1 1 PASS
232629077  2 0 SecondaryOfPN_01
232632890  1 1 PASS
232633119  1 0 ses2MesFail
232633119  2 0 ChasesFail
232633677  1 0 AltDetFail
232633870  1 1 PASS
232633870  2 0 SecondaryOfPN_01
232633870  3 0 AltDetFail
232634180  1 1 PASS
232634196  1 1 PASS
232634196  2 0 SecondaryOfPN_01
232982938  1 1 PASS
232984544  1 0 AltDetFail
232984544  2 0 AltDetFail
232985036  1 1 PASS
233005602  1 0 ChasesFail
233005602  2 0 AltDetFail
233006012  1 1 PASS
233006806  1 1 PASS
233006806  2 0 SecondaryOfPN_01
233006806  3 0 SecondaryOfPN_01
233008502  1 0 ses2MesFail
233047097  1 1 PASS
233051157  1 1 PASS
233058262  1 0 ses2MesFail
233058265  1 0 ses2MesFail
233060434  1 1 PASS
233060434  2 0 newMesBelowThresh
233060434  3 0 AltDetFail
233068569  1 1 PASS
233078665  1 1 PASS
233079659  1 1 PASS
233079659  2 0 AltDetFail
233080133  1 0 AltDetFail
233087860  1 1 PASS
233120979  1 1 PASS
233124538  1 0 AltDetFail
233124538  2 0 AltDetFail
233193944  1 1 PASS
233193944  2 0 SecondaryOfPN_01
233195058  1 1 PASS
233195058  2 0 SecondaryOfPN_01
233207585  1 0 AltDetFail
233207585  2 0 AltDetFail
233208885  1 1 PASS
233208885  2 0 SecondaryOfPN_01
233208885  3 0 AltDetFail
233211762  1 1 PASS
233233639  1 0 AltDetFail
233233639  2 0 AltDetFail
233497719  1 1 PASS
233499061  1 1 PASS
233531814  1 1 PASS
233532220  1 0 ses2MesFail
233532554  1 0 ses2MesFail
233532554  2 1 PASS
233532554  3 0 SecondaryOfPN_02
233532554  4 0 newMesShrink
233539736  1 1 PASS
233541860  1 0 AltDetFail
233544995  1 0 AltDetFail
233569141  1 0 ses2MesFail
233576872  1 1 PASS
233580483  1 0 AltDetFail
233624874  1 0 ses2MesFail
233650330  1 1 PASS
233650330  2 0 AltDetFail
233679640  1 1 PASS
233681149  1 1 PASS
233684822  1 1 PASS
233689243  1 1 PASS
233720276  1 1 PASS
233720276  2 0 newMesShrink
233722938  1 1 PASS
233722938  2 0 SecondaryOfPN_01
233735068  1 1 PASS
233740210  1 1 PASS
233745344  1 0 ses2MesFail
235568228  1 0 newMesBelowThresh
235568605  1 1 PASS
235568605  2 0 ses2MesFail
235568605  3 0 ChasesFail
235683377  1 1 PASS
235905185  1 1 PASS
235930066  1 0 ses2MesFail
235945613  1 1 PASS
235945613  2 0 AltDetFail
235982927  1 1 PASS
235982927  2 0 SecondaryOfPN_01
235985439  1 1 PASS
236312126  1 1 PASS
236313673  1 1 PASS
236313673  2 0 AltDetFail
236317267  1 1 PASS
236327696  1 0 AltDetFail
236327696  2 0 AltDetFail
236333974  1 1 PASS
236333974  2 0 AltDetFail
236338880  1 0 AltDetFail
236338880  2 0 AltDetFail
236338880  3 0 AltDetFail
236387002  1 1 PASS
236392102  1 1 PASS
236714379  1 1 PASS
236757919  1 0 ses2MesFail
236761861  1 1 PASS
236766358  1 0 AltDetFail
236766358  2 0 AltDetFail
236776750  1 1 PASS
236776750  2 0 AltDetFail
236778355  1 0 ses2MesFail
236778955  1 0 ses2MesFail
236865152  1 0 ses2MesFail
236876439  1 0 AltDetFail
236876439  2 0 AltDetFail
236884425  1 0 ses2MesFail
236884425  2 0 AltDetFail
236887394  1 1 PASS
236973844  1 0 ChasesFail
236973844  2 0 SecondaryOfPN_01
237002414  1 1 PASS
237069277  1 1 PASS
237069277  2 0 SecondaryOfPN_01
237086564  1 1 PASS
237092476  1 0 AltDetFail
237092476  2 0 AltDetFail
237104103  1 1 PASS
237114978  1 1 PASS
237116860  1 1 PASS
237117591  1 1 PASS
237117591  2 0 SecondaryOfPN_01
237200747  1 1 PASS
237200747  2 0 SecondaryOfPN_01
237203014  1 0 ses2MesFail
237204998  1 0 AltDetFail
237204998  2 0 AltDetFail
237214311  1 0 ses2MesFail
237216990  1 1 PASS
237222539  1 0 AltDetFail
237222864  1 1 PASS
237229242  1 0 AltDetFail
237229242  2 0 AltDetFail
237234024  1 1 PASS
237234024  2 0 ses2MesFail
237277760  1 1 PASS
237278994  1 0 AltDetFail
237281398  1 1 PASS
237290473  1 1 PASS
237290473  2 0 SecondaryOfPN_01
243316446  1 0 AltDetFail
243335710  1 1 PASS
252005802  1 0 newMesBelowThresh
252005802  2 0 AltDetFail
255802749  1 1 PASS
255803942  1 0 ses2MesFail
255803944  1 0 ses2MesFail
255907472  1 0 ChasesFail
255908136  1 1 PASS
255908136  2 0 newMesShrink
255930614  1 1 PASS
255930827  1 1 PASS
255930827  2 0 AltDetFail
255930833  1 1 PASS
255930833  2 0 AltDetFail
255993777  1 0 AltDetFail
256298934  1 1 PASS
256298934  2 0 SecondaryOfPN_01
256298934  3 0 AltDetFail
256327585  1 0 ses2MesFail
256368884  1 1 PASS
256368884  2 0 SecondaryOfPN_01
256512446  1 1 PASS
256512446  2 0 SecondaryOfPN_01
256516208  1 1 PASS
256516343  1 0 ChasesFail
256562587  1 0 AltDetFail
256575818  1 1 PASS
256575818  2 0 AltDetFail
256581363  1 1 PASS
256581363  2 0 AltDetFail
256640561  1 1 PASS
256640561  2 0 AltDetFail
256746748  1 0 newMesBelowThresh
256797617  1 1 PASS
256797617  2 0 ChasesFail
256797617  3 0 AltDetFail
256865831  1 1 PASS
256865831  2 0 SecondaryOfPN_01
258108067  1 1 PASS
258177087  1 1 PASS
258177728  1 0 ses2MesFail
258177728  2 0 ses2MesFail
258177999  1 1 PASS
258177999  2 0 SecondaryOfPN_01
258351350  1 1 PASS
258351350  2 0 AltDetFail
258391911  1 1 PASS
258391911  2 0 SecondaryOfPN_01
258391911  3 0 AltDetFail
258509996  1 1 PASS
258510872  1 1 PASS
258548745  1 1 PASS
258773798  1 0 AltDetFail
258777137  1 1 PASS
258799793  1 0 AltDetFail
258799793  2 0 AltDetFail
258799793  3 0 AltDetFail
258871793  1 1 PASS
258918831  1 1 PASS
258918831  2 0 SecondaryOfPN_01
258918835  1 1 PASS
258923466  1 1 PASS
259003868  1 1 PASS
259003868  2 0 newMesShrink
259003868  3 0 ses2MesFail
259004297  1 0 AltDetFail
259004297  2 0 AltDetFail
259006185  1 1 PASS
259006185  2 0 SecondaryOfPN_01
259126549  1 1 PASS
259126645  1 1 PASS
259126645  2 0 AltDetFail
259237271  1 0 ses2MesFail
259880382  1 1 PASS
259880382  2 0 AltDetFail
259880382  3 0 AltDetFail
259880382  4 0 AltDetFail
259967623  1 1 PASS
263968694  1 1 PASS
263968694  2 0 SecondaryOfPN_01
264007205  1 1 PASS
264007205  2 0 newMesBelowThresh
264051559  1 1 PASS
264052522  1 0 ses2MesFail
264101177  1 0 ses2MesFail
264101177  2 1 PASS
264301570  1 1 PASS
264301570  2 0 SecondaryOfPN_01
265146266  1 1 PASS
265274458  1 1 PASS
265274458  2 0 SecondaryOfPN_01
267991825  1 1 PASS
268618498  1 1 PASS
268944966  1 0 AltDetFail
269238622  1 0 AltDetFail
269238993  1 0 ses2MesFail
269597554  1 1 PASS
269597554  2 1 PASS
269609504  1 1 PASS
269609504  2 0 ChasesFail
269609504  3 0 ses2MesFail
269609504  4 0 AltDetFail
269696438  1 1 PASS
269701147  1 1 PASS
270217681  1 1 PASS
270665642  1 1 PASS
270665642  2 0 SecondaryOfPN_01
270665642  3 0 AltDetFail
271241950  1 1 PASS
271529021  1 1 PASS
271529021  2 0 newMesBelowThresh
271529021  3 0 newMesBelowThresh
271529113  1 1 PASS
271529113  2 0 AltDetFail
271763731  1 1 PASS
272230783  1 1 PASS
272335628  1 0 ChasesFail
272335628  2 0 ses2MesFail
272532173  1 0 ses2MesFail
272532173  2 0 SecondaryOfPN_01
272539879  1 1 PASS
272539879  2 0 SecondaryOfPN_01
272539879  3 0 AltDetFail
272622914  1 1 PASS
272781956  1 1 PASS
272785770  1 0 ses2MesFail
272785770  2 0 ChasesFail
272822330  1 0 ses2MesFail
272822330  2 0 SecondaryOfPN_01
272922818  1 0 AltDetFail
272922818  2 0 AltDetFail
274238240  1 1 PASS
274238240  2 0 SecondaryOfPN_01
274509791  1 1 PASS
274509791  2 0 AltDetFail
274551602  1 1 PASS
274551602  2 0 SecondaryOfPN_01
274575202  1 1 PASS
274575202  2 0 SecondaryOfPN_01
274599035  1 1 PASS
274599035  2 0 AltDetFail
274676647  1 1 PASS
274722329  1 0 ses2MesFail
274945059  1 1 PASS
274969703  1 0 AltDetFail
275137629  1 0 ChasesFail
275259749  1 1 PASS
275259749  2 0 ChasesFail
275259749  3 0 SecondaryOfPN_01
275367529  1 1 PASS
275421792  1 1 PASS
275423476  1 1 PASS
276105596  1 1 PASS
279081935  1 1 PASS
279081935  2 0 SecondaryOfPN_01
279186939  1 1 PASS
279186939  2 0 SecondaryOfPN_01
279202406  1 1 PASS
279202406  2 0 ses2MesFail
279204281  1 1 PASS
279276210  1 1 PASS
279605117  1 1 PASS
279605117  2 0 ses2MesFail
280031832  1 1 PASS
280069113  1 0 ChasesFail
283640314  1 1 PASS
283640314  2 0 newMesBelowThresh
283722336  1 1 PASS
283722336  2 1 PASS
283819120  1 1 PASS
283819120  2 0 AltDetFail
283819432  1 0 AltDetFail
283819432  2 0 AltDetFail
283858338  1 0 ChasesFail
283869246  1 1 PASS
283870771  1 0 ses2MesFail
283939331  1 1 PASS
283939331  2 0 SecondaryOfPN_01
284268629  1 0 ses2MesFail
284268796  1 0 AltDetFail
284291780  1 0 AltDetFail
284291780  2 0 AltDetFail
284291780  3 0 AltDetFail
284291780  4 0 AltDetFail
284350181  1 0 ses2MesFail
284350181  2 0 ses2MesFail
284382014  1 0 AltDetFail
284382014  2 0 AltDetFail
284441182  1 1 PASS
284457791  1 1 PASS
284564211  1 1 PASS
284611896  1 1 PASS
284890361  1 0 ChasesFail
284890361  2 0 AltDetFail
284891601  1 0 AltDetFail
284925600  1 1 PASS
284925600  2 0 AltDetFail
284925600  3 0 AltDetFail
285122856  1 1 PASS
285122856  2 0 AltDetFail
285233646  1 1 PASS
285329872  1 0 AltDetFail
285339013  1 1 PASS
285339013  2 0 SecondaryOfPN_01
285339013  3 0 AltDetFail
286169068  1 0 AltDetFail
286169292  1 0 ChasesFail
286899254  1 0 ses2MesFail
286900208  1 1 PASS
286900208  2 0 AltDetFail
287085893  1 0 AltDetFail
287085893  2 0 AltDetFail
287151976  1 1 PASS
287151976  2 0 AltDetFail
288317543  1 1 PASS
288317543  2 0 SecondaryOfPN_01
288471108  1 1 PASS
288471108  2 0 SecondaryOfPN_01
288507910  1 1 PASS
288634843  1 0 ses2MesFail
288636342  1 0 ses2MesFail
288638170  1 0 ses2MesFail
288735205  1 1 PASS
289539327  1 1 PASS
298246821  1 1 PASS
298263094  1 1 PASS
298263094  2 0 ChasesFail
298264838  1 0 ChasesFail
298665328  1 1 PASS
298666530  1 1 PASS
298734307  1 0 AltDetFail
298734307  2 0 AltDetFail
305399324  1 1 PASS
305399325  1 1 PASS
305466425  1 1 PASS
305466425  2 0 newMesShrink
305466446  1 1 PASS
305680327  1 1 PASS
307915225  1 1 PASS
307956397  1 1 PASS
307957997  1 1 PASS
307986889  1 0 newMesBelowThresh
307986891  1 0 newMesShrink
309809572  1 0 AltDetFail
309809572  2 0 AltDetFail
309850275  1 0 ses2MesFail
310003988  1 1 PASS
310004006  1 0 AltDetFail
310169616  1 1 PASS
310169616  2 0 AltDetFail
310170268  1 1 PASS
310170268  2 0 SecondaryOfPN_01
310170498  1 1 PASS
310170499  1 0 ses2MesFail
310516902  1 1 PASS
310516902  2 0 newMesBelowThresh
310519261  1 0 AltDetFail
310519261  2 0 AltDetFail
311188656  1 1 PASS
311236477  1 1 PASS
312463442  1 0 ses2MesFail
313404695  1 0 ses2MesFail
313704601  1 1 PASS
314702305  1 1 PASS
315287999  1 0 AltDetFail
315287999  2 0 newMesBelowThresh
315287999  3 0 SecondaryOfPN_01
315296464  1 0 AltDetFail
315296464  2 0 AltDetFail
315810194  1 0 AltDetFail
316317026  1 1 PASS
316490067  1 1 PASS
317015040  1 1 PASS
317015040  2 0 ses2MesFail
317597583  1 1 PASS
319080825  1 0 AltDetFail
319512736  1 0 ses2MesFail
319916680  1 1 PASS
320268279  1 0 AltDetFail
320268279  2 0 AltDetFail
320323992  1 0 AltDetFail
320323992  2 0 AltDetFail
320333641  1 1 PASS
320333641  2 0 SecondaryOfPN_01
320377212  1 0 AltDetFail
320377212  2 0 AltDetFail
320380142  1 1 PASS
320524167  1 0 ses2MesFail
320524167  2 0 SecondaryOfPN_01
320524751  1 1 PASS
320524751  2 0 SecondaryOfPN_01
320524751  3 1 PASS
320603498  1 0 AltDetFail
321602098  1 1 PASS
321668398  1 1 PASS
321818578  1 0 ChasesFail
321857016  1 1 PASS
321864797  1 1 PASS
322054600  1 1 PASS
322055308  1 0 ses2MesFail
322055767  1 1 PASS
322129367  1 1 PASS
322208686  1 0 AltDetFail
322208686  2 0 AltDetFail
322208686  3 0 AltDetFail
322262620  1 1 PASS
322262620  2 0 ses2MesFail
322390461  1 1 PASS
322390461  2 0 SecondaryOfPN_01
323143096  1 0 ses2MesFail
323301918  1 1 PASS
323301918  2 0 SecondaryOfPN_01
323405243  1 1 PASS
323405243  2 0 AltDetFail
326149070  1 1 PASS
326149070  2 0 SecondaryOfPN_01
326257419  1 1 PASS
326257419  2 1 PASS
326257590  1 1 PASS
326257590  2 0 SecondaryOfPN_01
326257590  3 0 ses2MesFail
326257590  4 0 SecondaryOfPN_01
326257590  5 0 SecondaryOfPN_01
326630342  1 1 PASS
326630342  2 0 SecondaryOfPN_01
326630342  3 0 AltDetFail
326675379  1 0 AltDetFail
326675379  2 0 AltDetFail
326815804  1 0 AltDetFail
327121759  1 1 PASS
327121759  2 0 SecondaryOfPN_01
327121928  1 1 PASS
327121928  2 0 newMesBelowThresh
327583823  1 0 ses2MesFail
327583823  2 0 ses2MesFail
327583823  3 1 PASS
327583823  4 0 SecondaryOfPN_01
329118239  1 1 PASS
329118239  2 0 AltDetFail
329246824  1 1 PASS
329246824  2 0 AltDetFail
329248002  1 1 PASS
329249115  1 0 ChasesFail
330847328  1 1 PASS
334387369  1 0 ChasesFail
334637014  1 0 ChasesFail
335265326  1 1 PASS
335265326  2 0 SecondaryOfPN_01
335484090  1 0 ses2MesFail
335484090  2 0 ses2MesFail
335484090  3 0 ses2MesFail
335484090  4 0 SecondaryOfPN_01
335995445  1 1 PASS
336119914  1 0 ses2MesFail
336741253  1 1 PASS
336823975  1 1 PASS
337094559  1 1 PASS
337544122  1 1 PASS
337886863  1 1 PASS
337886863  2 0 SecondaryOfPN_01
338071673  1 0 AltDetFail
338071673  2 0 SecondaryOfPN_01
338071673  3 0 SecondaryOfPN_01
338159479  1 1 PASS
338159479  2 0 ChasesFail
338830718  1 1 PASS
338830718  2 0 newMesBelowThresh
338830718  3 0 newMesShrink
338830718  4 0 newMesShrink
338830718  5 0 AltDetFail
339003559  1 0 AltDetFail
340911048  1 0 AltDetFail
340911048  2 0 AltDetFail
340911048  3 0 AltDetFail
343320735  1 1 PASS
343328765  1 1 PASS
343328765  2 0 SecondaryOfPN_01
343409837  1 0 AltDetFail
343412488  1 1 PASS
343446989  1 0 ses2MesFail
343549114  1 1 PASS
343549114  2 0 ses2MesFail
343619359  1 0 newMesBelowThresh
343667351  1 0 AltDetFail
344769778  1 0 ses2MesFail
344943823  1 1 PASS
344943823  2 0 SecondaryOfPN_01
345324572  1 1 PASS
345588116  1 1 PASS
345600676  1 1 PASS
345600676  2 1 PASS
345600676  3 0 AltDetFail
345695940  1 1 PASS
345695940  2 0 AltDetFail
345788737  1 0 AltDetFail
345788737  2 0 AltDetFail
346599599  1 1 PASS
346599599  2 0 SecondaryOfPN_01
346599599  3 0 AltDetFail
346934659  1 1 PASS
346934659  2 0 SecondaryOfPN_01
350073391  1 0 ChasesFail
350131674  1 1 PASS
350132371  1 1 PASS
351876618  1 1 PASS
351876618  2 0 AltDetFail
352038375  1 0 ses2MesFail
352110251  1 1 PASS
352110251  2 0 SecondaryOfPN_01
352764091  1 1 PASS
352915304  1 1 PASS
352954787  1 1 PASS
352954787  2 0 SecondaryOfPN_01
353077789  1 1 PASS
353077789  2 0 SecondaryOfPN_01
353780788  1 0 AltDetFail
353780788  2 0 AltDetFail
353854078  1 0 ses2MesFail
353854078  2 0 ses2MesFail
353854078  3 0 SecondaryOfPN_01
353863850  1 1 PASS
353863850  2 0 AltDetFail
353894978  1 1 PASS
353898013  1 0 ses2MesFail
353939279  1 1 PASS
353939279  2 0 SecondaryOfPN_01
353939279  3 0 SecondaryOfPN_01
353989471  1 1 PASS
354119540  1 1 PASS
354119540  2 0 SecondaryOfPN_01
354246759  1 1 PASS
354246759  2 0 SecondaryOfPN_01
355792204  1 1 PASS
355793860  1 0 ChasesFail
355793860  2 0 ChasesFail
355793860  3 0 ses2MesFail
355999554  1 0 AltDetFail
356000389  1 0 AltDetFail
356000389  2 0 AltDetFail
356001283  1 0 AltDetFail
356001283  2 0 AltDetFail
356015357  1 1 PASS
356015357  2 0 SecondaryOfPN_01
356108440  1 1 PASS
356108440  2 0 AltDetFail
356150515  1 1 PASS
356150515  2 0 AltDetFail
356240274  1 1 PASS
356240274  2 0 AltDetFail
356340346  1 0 ses2MesFail
356632361  1 1 PASS
356701798  1 1 PASS
356820646  1 1 PASS
356867115  1 1 PASS
356896550  1 0 AltDetFail
356896561  1 1 PASS
356919658  1 1 PASS
356978132  1 0 ses2MesFail
357032546  1 0 ses2MesFail
357032546  2 0 AltDetFail
357045188  1 0 ChasesFail
357045189  1 0 ses2MesFail
357050556  1 0 AltDetFail
357050556  2 0 AltDetFail
357416482  1 1 PASS
357498249  1 0 ses2MesFail
357501308  1 1 PASS
358899709  1 0 ses2MesFail
358899721  1 0 ses2MesFail
358908226  1 1 PASS
359312795  1 1 PASS
359313701  1 0 ChasesFail
359313701  2 0 ses2MesFail
359343200  1 0 ChasesFail
359497418  1 1 PASS
359497418  2 0 SecondaryOfPN_01
359552286  1 1 PASS
359552286  2 0 SecondaryOfPN_01
359552286  3 0 AltDetFail
359552286  4 0 AltDetFail
359631418  1 1 PASS
359631418  2 0 newMesBelowThresh
359631418  3 0 newMesShrink
359631482  1 0 AltDetFail
359675849  1 1 PASS
359675849  2 0 SecondaryOfPN_01
359676320  1 0 AltDetFail
359677968  1 0 ses2MesFail
362103921  1 1 PASS
362104293  1 0 ses2MesFail
362226953  1 0 AltDetFail
362226953  2 0 AltDetFail
362226953  3 0 AltDetFail
362259855  1 1 PASS
362259855  2 0 SecondaryOfPN_01
364074479  1 1 PASS
364075921  1 0 ses2MesFail
364119315  1 1 PASS
364119315  2 0 AltDetFail
364119315  3 0 AltDetFail
364120439  1 1 PASS
364130065  1 0 ses2MesFail
364130065  2 0 ses2MesFail
364186087  1 1 PASS
364186197  1 1 PASS
364964726  1 1 PASS
365663227  1 1 PASS
365733349  1 1 PASS
366329064  1 1 PASS
366329064  2 0 SecondaryOfPN_01
366517337  1 1 PASS
366517381  1 1 PASS
366517381  2 0 SecondaryOfPN_01
366634379  1 0 AltDetFail
366634379  2 0 AltDetFail
366715078  1 1 PASS
366715078  2 0 AltDetFail
366721007  1 0 ses2MesFail
366761761  1 1 PASS
366761761  2 0 AltDetFail
366832364  1 0 AltDetFail
366918222  1 1 PASS
366972961  1 1 PASS
367359393  1 0 ses2MesFail
367681735  1 0 AltDetFail
367815306  1 0 ses2MesFail
367911750  1 0 AltDetFail
367911750  2 0 AltDetFail
368108303  1 1 PASS
368108303  2 0 SecondaryOfPN_01
368287008  1 1 PASS
368319105  1 0 ses2MesFail
368319105  2 0 SecondaryOfPN_01
368334916  1 0 ses2MesFail
368452480  1 0 AltDetFail
368736506  1 1 PASS
368917905  1 0 ses2MesFail
371480725  1 0 AltDetFail
371480725  2 0 AltDetFail
371989318  1 1 PASS
371991062  1 1 PASS
372207328  1 0 AltDetFail
372340793  1 1 PASS
372340793  2 0 SecondaryOfPN_01
372794922  1 1 PASS
373128383  1 0 ChasesFail
373128383  2 0 SecondaryOfPN_01
373128383  3 0 ChasesFail
373128383  4 0 ses2MesFail
373128383  5 0 ses2MesFail
373150657  1 1 PASS
373328406  1 1 PASS
373328406  2 0 SecondaryOfPN_01
373700639  1 0 ses2MesFail
373702832  1 1 PASS
373702832  2 0 SecondaryOfPN_01
375599392  1 1 PASS
375599392  2 0 SecondaryOfPN_01
375778687  1 1 PASS
375778687  2 0 AltDetFail
375778687  3 0 AltDetFail
375909109  1 0 ses2MesFail
376023519  1 0 ses2MesFail
376023519  2 0 AltDetFail
376499580  1 0 AltDetFail
376674429  1 0 ses2MesFail
376674429  2 0 ses2MesFail
376891083  1 0 ChasesFail
376891083  2 0 ses2MesFail
376891083  3 0 SecondaryOfPN_01
376891085  1 0 ses2MesFail
376891085  2 0 SecondaryOfPN_01
376963666  1 1 PASS
376963666  2 0 SecondaryOfPN_01
376963666  3 0 SecondaryOfPN_01
376997143  1 1 PASS
376997143  2 0 SecondaryOfPN_01
377055044  1 1 PASS
377055044  2 0 SecondaryOfPN_01
377190161  1 1 PASS
377190161  2 0 newMesShrink
377192659  1 1 PASS
377192659  2 0 newMesShrink
377253090  1 0 AltDetFail
377278259  1 1 PASS
377307592  1 1 PASS
377307592  2 0 AltDetFail
377662721  1 1 PASS
377662721  2 0 SecondaryOfPN_01
378042585  1 0 AltDetFail
378536210  1 0 AltDetFail
378536210  2 0 AltDetFail
378536210  3 0 AltDetFail
378584712  1 0 AltDetFail
379090553  1 0 ses2MesFail
379167988  1 1 PASS
383676981  1 1 PASS
387261279  1 0 ses2MesFail
387261279  2 0 SecondaryOfPN_01
387356770  1 1 PASS
387356770  2 0 SecondaryOfPN_01
387562256  1 1 PASS
387901176  1 1 PASS
387901176  2 0 SecondaryOfPN_01
388039429  1 0 ses2MesFail
388076005  1 1 PASS
388081074  1 0 ses2MesFail
388431706  1 0 ses2MesFail
388431706  2 0 newMesBelowThresh
388431706  3 0 AltDetFail
388431711  1 1 PASS
388431711  2 0 SecondaryOfPN_01
388436487  1 1 PASS
388436487  2 0 SecondaryOfPN_01
388436487  3 0 AltDetFail
388601177  1 0 ses2MesFail
388602832  1 1 PASS
389191008  1 1 PASS
389469408  1 0 AltDetFail
389540661  1 1 PASS
389916225  1 1 PASS
389916225  2 0 ChasesFail
389916225  3 0 AltDetFail
389916225  4 0 AltDetFail
389968719  1 1 PASS
389968719  2 0 AltDetFail
392536805  1 1 PASS
392536812  1 0 AltDetFail
392536812  2 0 AltDetFail
392536812  3 0 AltDetFail
393636596  1 1 PASS
393636596  2 0 AltDetFail
394030788  1 0 ChasesFail
394129217  1 1 PASS
396201681  1 1 PASS
396201681  2 0 ses2MesFail
396235258  1 1 PASS
396235258  2 0 SecondaryOfPN_01
396300606  1 1 PASS
398163267  1 1 PASS
398305344  1 0 ses2MesFail
399271789  1 1 PASS
399271789  2 0 AltDetFail
399271789  3 0 AltDetFail
399788405  1 0 AltDetFail
399788405  2 0 AltDetFail
400383696  1 1 PASS
400940488  1 0 ses2MesFail
400940488  2 1 PASS
401222202  1 1 PASS
401222202  2 0 SecondaryOfPN_01
401323036  1 0 AltDetFail
401323036  2 0 AltDetFail
401323036  3 0 AltDetFail
401323036  4 0 AltDetFail
403215000  1 1 PASS
403308597  1 0 AltDetFail
403308597  2 0 AltDetFail
404103665  1 0 ses2MesFail
404103665  2 0 SecondaryOfPN_01
404113676  1 1 PASS
404393507  1 0 ses2MesFail
404393507  2 0 ChasesFail
404393507  3 0 ses2MesFail
406681360  1 1 PASS
406798603  1 1 PASS
406798603  2 0 AltDetFail
406929271  1 0 ses2MesFail
407236124  1 0 AltDetFail
408636441  1 0 ses2MesFail
411043004  1 0 ChasesFail
411043004  2 0 SecondaryOfPN_01
411043004  3 0 SecondaryOfPN_01
412638697  1 1 PASS
412638697  2 0 SecondaryOfPN_01
412638697  3 0 AltDetFail
415469752  1 0 ses2MesFail
415741993  1 0 AltDetFail
415741993  2 0 AltDetFail
417585921  1 1 PASS
417703706  1 1 PASS
417705690  1 1 PASS
417734853  1 1 PASS
417734853  2 0 SecondaryOfPN_01
417734868  1 1 PASS
417735733  1 0 ses2MesFail
417765877  1 1 PASS
417765877  2 0 SecondaryOfPN_01
417765877  3 0 AltDetFail
418221292  1 1 PASS
419259563  1 0 ses2MesFail
419531467  1 1 PASS
420110967  1 1 PASS
420113351  1 0 ses2MesFail
420114772  1 1 PASS
420114772  2 0 SecondaryOfPN_01
420114776  1 1 PASS
420137341  1 1 PASS
420137341  2 0 AltDetFail
420448703  1 1 PASS
421110675  1 0 AltDetFail
421110675  2 0 AltDetFail
422516769  1 0 AltDetFail
422516769  2 0 AltDetFail
422756130  1 1 PASS
424439457  1 1 PASS
424439457  2 0 SecondaryOfPN_01
424461577  1 0 AltDetFail
424461577  2 0 AltDetFail
424723563  1 0 AltDetFail
426111509  1 0 AltDetFail
427147238  1 1 PASS
427240420  1 1 PASS
427312571  1 1 PASS
427312571  2 0 SecondaryOfPN_01
428186617  1 0 AltDetFail
428315885  1 0 ses2MesFail
428735978  1 1 PASS
428735978  2 0 ses2MesFail
428962300  1 1 PASS
428987718  1 1 PASS
428987718  2 0 SecondaryOfPN_01
428987718  3 0 AltDetFail
428988656  1 0 ses2MesFail
428988656  2 0 ChasesFail
431423983  1 1 PASS
431423983  2 0 SecondaryOfPN_01
431453401  1 1 PASS
431453401  2 0 AltDetFail
431527184  1 1 PASS
431527184  2 0 AltDetFail
431555426  1 1 PASS
431556104  1 1 PASS
431556104  2 0 AltDetFail
433699422  1 1 PASS
433699422  2 0 AltDetFail
434079115  1 0 ses2MesFail
434437489  1 0 AltDetFail
434625997  1 0 AltDetFail
434723918  1 0 ses2MesFail
434893323  1 0 AltDetFail
435160829  1 0 ChasesFail
435160829  2 0 ChasesFail
441732151  1 1 PASS
441734144  1 0 AltDetFail
441734910  1 0 ChasesFail
441734910  2 1 PASS
441739153  1 1 PASS
441739153  2 0 SecondaryOfPN_01
441794509  1 1 PASS
441794509  2 1 PASS
441794509  3 0 SecondaryOfPN_01
441804674  1 1 PASS
441804674  2 0 SecondaryOfPN_01
441804674  3 0 ses2MesFail
441804888  1 1 PASS
441807438  1 1 PASS
441808796  1 1 PASS
444584399  1 1 PASS
444801274  1 0 newMesShrink
444801274  2 0 SecondaryOfPN_01
444827931  1 1 PASS
444827931  2 0 ChasesFail
445287089  1 0 AltDetFail
445287089  2 0 AltDetFail
445879719  1 1 PASS
445879719  2 0 SecondaryOfPN_01
445882146  1 1 PASS
445882146  2 0 SecondaryOfPN_01
445914199  1 0 AltDetFail
445914199  2 0 AltDetFail
455824124  1 1 PASS
455824124  2 0 SecondaryOfPN_01
455896112  1 1 PASS
456033358  1 1 PASS
456033358  2 0 SecondaryOfPN_01
458481461  1 0 ses2MesFail
458481461  2 0 AltDetFail
458490358  1 1 PASS
458490358  2 0 SecondaryOfPN_01
458717312  1 1 PASS
459276247  1 1 PASS
459276247  2 0 SecondaryOfPN_01
459937956  1 0 AltDetFail
459937956  2 0 AltDetFail
459969957  1 0 ses2MesFail
459979709  1 0 AltDetFail
459979709  2 0 AltDetFail
459981467  1 0 AltDetFail
462587105  1 1 PASS
462587105  2 0 AltDetFail
462617334  1 0 AltDetFail
462617334  2 0 AltDetFail
467181063  1 1 PASS
467294853  1 1 PASS
467294853  2 0 AltDetFail
468293391  1 0 ChasesFail
468293391  2 0 SecondaryOfPN_01
468293391  3 0 AltDetFail
468343249  1 0 AltDetFail
468596811  1 1 PASS
468667858  1 0 ChasesFail
468741706  1 0 ses2MesFail
468743605  1 0 ses2MesFail
468753430  1 0 ses2MesFail
468753430  2 0 ses2MesFail
468753577  1 0 ses2MesFail
468754960  1 1 PASS
469857617  1 0 ChasesFail
469857617  2 0 SecondaryOfPN_01
470085533  1 1 PASS
470085533  2 0 SecondaryOfPN_01
470121167  1 1 PASS
470148958  1 0 ChasesFail
470152814  1 0 ses2MesFail
470196589  1 0 ses2MesFail
470208013  1 1 PASS
470208013  2 0 SecondaryOfPN_01
470710327  1 1 PASS
470710327  2 0 SecondaryOfPN_01
470710327  3 0 SecondaryOfPN_01
470824646  1 1 PASS
470824646  2 0 AltDetFail
470824646  3 0 newMesShrink
1000250495  1 1 PASS
1101010149  1 0 ChasesFail
1101010150  1 0 ses2MesFail
1102093577  1 0 AltDetFail
1102093577  2 0 AltDetFail
1400770435  1 1 PASS
1884524546  1 0 ChasesFail
1884524549  1 0 ChasesFail
1980393697  1 0 ses2MesFail
1981434196  1 0 ChasesFail
1981434198  1 0 ses2MesFail
2045772593  1 1 PASS
2045772593  2 0 AltDetFail
2050524843  1 0 ses2MesFail
2050524843  2 0 ses2MesFail
2050524843  3 0 AltDetFail
