 11388042  1 1 PASS
   800254  1 0 ses2MesFail
 11971318  1 1 PASS
   860526  1 0 ses2MesFail
 11748495  1 1 PASS
   927579  1 1 PASS
   927579  2 1 PASS
 12012992  1 1 PASS
 12012992  2 0 AltDetFail
   971500  1 0 AltDetFail
   971500  2 0 AltDetFail
 13349647  1 1 PASS
  1003831  1 1 PASS
 13738984  1 0 AltDetFail
 13738984  2 0 AltDetFail
  1103432  1 1 PASS
 13739185  1 1 PASS
  1111192  1 0 AltDetFail
  1111192  2 0 AltDetFail
 14297210  1 0 newMesBelowThresh
  1133072  1 1 PASS
 14307980  1 1 PASS
 14307980  2 0 AltDetFail
  1190662  1 1 PASS
  1190662  2 0 SecondaryOfPN_01
 19271382  1 1 PASS
  1202347  1 1 PASS
 19355548  1 0 ses2MesFail
  1230647  1 1 PASS
  1230647  2 0 SecondaryOfPN_01
 19438266  1 0 AltDetFail
 19438266  2 0 AltDetFail
 19438266  3 0 AltDetFail
  1232360  1 1 PASS
 21953971  1 0 ses2MesFail
  1403938  1 0 ses2MesFail
 21818238  1 0 ses2MesFail
  2020964  1 1 PASS
  2020964  2 0 ses2MesFail
 22120766  1 1 PASS
 22120766  2 0 SecondaryOfPN_01
 22120766  3 0 ses2MesFail
  2353789  1 1 PASS
 22538139  1 0 ChasesFail
 22538139  2 0 ChasesFail
  3523858  1 0 ses2MesFail
 22766740  1 0 ses2MesFail
  3582508  1 1 PASS
 24437956  1 0 newMesBelowThresh
  5092088  1 1 PASS
 24615996  1 1 PASS
  5342415  1 1 PASS
 24728783  1 0 AltDetFail
 24728783  2 0 AltDetFail
  5364915  1 1 PASS
  5364915  2 0 SecondaryOfPN_01
 24733359  1 1 PASS
  5696198  1 0 newMesShrink
 24843062  1 1 PASS
  5703872  1 0 ses2MesFail
 19976193  1 0 AltDetFail
 20090694  1 0 ses2MesFail
 24972851  1 1 PASS
 24972851  2 0 newMesShrink
 25057869  1 1 PASS
 25078924  1 0 newMesShrink
 25078924  2 0 AltDetFail
 25078924  3 0 AltDetFail
 25099565  1 0 ses2MesFail
 25116119  1 0 ses2MesFail
 25118964  1 0 ses2MesFail
 25155310  1 1 PASS
 25156751  1 1 PASS
 25164677  1 0 ses2MesFail
 25316192  1 1 PASS
 25377401  1 0 AltDetFail
 25377401  2 0 AltDetFail
 25566631  1 0 AltDetFail
 25611342  1 0 ses2MesFail
 25669623  1 1 PASS
 25670484  1 0 ChasesFail
 25671619  1 0 AltDetFail
 25712226  1 0 AltDetFail
 25776767  1 0 ChasesFail
 25780385  1 1 PASS
 25950248  1 1 PASS
 26107382  1 0 AltDetFail
 26107382  2 0 AltDetFail
 26260590  1 0 ses2MesFail
 26273760  1 0 ChasesFail
 26273760  2 0 SecondaryOfPN_01
 28646511  1 0 ses2MesFail
 29697290  1 1 PASS
 29761807  1 0 ses2MesFail
 29831208  1 1 PASS
 29986808  1 1 PASS
 30034081  1 1 PASS
 30034081  2 0 newMesShrink
 30034081  3 0 newMesShrink
 30122338  1 0 newMesShrink
 30122338  2 1 PASS
 30275662  1 1 PASS
 30310995  1 0 AltDetFail
 30310995  2 0 AltDetFail
 30312676  1 1 PASS
 30313682  1 0 ses2MesFail
 30562668  1 0 ses2MesFail
 30562668  2 0 SecondaryOfPN_01
 30828562  1 1 PASS
 31273263  1 1 PASS
 31810287  1 1 PASS
 31810287  2 0 SecondaryOfPN_01
 31810287  3 0 newMesShrink
 32150630  1 1 PASS
 32150630  2 0 SecondaryOfPN_01
 33168946  1 0 newMesShrink
 33358171  1 0 ses2MesFail
 33715938  1 0 ses2MesFail
 33715938  2 0 newMesBelowThresh
 33864387  1 0 ChasesFail
 33864821  1 1 PASS
 33864821  2 0 AltDetFail
 37435039  1 1 PASS
 37435039  2 0 newMesShrink
 37435039  3 0 AltDetFail
 37575651  1 1 PASS
 37649441  1 0 ses2MesFail
 38035614  1 1 PASS
 38125059  1 1 PASS
 38125059  2 0 ses2MesFail
 38341906  1 0 AltDetFail
 38459686  1 1 PASS
 38462492  1 1 PASS
 38516487  1 1 PASS
 38518773  1 0 ses2MesFail
 38572209  1 1 PASS
 38586438  1 1 PASS
 38601557  1 1 PASS
 38603673  1 1 PASS
 38607298  1 0 ses2MesFail
 38608928  1 1 PASS
 38609021  1 0 newMesBelowThresh
 38609673  1 0 ChasesFail
 38631826  1 0 ses2MesFail
 38634797  1 1 PASS
 38679058  1 0 ses2MesFail
 38708544  1 0 newMesShrink
 38760605  1 0 ses2MesFail
 38842861  1 0 AltDetFail
 38846515  1 1 PASS
 38941401  1 0 ChasesFail
 41233766  1 1 PASS
 45302816  1 0 ses2MesFail
 45965273  1 0 ses2MesFail
 46825715  1 0 ChasesFail
 46880946  1 0 AltDetFail
 46907042  1 0 ses2MesFail
 46908113  1 0 ChasesFail
 46908113  2 0 SecondaryOfPN_01
 47175622  1 1 PASS
 47179841  1 1 PASS
 47250213  1 0 ses2MesFail
 47290888  1 0 ses2MesFail
 51325134  1 1 PASS
 51370353  1 1 PASS
 51947865  1 1 PASS
 52027906  1 1 PASS
 53292822  1 1 PASS
 53292822  2 0 ses2MesFail
 53369126  1 0 ses2MesFail
 54957535  1 0 newMesShrink
 54957535  2 0 AltDetFail
 55252407  1 1 PASS
 55269690  1 0 ses2MesFail
 55404385  1 1 PASS
 55404385  2 0 SecondaryOfPN_01
 55408994  1 0 ChasesFail
 55497281  1 1 PASS
 55497281  2 0 ses2MesFail
 55524055  1 1 PASS
 55524055  2 0 SecondaryOfPN_01
 55559618  1 1 PASS
 55650481  1 1 PASS
 55651773  1 0 ses2MesFail
 55652785  1 0 newMesShrink
 55652785  2 0 AltDetFail
 55652896  1 0 ses2MesFail
 55659311  1 0 ses2MesFail
 55664730  1 1 PASS
 55727833  1 1 PASS
 55727842  1 1 PASS
 55756813  1 0 ChasesFail
 55848818  1 1 PASS
 55848940  1 1 PASS
 56332484  1 0 ses2MesFail
 56332484  2 0 AltDetFail
 56332484  3 0 AltDetFail
 56630835  1 0 AltDetFail
 56630835  2 0 AltDetFail
 56630835  3 0 AltDetFail
 60248685  1 1 PASS
 60618116  1 0 ses2MesFail
 60655023  1 0 ses2MesFail
 60655023  2 0 AltDetFail
 60655023  3 0 AltDetFail
 60658382  1 0 ses2MesFail
 60658382  2 0 ses2MesFail
 60658382  3 1 PASS
 60952629  1 0 ChasesFail
 60954103  1 0 AltDetFail
 60979860  1 1 PASS
 61003803  1 0 ses2MesFail
 61003803  2 0 AltDetFail
 62455702  1 0 ses2MesFail
 62455702  2 0 ses2MesFail
 62455702  3 0 AltDetFail
 62455702  4 0 AltDetFail
 62531056  1 0 ses2MesFail
 62573638  1 1 PASS
 62573638  2 0 SecondaryOfPN_01
 62760355  1 0 newMesShrink
 62761513  1 1 PASS
 70443179  1 0 ses2MesFail
 70563385  1 0 ChasesFail
 74528318  1 1 PASS
 74528318  2 0 SecondaryOfPN_01
 74528318  3 0 AltDetFail
 74528791  1 1 PASS
 74528791  2 0 SecondaryOfPN_01
 74627376  1 0 ses2MesFail
 75818403  1 0 AltDetFail
 77559261  1 0 ses2MesFail
 77559835  1 0 ses2MesFail
 77561499  1 0 ses2MesFail
 77562353  1 0 ses2MesFail
 78151317  1 1 PASS
 78151317  2 0 AltDetFail
 78151317  3 0 AltDetFail
 78151317  4 0 AltDetFail
 78154768  1 1 PASS
 78154865  1 1 PASS
 78195541  1 0 ses2MesFail
 78234015  1 0 ChasesFail
 78234015  2 0 ses2MesFail
 78234015  3 0 ChasesFail
 78234015  4 0 newMesBelowThresh
 78234374  1 0 AltDetFail
 78234374  2 0 AltDetFail
 78234838  1 0 ses2MesFail
 78234838  2 0 AltDetFail
 80025900  1 0 newMesShrink
 80025900  2 0 newMesShrink
 80127138  1 0 ses2MesFail
 80650858  1 0 ses2MesFail
 80650858  2 0 ses2MesFail
 80650858  3 0 AltDetFail
 80659292  1 1 PASS
 81299161  1 0 AltDetFail
 81609273  1 1 PASS
 81609273  2 0 ses2MesFail
 82128636  1 1 PASS
 82362447  1 1 PASS
 83092282  1 1 PASS
 89463560  1 1 PASS
 89463560  2 0 AltDetFail
 89614511  1 1 PASS
 89614511  2 0 SecondaryOfPN_01
 89787749  1 0 AltDetFail
 89787778  1 0 ses2MesFail
 89787778  2 0 SecondaryOfPN_01
 90296786  1 0 ChasesFail
 92743594  1 0 newMesShrink
 92743594  2 0 SecondaryOfPN_01
 95749878  1 0 ses2MesFail
 95864716  1 1 PASS
 95867802  1 0 ses2MesFail
 95929193  1 1 PASS
 96104473  1 1 PASS
 96106862  1 1 PASS
 96106862  2 0 SecondaryOfPN_01
 96144822  1 1 PASS
101011575  1 1 PASS
101395259  1 1 PASS
114827043  1 0 ses2MesFail
114827044  1 0 ses2MesFail
114927486  1 1 PASS
114928475  1 0 ses2MesFail
114931769  1 1 PASS
118203927  1 1 PASS
118313102  1 1 PASS
118313102  2 0 newMesShrink
118316147  1 1 PASS
118541883  1 1 PASS
118687860  1 0 ses2MesFail
119058688  1 1 PASS
122330743  1 1 PASS
122330743  2 0 AltDetFail
123029030  1 0 ses2MesFail
123153249  1 0 ses2MesFail
123222370  1 1 PASS
123222370  2 0 SecondaryOfPN_01
123382400  1 0 ses2MesFail
123382400  2 0 ses2MesFail
123478066  1 0 ses2MesFail
123480394  1 1 PASS
123480394  2 0 AltDetFail
123482865  1 1 PASS
126733133  1 1 PASS
129268651  1 1 PASS
129268651  2 0 ses2MesFail
130375073  1 0 ses2MesFail
130572634  1 1 PASS
130876312  1 1 PASS
130876312  2 0 SecondaryOfPN_01
132445617  1 1 PASS
132445617  2 0 AltDetFail
132448273  1 1 PASS
132764448  1 1 PASS
133105082  1 0 AltDetFail
133105082  2 0 AltDetFail
133334108  1 1 PASS
133424539  1 0 ses2MesFail
134200185  1 1 PASS
134226668  1 1 PASS
134226668  2 0 AltDetFail
134468398  1 0 AltDetFail
134468398  2 0 AltDetFail
134468398  3 0 AltDetFail
134468398  4 0 AltDetFail
134468398  5 0 AltDetFail
139748464  1 1 PASS
139748464  2 0 AltDetFail
139749611  1 1 PASS
140084919  1 1 PASS
140084919  2 0 AltDetFail
140084919  3 0 AltDetFail
140084919  4 0 AltDetFail
140084919  5 0 AltDetFail
140295051  1 1 PASS
140659978  1 1 PASS
140659978  2 0 SecondaryOfPN_01
140659978  3 0 ChasesFail
140659980  1 1 PASS
140659980  2 0 SecondaryOfPN_01
140659980  3 0 ses2MesFail
140692247  1 1 PASS
140968543  1 0 ses2MesFail
141097027  1 1 PASS
141136189  1 1 PASS
141227331  1 0 ses2MesFail
141268467  1 1 PASS
141268467  2 0 newMesBelowThresh
141333573  1 0 newMesShrink
141334293  1 0 ses2MesFail
141606986  1 0 ses2MesFail
141606986  2 0 ses2MesFail
141608198  1 1 PASS
141622065  1 0 AltDetFail
141685465  1 0 ChasesFail
141685465  2 0 SecondaryOfPN_01
141686804  1 0 ses2MesFail
141708335  1 1 PASS
141769356  1 0 ChasesFail
141770299  1 0 ses2MesFail
141806292  1 1 PASS
141807839  1 0 ChasesFail
141807839  2 0 ChasesFail
141809359  1 0 ses2MesFail
141809359  2 0 ses2MesFail
141865875  1 0 AltDetFail
141914082  1 0 ses2MesFail
141914082  2 0 ses2MesFail
141914082  3 1 PASS
142148228  1 1 PASS
142742998  1 1 PASS
142742998  2 0 newMesBelowThresh
143268184  1 0 ses2MesFail
143400356  1 0 ChasesFail
143401873  1 1 PASS
143490629  1 1 PASS
143526444  1 1 PASS
143848624  1 1 PASS
144804862  1 1 PASS
144804862  2 0 AltDetFail
145116411  1 1 PASS
145586291  1 1 PASS
145586291  2 0 SecondaryOfPN_01
145762697  1 0 ses2MesFail
146039664  1 1 PASS
146039664  2 0 SecondaryOfPN_01
146463781  1 1 PASS
146601318  1 0 AltDetFail
146601322  1 1 PASS
146601322  2 0 AltDetFail
147102369  1 1 PASS
148746911  1 1 PASS
148920245  1 0 ses2MesFail
149059954  1 1 PASS
149059954  2 0 AltDetFail
149083482  1 0 ses2MesFail
149200303  1 0 ses2MesFail
149219496  1 1 PASS
149248196  1 0 ses2MesFail
149319411  1 0 ses2MesFail
149473467  1 0 ses2MesFail
149473467  2 0 ses2MesFail
149473467  3 0 AltDetFail
149573659  1 1 PASS
149573659  2 0 SecondaryOfPN_01
149603524  1 1 PASS
149843171  1 0 ChasesFail
150098860  1 1 PASS
150101472  1 1 PASS
150101472  2 0 SecondaryOfPN_01
150166721  1 0 ChasesFail
150166721  2 0 AltDetFail
150187916  1 1 PASS
150187916  2 0 SecondaryOfPN_01
150282779  1 1 PASS
150284425  1 1 PASS
150284425  2 0 SecondaryOfPN_01
150320456  1 1 PASS
150320620  1 1 PASS
150357290  1 1 PASS
150358991  1 1 PASS
150390189  1 1 PASS
150416129  1 0 ses2MesFail
150440755  1 0 AltDetFail
150442264  1 0 ses2MesFail
150442264  2 0 SecondaryOfPN_01
150956655  1 1 PASS
152953620  1 0 ChasesFail
153116065  1 1 PASS
155654271  1 1 PASS
155813907  1 1 PASS
155884449  1 1 PASS
155884449  2 0 AltDetFail
155884454  1 1 PASS
155884454  2 0 AltDetFail
156258291  1 0 AltDetFail
156258291  2 0 AltDetFail
156325724  1 0 ChasesFail
167007869  1 1 PASS
167009292  1 1 PASS
167123437  1 1 PASS
167123437  2 0 AltDetFail
167123841  1 0 AltDetFail
167123841  2 0 AltDetFail
167303776  1 0 ses2MesFail
167303776  2 1 PASS
167303776  3 1 PASS
167344043  1 0 ses2MesFail
167526485  1 1 PASS
167551757  1 0 ChasesFail
167554898  1 1 PASS
167602738  1 1 PASS
167602738  2 0 AltDetFail
167656297  1 1 PASS
167692429  1 1 PASS
167692429  2 0 ChasesFail
167719618  1 1 PASS
170368064  1 0 ses2MesFail
173077938  1 1 PASS
173532792  1 0 AltDetFail
173756330  1 1 PASS
173756896  1 1 PASS
173756896  2 0 SecondaryOfPN_01
174603437  1 1 PASS
175182754  1 1 PASS
175182754  2 0 SecondaryOfPN_01
175303052  1 0 AltDetFail
175305230  1 0 ses2MesFail
175604551  1 1 PASS
176774858  1 1 PASS
176863340  1 1 PASS
176863340  2 0 AltDetFail
176863340  3 0 AltDetFail
176984236  1 1 PASS
177077475  1 0 ses2MesFail
177078973  1 0 ses2MesFail
177078973  2 0 ses2MesFail
177175199  1 1 PASS
177255827  1 0 ChasesFail
177309964  1 1 PASS
178781440  1 0 ses2MesFail
179304342  1 1 PASS
179304342  2 0 AltDetFail
179582003  1 0 ses2MesFail
179637387  1 0 AltDetFail
180730928  1 0 ses2MesFail
180977815  1 1 PASS
181273463  1 0 ses2MesFail
181463644  1 1 PASS
181463644  2 1 PASS
181463644  3 0 AltDetFail
181739452  1 0 ses2MesFail
181739452  2 1 PASS
182170088  1 1 PASS
182228356  1 1 PASS
182228356  2 1 PASS
182660800  1 0 ChasesFail
182776916  1 0 AltDetFail
183202332  1 0 ChasesFail
183301312  1 1 PASS
183469904  1 0 ses2MesFail
183513288  1 0 ses2MesFail
184176428  1 0 AltDetFail
184727478  1 1 PASS
185013064  1 0 ses2MesFail
185164365  1 0 ses2MesFail
185805011  1 0 newMesShrink
185980914  1 1 PASS
186223489  1 1 PASS
186223489  2 0 AltDetFail
186544053  1 1 PASS
186544053  2 0 SecondaryOfPN_01
186779497  1 0 ChasesFail
186779602  1 0 AltDetFail
186779602  2 0 AltDetFail
189062660  1 0 AltDetFail
189345006  1 0 AltDetFail
189345006  2 0 AltDetFail
189443737  1 1 PASS
189476500  1 0 ses2MesFail
189479916  1 1 PASS
189565461  1 1 PASS
189617334  1 1 PASS
189617334  2 0 AltDetFail
189639080  1 1 PASS
190650849  1 0 ChasesFail
191672086  1 1 PASS
191746706  1 0 ses2MesFail
191926695  1 1 PASS
191951868  1 1 PASS
192087959  1 1 PASS
192087959  2 0 AltDetFail
192087959  3 0 AltDetFail
197886395  1 0 ses2MesFail
197889083  1 0 ses2MesFail
197905635  1 0 ses2MesFail
198076334  1 0 AltDetFail
219176544  1 0 ses2MesFail
219201178  1 1 PASS
219201178  2 0 SecondaryOfPN_01
220401810  1 0 AltDetFail
220454583  1 1 PASS
220473309  1 0 ses2MesFail
220474209  1 1 PASS
220474209  2 0 AltDetFail
229864787  1 1 PASS
229864787  2 0 AltDetFail
231099372  1 0 ses2MesFail
231603318  1 1 PASS
231603318  2 0 AltDetFail
237922090  1 0 ses2MesFail
237926752  1 1 PASS
237944385  1 1 PASS
237977960  1 1 PASS
238069161  1 1 PASS
238123653  1 1 PASS
238123653  2 0 AltDetFail
238162237  1 1 PASS
238162238  1 1 PASS
238337224  1 1 PASS
238622063  1 1 PASS
238759583  1 0 newMesShrink
255548311  1 1 PASS
255548311  2 0 SecondaryOfPN_01
255565860  1 1 PASS
255565860  2 0 SecondaryOfPN_01
255571411  1 0 ses2MesFail
255682622  1 1 PASS
255682622  2 0 AltDetFail
255700967  1 1 PASS
255704443  1 0 ses2MesFail
255744818  1 1 PASS
255744818  2 0 SecondaryOfPN_01
260002828  1 0 ses2MesFail
260043723  1 1 PASS
260075733  1 1 PASS
260076744  1 1 PASS
260124760  1 1 PASS
260124760  2 0 SecondaryOfPN_01
260124760  3 0 AltDetFail
260160482  1 0 AltDetFail
260161144  1 0 ses2MesFail
260162199  1 0 AltDetFail
260162387  1 0 ses2MesFail
260162387  2 1 PASS
260268898  1 0 ses2MesFail
260271203  1 1 PASS
260297253  1 1 PASS
260304277  1 1 PASS
260304296  1 0 newMesShrink
260352096  1 1 PASS
260353507  1 1 PASS
260353507  2 0 AltDetFail
260476635  1 1 PASS
260502102  1 1 PASS
260502102  2 0 SecondaryOfPN_01
260504147  1 1 PASS
260609205  1 1 PASS
260654645  1 0 ses2MesFail
260657291  1 1 PASS
260709448  1 0 ChasesFail
260972843  1 0 ses2MesFail
261105201  1 0 ses2MesFail
261105201  2 0 SecondaryOfPN_01
261105201  3 1 PASS
261136679  1 1 PASS
261259291  1 0 ses2MesFail
261332760  1 0 ses2MesFail
262565631  1 0 ChasesFail
262605041  1 0 ChasesFail
264766922  1 0 ses2MesFail
264766922  2 0 AltDetFail
264767454  1 1 PASS
264874339  1 1 PASS
265280531  1 0 newMesShrink
265302413  1 1 PASS
265305008  1 0 ses2MesFail
265353588  1 0 ChasesFail
265353588  2 0 SecondaryOfPN_01
265440688  1 1 PASS
265531563  1 0 ses2MesFail
269794268  1 1 PASS
269794986  1 1 PASS
269855929  1 0 ses2MesFail
270414457  1 0 ChasesFail
270458066  1 0 ChasesFail
270468559  1 1 PASS
270470901  1 0 ses2MesFail
270580527  1 0 ses2MesFail
270648838  1 0 ses2MesFail
270648838  2 0 SecondaryOfPN_01
270648838  3 0 newMesShrink
270694353  1 1 PASS
270710395  1 1 PASS
271058763  1 1 PASS
271058763  2 0 AltDetFail
271575428  1 1 PASS
271575759  1 1 PASS
271596290  1 1 PASS
271864083  1 1 PASS
271891993  1 1 PASS
271892405  1 1 PASS
271924412  1 0 newMesShrink
271972728  1 0 ses2MesFail
272086159  1 1 PASS
272357134  1 1 PASS
272357134  2 0 SecondaryOfPN_01
275250721  1 0 newMesBelowThresh
275254541  1 0 ses2MesFail
275254541  2 0 AltDetFail
275293184  1 0 ses2MesFail
275308178  1 0 ses2MesFail
275358672  1 0 ses2MesFail
276936320  1 1 PASS
277022838  1 0 AltDetFail
277102246  1 0 ses2MesFail
277108449  1 1 PASS
277298771  1 0 ses2MesFail
277712294  1 0 ChasesFail
277712294  2 0 SecondaryOfPN_01
277713070  1 0 ses2MesFail
277777556  1 0 ses2MesFail
278683641  1 1 PASS
278683641  2 0 SecondaryOfPN_01
278683844  1 1 PASS
278684936  1 1 PASS
278731274  1 1 PASS
278861826  1 1 PASS
278863150  1 1 PASS
278863150  2 0 AltDetFail
278866211  1 1 PASS
278956474  1 1 PASS
278956474  2 1 PASS
278956474  3 0 AltDetFail
278988794  1 1 PASS
278988794  2 0 SecondaryOfPN_01
279087522  1 0 ses2MesFail
279087522  2 0 AltDetFail
279156705  1 0 ses2MesFail
279156705  2 0 AltDetFail
279245231  1 0 ChasesFail
279251651  1 1 PASS
279569707  1 0 ses2MesFail
279569707  2 0 SecondaryOfPN_01
279569718  1 1 PASS
279572957  1 0 ses2MesFail
279572957  2 0 ses2MesFail
279614617  1 0 ses2MesFail
280799052  1 0 ses2MesFail
281496164  1 1 PASS
281582156  1 0 ses2MesFail
281636721  1 1 PASS
281636721  2 0 AltDetFail
283308831  1 1 PASS
283308831  2 0 SecondaryOfPN_01
283698250  1 1 PASS
283698250  2 0 SecondaryOfPN_01
284196481  1 1 PASS
284196481  2 0 AltDetFail
284417030  1 0 ChasesFail
286132427  1 1 PASS
287326187  1 1 PASS
287328866  1 1 PASS
289535142  1 1 PASS
289596375  1 1 PASS
289596375  2 0 SecondaryOfPN_01
289597948  1 0 ChasesFail
289597948  2 0 SecondaryOfPN_01
289670788  1 1 PASS
289670788  2 0 AltDetFail
289706625  1 0 ses2MesFail
290474133  1 0 ChasesFail
290476605  1 1 PASS
290476605  2 0 SecondaryOfPN_01
290553338  1 0 ses2MesFail
290589087  1 0 ses2MesFail
290644093  1 0 ses2MesFail
291466214  1 0 ses2MesFail
291466214  2 0 newMesShrink
293271581  1 0 AltDetFail
293271581  2 0 AltDetFail
293345927  1 0 AltDetFail
293345927  2 0 AltDetFail
293345927  3 0 AltDetFail
293548174  1 1 PASS
293602831  1 0 ChasesFail
293605011  1 0 AltDetFail
293605127  1 0 AltDetFail
293605127  2 0 AltDetFail
293605127  3 0 AltDetFail
293605127  4 0 AltDetFail
293843868  1 0 ses2MesFail
293844307  1 1 PASS
293844315  1 1 PASS
293975288  1 1 PASS
293975288  2 0 newMesShrink
294092960  1 1 PASS
294092960  2 0 SecondaryOfPN_01
294092966  1 1 PASS
294092966  2 0 SecondaryOfPN_01
294092966  3 0 AltDetFail
294092966  4 0 AltDetFail
294157702  1 0 ChasesFail
294397391  1 1 PASS
294667851  1 0 ses2MesFail
294750180  1 0 ses2MesFail
294754396  1 0 ses2MesFail
296656083  1 0 ses2MesFail
296739893  1 1 PASS
296780789  1 1 PASS
300013489  1 1 PASS
300033585  1 0 AltDetFail
300033585  2 0 AltDetFail
300037819  1 0 ses2MesFail
300042974  1 0 ChasesFail
300136240  1 0 ses2MesFail
300243981  1 0 newMesBelowThresh
300293197  1 1 PASS
300326496  1 0 ses2MesFail
300509728  1 0 ses2MesFail
300560295  1 0 newMesBelowThresh
300739589  1 1 PASS
300866996  1 1 PASS
300871545  1 1 PASS
300871545  2 0 SecondaryOfPN_01
300971133  1 0 AltDetFail
300971133  2 0 AltDetFail
302965929  1 0 ses2MesFail
305536347  1 1 PASS
305536347  2 0 AltDetFail
305536347  3 0 AltDetFail
305536358  1 1 PASS
305536358  2 0 AltDetFail
306580215  1 1 PASS
306779230  1 1 PASS
306931401  1 0 ses2MesFail
307210830  1 1 PASS
307210830  2 1 PASS
307488184  1 0 ChasesFail
308307606  1 1 PASS
308307606  2 0 SecondaryOfPN_01
308451526  1 1 PASS
308542258  1 0 ses2MesFail
308542808  1 0 ses2MesFail
308582697  1 0 ses2MesFail
308614133  1 0 ses2MesFail
308665921  1 0 ChasesFail
308744455  1 0 AltDetFail
308744455  2 0 AltDetFail
308744455  3 0 AltDetFail
308851582  1 1 PASS
308851582  2 0 SecondaryOfPN_01
308852608  1 0 AltDetFail
308852608  2 0 AltDetFail
308991822  1 0 ses2MesFail
308991822  2 0 ses2MesFail
309252516  1 1 PASS
309617141  1 0 ses2MesFail
309658221  1 1 PASS
309791156  1 0 ses2MesFail
310136441  1 0 ses2MesFail
310198518  1 0 ses2MesFail
311926636  1 1 PASS
312068854  1 0 ses2MesFail
312091868  1 0 ses2MesFail
312111256  1 1 PASS
312111256  2 0 SecondaryOfPN_01
312111256  3 0 AltDetFail
314916505  1 0 ChasesFail
315002523  1 1 PASS
315095307  1 0 ses2MesFail
315120782  1 1 PASS
315120782  2 0 AltDetFail
319289826  1 1 PASS
319467578  1 1 PASS
319611434  1 0 ses2MesFail
323494982  1 0 ses2MesFail
323569120  1 1 PASS
323598445  1 0 ses2MesFail
323688555  1 1 PASS
323688555  2 0 ChasesFail
323793047  1 0 ses2MesFail
339633702  1 0 AltDetFail
339633702  2 0 AltDetFail
339886253  1 1 PASS
339890862  1 1 PASS
339890862  2 0 AltDetFail
339960875  1 0 ses2MesFail
340219000  1 0 ses2MesFail
340356526  1 0 AltDetFail
340356526  2 0 AltDetFail
340632776  1 0 AltDetFail
340632776  2 0 AltDetFail
340633943  1 0 AltDetFail
341111486  1 1 PASS
341550561  1 0 AltDetFail
342888849  1 0 ses2MesFail
342888854  1 0 ses2MesFail
343963409  1 1 PASS
343963409  2 0 SecondaryOfPN_01
344029653  1 1 PASS
344843756  1 0 ChasesFail
344926234  1 1 PASS
344952754  1 0 ses2MesFail
344999162  1 0 ses2MesFail
345036540  1 0 AltDetFail
347414552  1 1 PASS
347448707  1 1 PASS
347506869  1 0 ses2MesFail
348680748  1 1 PASS
348755723  1 1 PASS
348759510  1 1 PASS
348759511  1 1 PASS
348897766  1 0 AltDetFail
348905020  1 0 ses2MesFail
348905378  1 1 PASS
349152140  1 0 ses2MesFail
349154435  1 1 PASS
349154435  2 0 SecondaryOfPN_01
349156098  1 1 PASS
349270369  1 0 AltDetFail
349308842  1 1 PASS
349308842  2 0 SecondaryOfPN_01
349310205  1 1 PASS
349310205  2 0 AltDetFail
349480507  1 0 ses2MesFail
349484636  1 0 AltDetFail
349518145  1 1 PASS
349518800  1 1 PASS
349642881  1 1 PASS
349642881  2 0 SecondaryOfPN_01
349644606  1 1 PASS
349790953  1 1 PASS
349832824  1 0 ses2MesFail
349832824  2 0 AltDetFail
349970685  1 1 PASS
349970685  2 0 SecondaryOfPN_01
350030939  1 0 AltDetFail
350030939  2 0 AltDetFail
350094542  1 1 PASS
350094542  2 0 AltDetFail
350344162  1 1 PASS
350431335  1 1 PASS
350434130  1 0 ChasesFail
350443417  1 0 ses2MesFail
350443417  2 0 AltDetFail
350443417  3 0 AltDetFail
350445771  1 1 PASS
350478924  1 0 ses2MesFail
350478924  2 0 AltDetFail
350479101  1 1 PASS
350480660  1 1 PASS
350480660  2 0 SecondaryOfPN_01
350518984  1 0 ses2MesFail
350622185  1 0 AltDetFail
350712873  1 0 ses2MesFail
350743714  1 1 PASS
355357949  1 1 PASS
355357949  2 0 SecondaryOfPN_01
355452784  1 0 ses2MesFail
355462802  1 0 AltDetFail
355462802  2 0 AltDetFail
356069146  1 1 PASS
356372729  1 1 PASS
358176584  1 1 PASS
358465355  1 1 PASS
358465355  2 0 AltDetFail
363963079  1 1 PASS
363963079  2 0 AltDetFail
364051259  1 0 ses2MesFail
364302118  1 0 newMesShrink
364423372  1 0 ses2MesFail
364588501  1 0 ses2MesFail
370040606  1 0 ses2MesFail
370101492  1 1 PASS
370101492  2 0 SecondaryOfPN_01
370236000  1 1 PASS
372910855  1 1 PASS
372913233  1 0 ses2MesFail
373431012  1 0 ses2MesFail
373431012  2 0 ses2MesFail
373432787  1 0 ChasesFail
373844472  1 1 PASS
373846934  1 1 PASS
374858999  1 0 ses2MesFail
375034557  1 0 ses2MesFail
376985426  1 0 AltDetFail
376985426  2 0 AltDetFail
377064495  1 1 PASS
377064495  2 1 PASS
377064495  3 0 AltDetFail
380437503  1 0 ses2MesFail
380501352  1 0 ses2MesFail
381949410  1 0 ses2MesFail
381950094  1 0 ses2MesFail
381979279  1 0 ses2MesFail
382509588  1 0 AltDetFail
382517745  1 1 PASS
382528174  1 0 AltDetFail
382529132  1 1 PASS
382529583  1 0 AltDetFail
382575967  1 1 PASS
382577618  1 1 PASS
382624902  1 0 newMesShrink
382631664  1 0 AltDetFail
382631678  1 1 PASS
382631678  2 0 AltDetFail
383134735  1 1 PASS
383186200  1 0 ChasesFail
384031569  1 1 PASS
384031569  2 0 newMesBelowThresh
386262459  1 1 PASS
386262459  2 0 SecondaryOfPN_01
386431674  1 1 PASS
386431674  2 0 SecondaryOfPN_01
386435344  1 1 PASS
386437695  1 0 newMesShrink
389922504  1 1 PASS
389922504  2 0 AltDetFail
391949880  1 1 PASS
393344055  1 0 AltDetFail
398221405  1 1 PASS
398221405  2 0 SecondaryOfPN_01
400525177  1 0 ChasesFail
400598180  1 1 PASS
401025730  1 1 PASS
401309413  1 1 PASS
404797151  1 0 AltDetFail
404804908  1 1 PASS
404927661  1 0 ChasesFail
404927661  2 0 ses2MesFail
405391996  1 1 PASS
405391996  2 0 AltDetFail
405391996  3 0 AltDetFail
405423901  1 0 ses2MesFail
405454160  1 0 ses2MesFail
407661994  1 0 ses2MesFail
408310006  1 1 PASS
408351795  1 0 ses2MesFail
408351795  2 0 newMesShrink
408351887  1 1 PASS
408351887  2 0 AltDetFail
409900613  1 0 ChasesFail
409942986  1 0 ses2MesFail
409942986  2 0 AltDetFail
409973553  1 0 ses2MesFail
409973553  2 0 ses2MesFail
410094645  1 1 PASS
410160721  1 0 ses2MesFail
410245402  1 1 PASS
410245402  2 0 newMesShrink
410487677  1 0 AltDetFail
410487677  2 0 AltDetFail
410898932  1 0 ses2MesFail
412899511  1 0 ChasesFail
413024324  1 1 PASS
413162396  1 1 PASS
413248763  1 1 PASS
415345299  1 1 PASS
415434817  1 0 ses2MesFail
415434817  2 0 AltDetFail
415528958  1 0 newMesShrink
415528958  2 0 SecondaryOfPN_01
415528958  3 0 newMesBelowThresh
419238806  1 0 AltDetFail
422204382  1 1 PASS
422204382  2 0 AltDetFail
423273082  1 0 newMesBelowThresh
423275733  1 1 PASS
423279462  1 0 ses2MesFail
423279462  2 0 newMesBelowThresh
423279462  3 0 newMesBelowThresh
423363853  1 1 PASS
430415842  1 1 PASS
430415842  2 0 SecondaryOfPN_01
430415842  3 0 AltDetFail
432008938  1 1 PASS
432008938  2 0 ses2MesFail
437121164  1 0 ChasesFail
437212966  1 1 PASS
437212966  2 0 SecondaryOfPN_01
447965126  1 1 PASS
447965126  2 0 SecondaryOfPN_01
453033476  1 0 ChasesFail
453059861  1 0 newMesShrink
455271809  1 1 PASS
455278250  1 1 PASS
455280805  1 0 ses2MesFail
455304957  1 0 ChasesFail
461743668  1 1 PASS
469349846  1 0 ses2MesFail
471013582  1 0 ChasesFail
471013677  1 0 AltDetFail
471014089  1 0 newMesBelowThresh
471014089  2 0 ses2MesFail
471015180  1 0 ses2MesFail
