6.736445605813669317e+03
6.644265309213654291e+03
6.550461134506773305e+03
6.455089232976595667e+03
6.358210938315233761e+03
6.259892695136624752e+03
6.160205953791990396e+03
6.059227030912725240e+03
5.957036935470066055e+03
5.853721160527356005e+03
5.749369441263739645e+03
5.644075480260866243e+03
5.537936641459647035e+03
5.431053614604493305e+03
5.323530052389998673e+03
5.215472182901645283e+03
5.106988400290141726e+03
4.998188836931078185e+03
4.889184920590869297e+03
4.780088920340667755e+03
4.671013485126954038e+03
4.562071179017244503e+03
4.453374017189205915e+03
4.345033006720293997e+03
4.237157696163147193e+03
4.129855737760961347e+03
4.023232465969930672e+03
3.917390495716806072e+03
3.812429343533936844e+03
3.708445074388197099e+03
3.605529976660816828e+03
3.503772267349978392e+03
3.403255829164911120e+03
3.304059980767053275e+03
3.206259280998528993e+03
3.109923367528147537e+03
3.021494999999999891e+03
2.940305000000000291e+03
2.859215000000000146e+03
2.778359999999999673e+03
2.697889999999999873e+03
2.617679999999999836e+03
2.537659999999999854e+03
2.458204999999999927e+03
2.379605000000000018e+03
2.301724999999999909e+03
2.224779999999999745e+03
2.149150000000000091e+03
2.074889999999999873e+03
2.002039999999999964e+03
1.930829999999999927e+03
1.876454999999999927e+03
1.840144999999999982e+03
1.802704999999999927e+03
1.759065000000000055e+03
1.705440000000000055e+03
1.628549999999999955e+03
1.541650000000000091e+03
1.470289999999999964e+03
1.411829999999999927e+03
1.357575000000000045e+03
1.304809999999999945e+03
1.253764999999999873e+03
1.209244999999999891e+03
1.169474999999999909e+03
1.128700000000000045e+03
1.088724999999999909e+03
1.051244999999999891e+03
1.016004999999999995e+03
9.821549999999999727e+02
9.498849999999999909e+02
9.193450000000000273e+02
8.906100000000000136e+02
8.637250000000000227e+02
8.386399999999999864e+02
8.151250000000000000e+02
7.930499999999999545e+02
7.724300000000000637e+02
7.532699999999999818e+02
7.354249999999999545e+02
7.187699999999999818e+02
7.032899999999999636e+02
6.888199999999999363e+02
6.751499999999999773e+02
6.621800000000000637e+02
6.498899999999999864e+02
6.384049999999999727e+02
6.277999999999999545e+02
6.180350000000000819e+02
6.091000000000000227e+02
6.008199999999999363e+02
5.927349999999999000e+02
5.845850000000000364e+02
5.766000000000000227e+02
5.694249999999999545e+02
5.632450000000000045e+02
5.577999999999999545e+02
5.529400000000000546e+02
5.482999999999999545e+02
5.437699999999999818e+02
5.394700000000000273e+02
5.354049999999999727e+02
5.315599999999999454e+02
5.277899999999999636e+02
5.237849999999999682e+02
5.194500000000000455e+02
5.148199999999999363e+02
5.097999999999999545e+02
5.044800000000000182e+02
4.993299999999999841e+02
4.946299999999999955e+02
4.902150000000000318e+02
4.859700000000000273e+02
4.818849999999999909e+02
4.779449999999999932e+02
4.741399999999999864e+02
4.704549999999999841e+02
4.668799999999999955e+02
4.634250000000000114e+02
4.601000000000000227e+02
4.569100000000000250e+02
4.538650000000000091e+02
4.509900000000000091e+02
4.483100000000000023e+02
4.458550000000000182e+02
4.436899999999999977e+02
