6.782123091290344746e+03
6.690768120336994798e+03
6.597762498090313784e+03
6.503159770923232827e+03
6.407018695029957598e+03
6.309403181600509924e+03
6.210382208672739580e+03
6.110029698911240303e+03
6.008424362914211088e+03
5.905649508025921023e+03
5.801792813028790988e+03
5.696946069498687393e+03
5.591204891023045093e+03
5.484668391896248977e+03
5.377438837312737633e+03
5.269621267467260623e+03
5.161323098336029943e+03
5.052653702244254418e+03
4.943723971617901043e+03
4.834645869563836641e+03
4.725531971117498870e+03
4.616494999136409206e+03
4.507647358898079801e+03
4.399100675480332029e+03
4.290965337960255965e+03
4.183350054366038421e+03
4.076361421155883363e+03
3.970103510783978436e+03
3.864677480649634163e+03
3.760181206418239526e+03
3.656708942358154673e+03
3.554351010963478984e+03
3.453193523736477800e+03
3.353318134593343984e+03
3.254801826940763021e+03
3.157716735056294510e+03
3.062130000000000109e+03
2.980860000000000127e+03
2.899750000000000000e+03
2.818679999999999836e+03
2.738039999999999964e+03
2.657739999999999782e+03
2.577619999999999891e+03
2.497699999999999818e+03
2.418710000000000036e+03
2.340500000000000000e+03
2.262949999999999818e+03
2.186610000000000127e+03
2.111690000000000055e+03
2.038089999999999918e+03
1.965990000000000009e+03
1.895670000000000073e+03
1.857240000000000009e+03
1.823049999999999955e+03
1.782359999999999900e+03
1.735769999999999982e+03
1.675109999999999900e+03
1.581990000000000009e+03
1.501309999999999945e+03
1.439269999999999982e+03
1.384390000000000100e+03
1.330759999999999991e+03
1.278859999999999900e+03
1.228670000000000073e+03
1.189819999999999936e+03
1.149130000000000109e+03
1.108269999999999982e+03
1.069180000000000064e+03
1.033309999999999945e+03
9.987000000000000455e+02
9.656100000000000136e+02
9.341599999999999682e+02
9.045299999999999727e+02
8.766900000000000546e+02
8.507599999999999909e+02
8.265199999999999818e+02
8.037300000000000182e+02
7.823700000000000045e+02
7.624900000000000091e+02
7.440499999999999545e+02
7.267999999999999545e+02
7.107400000000000091e+02
6.958400000000000318e+02
6.817999999999999545e+02
6.685000000000000000e+02
6.558600000000000136e+02
6.439199999999999591e+02
6.328899999999999864e+02
6.227100000000000364e+02
6.133600000000000136e+02
6.048400000000000318e+02
5.967999999999999545e+02
5.886699999999999591e+02
5.805000000000000000e+02
5.727000000000000455e+02
5.661499999999999773e+02
5.603400000000000318e+02
5.552599999999999909e+02
5.506200000000000045e+02
5.459800000000000182e+02
5.415599999999999454e+02
5.373799999999999955e+02
5.334299999999999500e+02
5.296900000000000546e+02
5.258899999999999864e+02
5.216799999999999500e+02
5.172200000000000273e+02
5.124199999999999591e+02
5.071800000000000068e+02
5.017799999999999727e+02
4.968799999999999955e+02
4.923799999999999955e+02
4.880500000000000114e+02
4.838899999999999864e+02
4.798799999999999955e+02
4.760099999999999909e+02
4.722699999999999818e+02
4.686399999999999864e+02
4.651200000000000045e+02
4.617300000000000182e+02
4.584700000000000273e+02
4.553500000000000227e+02
4.523799999999999955e+02
4.496000000000000227e+02
4.470199999999999818e+02
4.446899999999999977e+02
4.426899999999999977e+02
